601,'CPHoliday1',817,,16101,46,0,19 20,1,42,,16102,46,0,19 20,1,81,,16103,46,0,19 20,1,85,,16104,46,0,19 20,1,82,,16105,46,0,19 20,1,45,,16106,46,0,19 20,1,86,,16107,46,0,19 20,1,86,,16108,46,0,19 20,1,89,,16109,46,0,19 20,1,88,,16110,46,0,19 20,1,47,,16111,46,0,19 20,1,89,,16112,46,0,19 20,1,88,,16113,46,0,19 20,1,87,,16114,46,0,19 20,1,44,,16115,46,0,19 20,1,81,,16116,46,0,19 20,1,81,,16117,46,0,19 20,1,41,,16118,46,0,19 20,1,79,,16119,46,0,19 20,1
601,'CPSaturday',545,,16120,46,0,19 20,1,79,,16121,46,0,19 20,1,78,,16122,46,0,19 20,1,39,,16123,46,0,19 20,1,82,,16124,46,0,19 20,1,81,,16125,46,0,19 20,1,42,,16126,46,0,19 20,1,83,,16127,46,0,19 20,1,87,,16128,46,0,19 20,1,84,,16129,46,0,19 20,1,45,,16130,46,0,19 20,1,87,,16131,46,0,19 20,1,86,,16132,46,0,19 20,1,84,,16133,46,0,19 20,1,44,,16134,46,0,19 20,1,85,,16135,46,0,19 20,1,85,,16136,46,0,19 20,1,84,,16137,46,0,19 20,1,43,,16138,46,0,19 20,1,84,,16139,46,0,19 20,1,84,,16140,46,0,19 20,1,42,,16141,46,0,19 20,1,84,,16142,46,0,19 20,1,82,,16143,46,0,19 20,1,40,,16144,46,0,19 20,1,80,,16145,46,0,19 20,1,80,,16146,46,0,19 20,1
601,'CPSunday',817,,16147,46,0,19 20,1,42,,16148,46,0,19 20,1,81,,16149,46,0,19 20,1,85,,16150,46,0,19 20,1,82,,16151,46,0,19 20,1,45,,16152,46,0,19 20,1,86,,16153,46,0,19 20,1,86,,16154,46,0,19 20,1,89,,16155,46,0,19 20,1,88,,16156,46,0,19 20,1,47,,16157,46,0,19 20,1,89,,16158,46,0,19 20,1,88,,16159,46,0,19 20,1,87,,16160,46,0,19 20,1,44,,16161,46,0,19 20,1,81,,16162,46,0,19 20,1,81,,16163,46,0,19 20,1,41,,16164,46,0,19 20,1,79,,16165,46,0,19 20,1
601,'CPWeekday',531,,16211,46,0,19 20,1,27,,16202,46,0,19 20,1,72,,16200,46,0,19 20,1,28,,16205,46,0,19 20,1,65,,16199,46,0,19 20,1,36,,16198,46,0,19 20,1,70,,16203,46,0,19 20,1,73,,16197,46,0,19 20,1,29,,16196,46,0,19 20,1,69,,16204,46,0,19 20,1,30,,16185,46,0,19 20,1,70,,16183,46,0,19 20,1,30,,16207,46,0,19 20,1,70,,16187,46,0,19 20,1,31,,16182,46,0,19 20,1,70,,16206,46,0,19 20,1,31,,16186,46,0,19 20,1,70,,16181,46,0,19 20,1,31,,16201,46,0,19 20,1,26,,16180,46,0,19 20,1,65,,16188,46,0,19 20,1,24,,16174,46,0,19 20,1,64,,16208,46,0,19 20,1,25,,16173,46,0,19 20,1,66,,16184,46,0,19 20,1,26,,16175,46,0,19 20,1,26,,16209,46,0,19 20,1,65,,16172,46,0,19 20,1,25,,16189,46,0,19 20,1,62,,16177,46,0,19 20,1,22,,16210,46,0,19 20,1,21,,16171,46,0,19 20,1,66,,16191,46,0,19 20,1,27,,16178,46,0,19 20,1,67,,16170,46,0,19 20,1,27,,16193,46,0,19 20,1,67,,16176,46,0,19 20,1,28,,16169,46,0,19 20,1,68,,16190,46,0,19 20,1,26,,16179,46,0,19 20,1,26,,16168,46,0,19 20,1,75,,16194,46,0,19 20,1,75,,16167,46,0,19 20,1,32,,16192,46,0,19 20,1,75,,16166,46,0,19 20,1,36,,16195,46,0,19 20,1
803,'CPSaturday',710,,16757,44,0,19 20,1,42,,16747,44,0,19 20,1,85,,16758,44,0,19 20,1,85,,16753,44,0,19 20,1,86,,16759,44,0,19 20,1,48,,16748,44,0,19 20,1,90,,16760,44,0,19 20,1,90,,16749,44,0,19 20,1,91,,16761,44,0,19 20,1,94,,16754,44,0,19 20,1,93,,16762,44,0,19 20,1,93,,16755,44,0,19 20,1,93,,16766,44,0,19 20,1,52,,16746,44,0,19 20,1,93,,16764,44,0,19 20,1,91,,16756,44,0,19 20,1,88,,16767,44,0,19 20,1,86,,16750,44,0,19 20,1,46,,16768,44,0,19 20,1,86,,16751,44,0,19 20,1,84,,16763,44,0,19 20,1,81,,16752,44,0,19 20,1,43,,16765,44,0,19 20,1
803,'CPWeekday',529,,16797,44,0,19 20,1,72,,16799,44,0,19 20,1,31,,16796,44,0,19 20,1,73,,16798,44,0,19 20,1,35,,16793,44,0,19 20,1,78,,16794,44,0,19 20,1,39,,16795,44,0,19 20,1,76,,16790,44,0,19 20,1,75,,16791,44,0,19 20,1,36,,16792,44,0,19 20,1,76,,16789,44,0,19 20,1,35,,16788,44,0,19 20,1,75,,16787,44,0,19 20,1,76,,16786,44,0,19 20,1,37,,16785,44,0,19 20,1,80,,16784,44,0,19 20,1,85,,16783,44,0,19 20,1,43,,16782,44,0,19 20,1,76,,16781,44,0,19 20,1,80,,16780,44,0,19 20,1,40,,16774,44,0,19 20,1,78,,16779,44,0,19 20,1,32,,16773,44,0,19 20,1,74,,16769,44,0,19 20,1,72,,16778,44,0,19 20,1,41,,16771,44,0,19 20,1,82,,16776,44,0,19 20,1,82,,16772,44,0,19 20,1,42,,16777,44,0,19 20,1,80,,16770,44,0,19 20,1,82,,16775,44,0,19 20,1
901,'CPHoliday1',646,,16879,18,0,19 20,1,82,,16878,43,0,19 20,1,88,,16877,43,0,19 20,1,88,,16876,43,0,19 20,1,52,,16875,43,0,19 20,1,91,,16872,43,0,19 20,1,77,,16868,43,0,19 20,1,32,,16867,43,0,19 20,1,75,,16873,43,0,19 20,1,80,,16863,43,0,19 20,1,34,,16866,43,0,19 20,1,77,,16871,43,0,19 20,1,78,,16864,43,0,19 20,1,38,,16859,43,0,19 20,1,78,,16869,43,0,19 20,1,38,,16857,43,0,19 20,1,77,,16861,43,0,19 20,1,76,,16874,43,0,19 20,1,34,,16856,43,0,19 20,1,76,,16860,43,0,19 20,1,36,,16870,43,0,19 20,1,76,,16855,43,0,19 20,1,89,,16865,43,0,19 20,1,89,,16854,43,0,19 20,1,45,,16862,43,0,19 20,1,88,,16853,43,0,19 20,1,86,,16858,43,0,19 20,1
901,'CPSaturday',559,,16914,18,0,19 20,1,65,,16913,18,0,19 20,1,32,,16912,18,0,19 20,1,64,,16911,43,0,19 20,1,33,,16909,43,0,19 20,1,74,,16910,43,0,19 20,1,32,,16908,43,0,19 20,1,77,,16897,43,0,19 20,1,73,,16898,43,0,19 20,1,35,,16900,43,0,19 20,1,78,,16888,43,0,19 20,1,36,,16887,43,0,19 20,1,75,,16902,43,0,19 20,1,78,,16894,43,0,19 20,1,40,,16886,43,0,19 20,1,78,,16905,43,0,19 20,1,79,,16891,43,0,19 20,1,39,,16885,43,0,19 20,1,77,,16904,43,0,19 20,1,79,,16893,43,0,19 20,1,38,,16884,43,0,19 20,1,75,,16901,43,0,19 20,1,39,,16890,43,0,19 20,1,72,,16883,43,0,19 20,1,76,,16899,43,0,19 20,1,37,,16895,43,0,19 20,1,73,,16881,43,0,19 20,1,33,,16903,43,0,19 20,1,73,,16889,43,0,19 20,1,34,,16882,43,0,19 20,1,74,,16906,43,0,19 20,1,32,,16892,43,0,19 20,1,71,,16880,43,0,19 20,1,70,,16907,43,0,19 20,1,31,,16896,43,0,19 20,1
901,'CPSunday',646,,16941,18,0,19 20,1,82,,16940,43,0,19 20,1,88,,16939,43,0,19 20,1,88,,16938,43,0,19 20,1,52,,16937,43,0,19 20,1,91,,16934,43,0,19 20,1,77,,16930,43,0,19 20,1,32,,16929,43,0,19 20,1,75,,16935,43,0,19 20,1,80,,16925,43,0,19 20,1,34,,16928,43,0,19 20,1,77,,16933,43,0,19 20,1,78,,16926,43,0,19 20,1,38,,16921,43,0,19 20,1,78,,16931,43,0,19 20,1,38,,16919,43,0,19 20,1,77,,16923,43,0,19 20,1,76,,16936,43,0,19 20,1,34,,16918,43,0,19 20,1,76,,16922,43,0,19 20,1,36,,16932,43,0,19 20,1,76,,16917,43,0,19 20,1,89,,16927,43,0,19 20,1,89,,16916,43,0,19 20,1,45,,16924,43,0,19 20,1,88,,16915,43,0,19 20,1,86,,16920,43,0,19 20,1
901,'CPWeekday',449,,16984,44,0,19 20,1,65,,16988,44,0,19 20,1,21,,16986,44,0,19 20,1,21,,16989,44,0,19 20,1,61,,16990,44,0,19 20,1,21,,16985,44,0,19 20,1,21,,16987,44,0,19 20,1,66,,16978,44,0,19 20,1,29,,16980,44,0,19 20,1,60,,16983,44,0,19 20,1,27,,16977,44,0,19 20,1,60,,16979,44,0,19 20,1,27,,16981,44,0,19 20,1,23,,16982,44,0,19 20,1,64,,16975,44,0,19 20,1,21,,16972,44,0,19 20,1,67,,16973,44,0,19 20,1,28,,16974,44,0,19 20,1,70,,16976,44,0,19 20,1,30,,16968,44,0,19 20,1,70,,16969,44,0,19 20,1,30,,16970,44,0,19 20,1,70,,16971,44,0,19 20,1,31,,16966,44,0,19 20,1,71,,16967,44,0,19 20,1,31,,16965,44,0,19 20,1,67,,16964,44,0,19 20,1,23,,16963,44,0,19 20,1,22,,16962,44,0,19 20,1,70,,16961,44,0,19 20,1,30,,16960,44,0,19 20,1,69,,16959,44,0,19 20,1,19,,16958,44,0,19 20,1,24,,16957,44,0,19 20,1,62,,16956,44,0,19 20,1,29,,16951,44,0,19 20,1,67,,16950,44,0,19 20,1,25,,16949,44,0,19 20,1,65,,16952,44,0,19 20,1,27,,16948,44,0,19 20,1,67,,16946,44,0,19 20,1,25,,16943,44,0,19 20,1,27,,16953,44,0,19 20,1,65,,16947,44,0,19 20,1,25,,16945,44,0,19 20,1,66,,16942,44,0,19 20,1,30,,16954,44,0,19 20,1,86,,16944,44,0,19 20,1,85,,16955,44,0,19 20,1
2601,'CPHoliday1',639,,19926,12,0,43 44,1,65,,19927,12,0,43 44,1,26,,19929,21,0,43 44,1,25,,19930,21,0,43 44,1,67,,19931,21,0,43 44,1,26,,19932,21,0,43 44,1,67,,19933,21,0,43 44,1,28,,19934,21,0,43 44,1,69,,19935,21,0,43 44,1,28,,19936,21,0,43 44,1,68,,19937,21,0,43 44,1,29,,19938,21,0,43 44,1,67,,19939,21,0,43 44,1,21,,19940,21,0,43 44,1,20,,19941,21,0,43 44,1,63,,19942,21,0,43 44,1,24,,19943,21,0,43 44,1,24,,19944,21,0,43 44,1,65,,19945,21,0,43 44,1,22,,19946,21,0,43 44,1,62,,19947,21,0,43 44,1,22,,19948,21,0,43 44,1,22,,19949,21,0,43 44,1,64,,19950,21,0,43 44,1,25,,19951,21,0,43 44,1,63,,19952,21,0,43 44,1,23,,19953,21,0,43 44,1,24,,19954,21,0,43 44,1,62,,19955,21,0,43 44,1,22,,19956,21,0,43 44,1,22,,19957,21,0,43 44,1,61,,19958,21,0,43 44,1,21,,19959,21,0,43 44,1,66,,19960,21,0,43 44,1,28,,19961,21,0,43 44,1,26,,19962,21,0,43 44,1,68,,19963,21,0,43 44,1,27,,19964,21,0,43 44,1,65,,19965,21,0,43 44,1,26,,19966,21,0,43 44,1,65,,19967,21,0,43 44,1,26,,19968,21,0,43 44,1,26,,19969,21,0,43 44,1,64,,19970,21,0,43 44,1,24,,19971,21,0,43 44,1,64,,19972,21,0,43 44,1
2601,'CPSaturday',452,,19973,21,0,43 44,1,60,,19974,21,0,43 44,1,21,,19975,21,0,43 44,1,20,,19976,21,0,43 44,1,64,,19977,21,0,43 44,1,22,,19978,21,0,43 44,1,62,,19979,21,0,43 44,1,22,,19980,21,0,43 44,1,22,,19981,21,0,43 44,1,64,,19982,21,0,43 44,1,22,,19983,21,0,43 44,1,22,,19984,21,0,43 44,1,65,,19985,21,0,43 44,1,24,,19986,21,0,43 44,1,65,,19987,21,0,43 44,1,25,,19988,21,0,43 44,1,18,,19989,21,0,43 44,1,59,,19990,21,0,43 44,1,19,,19991,21,0,43 44,1,20,,19992,21,0,43 44,1,61,,19993,21,0,43 44,1,19,,19994,21,0,43 44,1,18,,19995,21,0,43 44,1,58,,19996,21,0,43 44,1,16,,19997,21,0,43 44,1,16,,19998,21,0,43 44,1,16,,19999,21,0,43 44,1,56,,20000,21,0,43 44,1,14,,20001,21,0,43 44,1,14,,20002,21,0,43 44,1,14,,20003,21,0,43 44,1,54,,20004,21,0,43 44,1,14,,20005,21,0,43 44,1,14,,20006,21,0,43 44,1,14,,20007,21,0,43 44,1,54,,20008,21,0,43 44,1,14,,20009,21,0,43 44,1,14,,20010,21,0,43 44,1,14,,20011,21,0,43 44,1,15,,20012,21,0,43 44,1,55,,20013,21,0,43 44,1,14,,20014,21,0,43 44,1,15,,20015,21,0,43 44,1,15,,20016,21,0,43 44,1,54,,20017,21,0,43 44,1,14,,20018,21,0,43 44,1,14,,20019,21,0,43 44,1,14,,20020,21,0,43 44,1,52,,20021,21,0,43 44,1,11,,20022,21,0,43 44,1,12,,20023,21,0,43 44,1,16,,20024,21,0,43 44,1,63,,20025,21,0,43 44,1,24,,20026,21,0,43 44,1,24,,20027,21,0,43 44,1,63,,20028,21,0,43 44,1,20,,20029,21,0,43 44,1,18,,20030,21,0,43 44,1,57,,20031,21,0,43 44,1,17,,20032,21,0,43 44,1,18,,20033,21,0,43 44,1,61,,20034,21,0,43 44,1,24,,20035,21,0,43 44,1,24,,20036,21,0,43 44,1,67,,20037,21,0,43 44,1,28,,20038,21,0,43 44,1,65,,20039,21,0,43 44,1,22,,20040,21,0,43 44,1,20,,20041,21,0,43 44,1,59,,20042,21,0,43 44,1,20,,20043,21,0,75 66 76 4 19 24,1
2601,'CPSunday',639,,20044,12,0,43 44,1,65,,20045,12,0,43 44,1,26,,20047,21,0,43 44,1,25,,20048,21,0,43 44,1,67,,20049,21,0,43 44,1,26,,20050,21,0,43 44,1,67,,20051,21,0,43 44,1,28,,20052,21,0,43 44,1,69,,20053,21,0,43 44,1,28,,20054,21,0,43 44,1,68,,20055,21,0,43 44,1,29,,20056,21,0,43 44,1,67,,20057,21,0,43 44,1,21,,20058,21,0,43 44,1,20,,20059,21,0,43 44,1,63,,20060,21,0,43 44,1,24,,20061,21,0,43 44,1,24,,20062,21,0,43 44,1,65,,20063,21,0,43 44,1,22,,20064,21,0,43 44,1,62,,20065,21,0,43 44,1,22,,20066,21,0,43 44,1,22,,20067,21,0,43 44,1,64,,20068,21,0,43 44,1,25,,20069,21,0,43 44,1,63,,20070,21,0,43 44,1,23,,20071,21,0,43 44,1,24,,20072,21,0,43 44,1,62,,20073,21,0,43 44,1,22,,20074,21,0,43 44,1,22,,20075,21,0,43 44,1,61,,20076,21,0,43 44,1,21,,20077,21,0,43 44,1,66,,20078,21,0,43 44,1,28,,20079,21,0,43 44,1,26,,20080,21,0,43 44,1,68,,20081,21,0,43 44,1,27,,20082,21,0,43 44,1,65,,20083,21,0,43 44,1,26,,20084,21,0,43 44,1,65,,20085,21,0,43 44,1,26,,20086,21,0,43 44,1,26,,20087,21,0,43 44,1,64,,20088,21,0,43 44,1,24,,20089,21,0,43 44,1,64,,20090,21,0,43 44,1
2803,'CPHoliday1',817,,20410,24,0,19 20,1,27,,20411,24,0,19 20,1,67,,20412,24,0,19 20,1,26,,20413,24,0,19 20,1,66,,20414,24,0,19 20,1,28,,20415,24,0,19 20,1,72,,20416,24,0,19 20,1,30,,20417,24,0,19 20,1,70,,20418,24,0,19 20,1,30,,20419,24,0,19 20,1,70,,20420,24,0,19 20,1,30,,20421,24,0,19 20,1,71,,20422,24,0,19 20,1,30,,20423,24,0,19 20,1,70,,20424,24,0,19 20,1,30,,20425,24,0,19 20,1,70,,20426,24,0,19 20,1,30,,20427,24,0,19 20,1,71,,20428,24,0,19 20,1,29,,20429,24,0,19 20,1,69,,20430,24,0,19 20,1,28,,20431,24,0,19 20,1,69,,20432,24,0,19 20,1,25,,20433,24,0,19 20,1,22,,20434,24,0,19 20,1
2803,'CPSaturday',749,,20451,24,0,19 20,1,63,,20450,24,0,19 20,1,26,,20457,24,0,19 20,1,68,,20444,24,0,19 20,1,28,,20464,24,0,19 20,1,71,,20443,24,0,19 20,1,30,,20463,24,0,19 20,1,70,,20437,24,0,19 20,1,30,,20456,24,0,19 20,1,70,,20439,24,0,19 20,1,31,,20458,24,0,19 20,1,70,,20438,24,0,19 20,1,31,,20462,24,0,19 20,1,70,,20445,24,0,19 20,1,30,,20459,24,0,19 20,1,70,,20441,24,0,19 20,1,28,,20454,24,0,19 20,1,70,,20442,24,0,19 20,1,30,,20465,24,0,19 20,1,70,,20440,24,0,19 20,1,30,,20460,24,0,19 20,1,69,,20435,24,0,19 20,1,29,,20452,24,0,19 20,1,70,,20446,24,0,19 20,1,30,,20453,24,0,19 20,1,70,,20447,24,0,19 20,1,30,,20461,24,0,19 20,1,70,,20448,24,0,19 20,1,29,,20455,24,0,19 20,1,72,,20436,24,0,19 20,1,32,,20466,24,0,19 20,1,74,,20449,24,0,19 20,1
2803,'CPSunday',817,,20467,24,0,19 20,1,27,,20468,24,0,19 20,1,67,,20469,24,0,19 20,1,26,,20470,24,0,19 20,1,66,,20471,24,0,19 20,1,28,,20472,24,0,19 20,1,72,,20473,24,0,19 20,1,30,,20474,24,0,19 20,1,70,,20475,24,0,19 20,1,30,,20476,24,0,19 20,1,70,,20477,24,0,19 20,1,30,,20478,24,0,19 20,1,71,,20479,24,0,19 20,1,30,,20480,24,0,19 20,1,70,,20481,24,0,19 20,1,30,,20482,24,0,19 20,1,70,,20483,24,0,19 20,1,30,,20484,24,0,19 20,1,71,,20485,24,0,19 20,1,29,,20486,24,0,19 20,1,69,,20487,24,0,19 20,1,28,,20488,24,0,19 20,1,69,,20489,24,0,19 20,1,25,,20490,24,0,19 20,1,22,,20491,24,0,19 20,1
2803,'CPWeekday',512,,20492,24,0,19 20,1,15,,20493,24,0,19 20,1,17,,20494,24,0,19 20,1,56,,20495,24,0,19 20,1,16,,20496,24,0,19 20,1,14,,20497,24,0,19 20,1,20,,20498,24,0,19 20,1,52,,20499,24,0,19 20,1,18,,20500,24,0,19 20,1,17,,20501,24,0,19 20,1,17,,20502,24,0,19 20,1,57,,20503,24,0,19 20,1,15,,20504,24,0,19 20,1,18,,20505,24,0,19 20,1,58,,20506,24,0,19 20,1,14,,20507,24,0,19 20,1,14,,20508,24,0,19 20,1,13,,20509,24,0,19 20,1,58,,20510,24,0,19 20,1,20,,20511,24,0,19 20,1,21,,20512,24,0,19 20,1,60,,20513,24,0,19 20,1,20,,20514,24,0,19 20,1,19,,20515,24,0,19 20,1,60,,20516,24,0,19 20,1,20,,20517,24,0,19 20,1,20,,20518,24,0,19 20,1,59,,20519,24,0,19 20,1,20,,20520,24,0,19 20,1,21,,20521,24,0,19 20,1,61,,20522,24,0,19 20,1,21,,20523,24,0,19 20,1,21,,20524,24,0,19 20,1,61,,20525,24,0,19 20,1,21,,20526,24,0,19 20,1,20,,20527,24,0,19 20,1,60,,20528,24,0,19 20,1,25,,20529,27,0,19 20,1,15,,20530,27,0,19 20,1,56,,20531,27,0,19 20,1,19,,20532,27,0,19 20,1,19,,20533,27,0,19 20,1,10,,20555,27,0,19 20,1,53,,20534,27,0,19 20,1,14,,20535,27,0,19 20,1,14,,20536,27,0,19 20,1,17,,20537,27,0,19 20,1,58,,20538,27,0,19 20,1,15,,20539,27,0,19 20,1,20,,20540,27,0,19 20,1,59,,20541,27,0,19 20,1,8,,20542,24,0,19 20,1,14,,20543,24,0,19 20,1,18,,20544,24,0,19 20,1,60,,20545,24,0,19 20,1,20,,20546,24,0,19 20,1,19,,20547,24,0,19 20,1,66,,20548,24,0,19 20,1,27,,20549,24,0,19 20,1,26,,20550,24,0,19 20,1,64,,20551,24,0,19 20,1,23,,20552,24,0,19 20,1,63,,20553,24,0,19 20,1,23,,20554,24,0,19 20,1
6104,'CPHoliday1',651,,24772,32,0,19 20,1,85,,24711,32,0,19 20,1,83,,24712,32,0,19 20,1,24,,24713,32,0,19 20,1,64,,24714,32,0,19 20,1,23,,24715,32,0,19 20,1,23,,24716,32,0,19 20,1,63,,24717,32,0,19 20,1,18,,24718,32,0,19 20,1,19,,24719,32,0,19 20,1,63,,24720,32,0,19 20,1,22,,24721,32,0,19 20,1,62,,24722,32,0,19 20,1,22,,24723,32,0,19 20,1,24,,24724,32,0,19 20,1,62,,24725,32,0,19 20,1,23,,24726,32,0,19 20,1,22,,24727,32,0,19 20,1,65,,24728,32,0,19 20,1,25,,24729,32,0,19 20,1,64,,24730,32,0,19 20,1,15,,24731,32,0,19 20,1,15,,24732,32,0,19 20,1,15,,24733,32,0,19 20,1,55,,24734,32,0,19 20,1,17,,24735,32,0,19 20,1,16,,24736,32,0,19 20,1,60,,24737,32,0,19 20,1,20,,24738,32,0,19 20,1,17,,24739,32,0,19 20,1,14,,24740,32,0,19 20,1,56,,24741,32,0,19 20,1,16,,24742,32,0,19 20,1,7,,24743,32,0,19 20,1,8,,24744,32,0,19 20,1,16,,24745,32,0,19 20,1,49,,24746,32,0,19 20,1,8,,24747,32,0,19 20,1,6,,24748,32,0,19 20,1,11,,24749,32,0,19 20,1,17,,24750,32,0,19 20,1,58,,24751,32,0,19 20,1,15,,24752,32,0,19 20,1,16,,24753,32,0,19 20,1,14,,24754,32,0,19 20,1,55,,24755,32,0,19 20,1,14,,24756,32,0,19 20,1,15,,24757,32,0,19 20,1,14,,24758,32,0,19 20,1,55,,24759,32,0,19 20,1,13,,24760,32,0,19 20,1,15,,24761,32,0,19 20,1,13,,24762,32,0,19 20,1,14,,24763,32,0,19 20,1,54,,24764,32,0,19 20,1,17,,24765,32,0,19 20,1,20,,24766,32,0,19 20,1,63,,24767,32,0,19 20,1,25,,24768,32,0,19 20,1,69,,24769,32,0,19 20,1,43,,24770,32,0,19 20,1,84,,24771,32,0,19 20,1
6104,'CPSaturday',608,,24840,32,0,19 20,1,30,,24834,32,0,19 20,1,72,,24835,32,0,19 20,1,21,,24836,32,0,19 20,1,20,,24839,32,0,19 20,1,60,,24829,32,0,19 20,1,18,,24823,32,0,19 20,1,21,,24822,32,0,19 20,1,62,,24821,32,0,19 20,1,20,,24842,32,0,19 20,1,22,,24831,32,0,19 20,1,59,,24819,32,0,19 20,1,18,,24820,32,0,19 20,1,20,,24815,32,0,19 20,1,59,,24810,32,0,19 20,1,18,,24841,32,0,19 20,1,18,,24830,32,0,19 20,1,60,,24809,32,0,19 20,1,21,,24808,32,0,19 20,1,22,,24818,32,0,19 20,1,60,,24807,32,0,19 20,1,20,,24844,32,0,19 20,1,23,,24832,32,0,19 20,1,54,,24806,32,0,19 20,1,14,,24805,32,0,19 20,1,17,,24800,32,0,19 20,1,18,,24811,32,0,19 20,1,58,,24799,32,0,19 20,1,18,,24804,32,0,19 20,1,16,,24843,32,0,19 20,1,56,,24833,32,0,19 20,1,17,,24796,32,0,19 20,1,17,,24798,32,0,19 20,1,17,,24797,32,0,19 20,1,57,,24817,32,0,19 20,1,15,,24790,32,0,19 20,1,13,,24801,32,0,19 20,1,15,,24837,32,0,19 20,1,53,,24789,32,0,19 20,1,13,,24824,32,0,19 20,1,14,,24788,32,0,19 20,1,12,,24787,32,0,19 20,1,13,,24792,32,0,19 20,1,54,,24814,32,0,19 20,1,13,,24784,32,0,19 20,1,13,,24803,32,0,19 20,1,13,,24838,32,0,19 20,1,53,,24785,32,0,19 20,1,13,,24826,32,0,19 20,1,14,,24780,32,0,19 20,1,11,,24786,32,0,19 20,1,11,,24793,32,0,19 20,1,52,,24812,32,0,19 20,1,12,,24779,32,0,19 20,1,17,,24802,32,0,19 20,1,16,,24778,32,0,19 20,1,56,,24825,32,0,19 20,1,16,,24781,32,0,19 20,1,13,,24791,32,0,19 20,1,14,,24813,32,0,19 20,1,56,,24776,32,0,19 20,1,18,,24777,32,0,19 20,1,17,,24827,32,0,19 20,1,15,,24782,32,0,19 20,1,54,,24795,32,0,19 20,1,14,,24816,32,0,19 20,1,15,,24775,32,0,19 20,1,15,,24773,32,0,19 20,1,54,,24828,32,0,19 20,1,13,,24783,32,0,19 20,1,13,,24794,32,0,19 20,1,66,,24774,32,0,19 20,1
6104,'CPSunday',651,,24906,32,0,19 20,1,85,,24845,32,0,19 20,1,83,,24846,32,0,19 20,1,24,,24847,32,0,19 20,1,64,,24848,32,0,19 20,1,23,,24849,32,0,19 20,1,23,,24850,32,0,19 20,1,63,,24851,32,0,19 20,1,18,,24852,32,0,19 20,1,19,,24853,32,0,19 20,1,63,,24854,32,0,19 20,1,22,,24855,32,0,19 20,1,62,,24856,32,0,19 20,1,22,,24857,32,0,19 20,1,24,,24858,32,0,19 20,1,62,,24859,32,0,19 20,1,23,,24860,32,0,19 20,1,22,,24861,32,0,19 20,1,65,,24862,32,0,19 20,1,25,,24863,32,0,19 20,1,64,,24864,32,0,19 20,1,15,,24865,32,0,19 20,1,15,,24866,32,0,19 20,1,15,,24867,32,0,19 20,1,55,,24868,32,0,19 20,1,17,,24869,32,0,19 20,1,16,,24870,32,0,19 20,1,60,,24871,32,0,19 20,1,20,,24872,32,0,19 20,1,17,,24873,32,0,19 20,1,14,,24874,32,0,19 20,1,56,,24875,32,0,19 20,1,16,,24876,32,0,19 20,1,7,,24877,32,0,19 20,1,8,,24878,32,0,19 20,1,16,,24879,32,0,19 20,1,49,,24880,32,0,19 20,1,8,,24881,32,0,19 20,1,6,,24882,32,0,19 20,1,11,,24883,32,0,19 20,1,17,,24884,32,0,19 20,1,58,,24885,32,0,19 20,1,15,,24886,32,0,19 20,1,16,,24887,32,0,19 20,1,14,,24888,32,0,19 20,1,55,,24889,32,0,19 20,1,14,,24890,32,0,19 20,1,15,,24891,32,0,19 20,1,14,,24892,32,0,19 20,1,55,,24893,32,0,19 20,1,13,,24894,32,0,19 20,1,15,,24895,32,0,19 20,1,13,,24896,32,0,19 20,1,14,,24897,32,0,19 20,1,54,,24898,32,0,19 20,1,17,,24899,32,0,19 20,1,20,,24900,32,0,19 20,1,63,,24901,32,0,19 20,1,25,,24902,32,0,19 20,1,69,,24903,32,0,19 20,1,43,,24904,32,0,19 20,1,84,,24905,32,0,19 20,1
6104,'CPWeekday',410,,24907,24,0,19 20,1,20,,24908,24,0,19 20,1,26,,24909,32,0,19 20,1,66,,24910,32,0,19 20,1,21,,24911,32,0,19 20,1,57,,24912,32,0,19 20,1,17,,24913,32,0,19 20,1,12,,24914,32,0,19 20,1,14,,24915,32,0,19 20,1,13,,24916,32,0,19 20,1,53,,24917,32,0,19 20,1,15,,24918,32,0,19 20,1,14,,24919,32,0,19 20,1,14,,24920,32,0,19 20,1,54,,24921,32,0,19 20,1,14,,24922,32,0,19 20,1,15,,24923,32,0,19 20,1,16,,24924,32,0,19 20,1,55,,24925,32,0,19 20,1,15,,24926,32,0,19 20,1,13,,24927,32,0,19 20,1,13,,24928,32,0,19 20,1,53,,24929,32,0,19 20,1,12,,24930,32,0,19 20,1,14,,24931,32,0,19 20,1,14,,24932,32,0,19 20,1,15,,24933,32,0,19 20,1,55,,24934,32,0,19 20,1,15,,24935,32,0,19 20,1,14,,24936,32,0,19 20,1,13,,24937,32,0,19 20,1,53,,24938,32,0,19 20,1,13,,24939,32,0,19 20,1,13,,24940,32,0,19 20,1,14,,24941,32,0,19 20,1,14,,24942,32,0,19 20,1,54,,24943,32,0,19 20,1,15,,24944,32,0,19 20,1,15,,24945,32,0,19 20,1,14,,24946,32,0,19 20,1,54,,24947,32,0,19 20,1,14,,24948,32,0,19 20,1,15,,24949,32,0,19 20,1,15,,24950,32,0,19 20,1,56,,24951,32,0,19 20,1,14,,24952,32,0,19 20,1,13,,24953,32,0,19 20,1,14,,24954,32,0,19 20,1,54,,24955,32,0,19 20,1,14,,24956,32,0,19 20,1,13,,24957,32,0,19 20,1,15,,24958,32,0,19 20,1,53,,24959,32,0,19 20,1,13,,24960,32,0,19 20,1,13,,24961,32,0,19 20,1,13,,24962,32,0,19 20,1,14,,24963,32,0,19 20,1,54,,24964,32,0,19 20,1,13,,24965,32,0,19 20,1,13,,24966,32,0,19 20,1,11,,24967,32,0,19 20,1,12,,24968,32,0,19 20,1,53,,24969,32,0,19 20,1,12,,24970,32,0,19 20,1,12,,24971,32,0,19 20,1,14,,24972,32,0,19 20,1,52,,24973,32,0,19 20,1,11,,24974,32,0,19 20,1,12,,24975,32,0,19 20,1,14,,24976,32,0,19 20,1,14,,24977,32,0,19 20,1,52,,24978,32,0,19 20,1,12,,24979,32,0,19 20,1,13,,24980,32,0,19 20,1,13,,24981,32,0,19 20,1,14,,24982,32,0,19 20,1,54,,24983,32,0,19 20,1,11,,24984,32,0,19 20,1,12,,24985,32,0,19 20,1,10,,24986,32,0,19 20,1,13,,24987,32,0,19 20,1,52,,24988,32,0,19 20,1,13,,24989,32,0,19 20,1,13,,24990,32,0,19 20,1,14,,24991,32,0,19 20,1,55,,24992,32,0,19 20,1,15,,24993,32,0,19 20,1,14,,24994,32,0,19 20,1,12,,24995,32,0,19 20,1,59,,24996,32,0,19 20,1,20,,24997,32,0,19 20,1,19,,24998,32,0,19 20,1,59,,24999,32,0,19 20,1,20,,25000,32,0,19 20,1,19,,25001,32,0,19 20,1,20,,25002,32,0,19 20,1
6604,'CPHoliday1',551,,25383,31,0,19 20,1,63,,25316,31,0,19 20,1,23,,25317,31,0,19 20,1,64,,25318,31,0,19 20,1,23,,25319,31,0,19 20,1,22,,25320,31,0,19 20,1,57,,25321,31,0,19 20,1,18,,25322,31,0,19 20,1,18,,25323,31,0,19 20,1,17,,25324,31,0,19 20,1,60,,25325,31,0,19 20,1,19,,25326,31,0,19 20,1,18,,25327,31,0,19 20,1,60,,25328,31,0,19 20,1,18,,25329,31,0,19 20,1,18,,25330,31,0,19 20,1,58,,25331,31,0,19 20,1,20,,25332,31,0,19 20,1,20,,25333,31,0,19 20,1,61,,25334,31,0,19 20,1,20,,25335,31,0,19 20,1,18,,25336,31,0,19 20,1,55,,25337,31,0,19 20,1,15,,25338,31,0,19 20,1,14,,25339,31,0,19 20,1,14,,25340,31,0,19 20,1,13,,25341,31,0,19 20,1,53,,25342,31,0,19 20,1,13,,25343,31,0,19 20,1,14,,25344,31,0,19 20,1,14,,25345,31,0,19 20,1,54,,25346,31,0,19 20,1,13,,25347,31,0,19 20,1,14,,25348,31,0,19 20,1,14,,25349,31,0,19 20,1,54,,25350,31,0,19 20,1,14,,25351,31,0,19 20,1,14,,25352,31,0,19 20,1,14,,25353,31,0,19 20,1,14,,25354,31,0,19 20,1,54,,25355,31,0,19 20,1,13,,25356,31,0,19 20,1,14,,25357,31,0,19 20,1,14,,25358,31,0,19 20,1,52,,25359,31,0,19 20,1,14,,25360,31,0,19 20,1,13,,25361,31,0,19 20,1,13,,25362,31,0,19 20,1,15,,25363,31,0,19 20,1,54,,25364,31,0,19 20,1,14,,25365,31,0,19 20,1,15,,25366,31,0,19 20,1,16,,25367,31,0,19 20,1,55,,25368,31,0,19 20,1,15,,25369,31,0,19 20,1,14,,25370,31,0,19 20,1,14,,25371,31,0,19 20,1,55,,25372,31,0,19 20,1,15,,25373,31,0,19 20,1,14,,25374,31,0,19 20,1,12,,25375,31,0,19 20,1,52,,25376,31,0,19 20,1,28,,25377,31,0,19 20,1,74,,25378,31,0,19 20,1,34,,25379,31,0,19 20,1,73,,25380,31,0,19 20,1,33,,25381,31,0,19 20,1,73,,25382,31,0,19 20,1
6604,'CPSaturday',540,,25384,31,0,19 20,1,63,,25400,31,0,19 20,1,23,,25411,31,0,19 20,1,24,,25385,31,0,19 20,1,66,,25401,31,0,19 20,1,26,,25412,31,0,19 20,1,66,,25386,31,0,19 20,1,18,,25455,31,0,19 20,1,16,,25399,31,0,19 20,1,16,,25414,31,0,19 20,1,56,,25457,31,0,19 20,1,17,,25387,31,0,19 20,1,15,,25456,31,0,19 20,1,55,,25404,31,0,19 20,1,16,,25413,31,0,19 20,1,15,,25458,31,0,19 20,1,12,,25459,31,0,19 20,1,12,,25388,31,0,19 20,1,52,,25449,31,0,19 20,1,13,,25403,31,0,19 20,1,15,,25423,31,0,19 20,1,14,,25452,31,0,19 20,1,53,,25454,31,0,19 20,1,14,,25389,31,0,19 20,1,14,,25450,31,0,19 20,1,14,,25402,31,0,19 20,1,14,,25424,31,0,19 20,1,54,,25451,31,0,19 20,1,14,,25453,31,0,19 20,1,14,,25390,31,0,19 20,1,14,,25448,31,0,19 20,1,54,,25407,31,0,19 20,1,15,,25415,31,0,19 20,1,14,,25443,31,0,19 20,1,15,,25446,31,0,19 20,1,56,,25391,31,0,19 20,1,15,,25444,31,0,19 20,1,15,,25408,31,0,19 20,1,15,,25418,31,0,19 20,1,55,,25445,31,0,19 20,1,15,,25447,31,0,19 20,1,15,,25392,31,0,19 20,1,14,,25442,31,0,19 20,1,54,,25406,31,0,19 20,1,15,,25416,31,0,19 20,1,15,,25441,31,0,19 20,1,15,,25440,31,0,19 20,1,55,,25393,31,0,19 20,1,15,,25439,31,0,19 20,1,15,,25405,31,0,19 20,1,15,,25417,31,0,19 20,1,54,,25437,31,0,19 20,1,14,,25438,31,0,19 20,1,13,,25394,31,0,19 20,1,14,,25434,31,0,19 20,1,54,,25409,31,0,19 20,1,13,,25419,31,0,19 20,1,13,,25431,31,0,19 20,1,14,,25430,31,0,19 20,1,13,,25395,31,0,19 20,1,52,,25433,31,0,19 20,1,13,,25410,31,0,19 20,1,13,,25421,31,0,19 20,1,13,,25429,31,0,19 20,1,13,,25428,31,0,19 20,1,57,,25396,31,0,19 20,1,17,,25432,31,0,19 20,1,16,,25422,31,0,19 20,1,58,,25427,31,0,19 20,1,18,,25397,31,0,19 20,1,17,,25435,31,0,19 20,1,17,,25420,31,0,19 20,1,55,,25426,31,0,19 20,1,16,,25398,31,0,19 20,1,16,,25436,31,0,19 20,1,55,,25425,31,0,19 20,1
6604,'CPSunday',551,,25527,31,0,19 20,1,63,,25460,31,0,19 20,1,23,,25461,31,0,19 20,1,64,,25462,31,0,19 20,1,23,,25463,31,0,19 20,1,22,,25464,31,0,19 20,1,57,,25465,31,0,19 20,1,18,,25466,31,0,19 20,1,18,,25467,31,0,19 20,1,17,,25468,31,0,19 20,1,60,,25469,31,0,19 20,1,19,,25470,31,0,19 20,1,18,,25471,31,0,19 20,1,60,,25472,31,0,19 20,1,18,,25473,31,0,19 20,1,18,,25474,31,0,19 20,1,58,,25475,31,0,19 20,1,20,,25476,31,0,19 20,1,20,,25477,31,0,19 20,1,61,,25478,31,0,19 20,1,20,,25479,31,0,19 20,1,18,,25480,31,0,19 20,1,55,,25481,31,0,19 20,1,15,,25482,31,0,19 20,1,14,,25483,31,0,19 20,1,14,,25484,31,0,19 20,1,13,,25485,31,0,19 20,1,53,,25486,31,0,19 20,1,13,,25487,31,0,19 20,1,14,,25488,31,0,19 20,1,14,,25489,31,0,19 20,1,54,,25490,31,0,19 20,1,13,,25491,31,0,19 20,1,14,,25492,31,0,19 20,1,14,,25493,31,0,19 20,1,54,,25494,31,0,19 20,1,14,,25495,31,0,19 20,1,14,,25496,31,0,19 20,1,14,,25497,31,0,19 20,1,14,,25498,31,0,19 20,1,54,,25499,31,0,19 20,1,13,,25500,31,0,19 20,1,14,,25501,31,0,19 20,1,14,,25502,31,0,19 20,1,52,,25503,31,0,19 20,1,14,,25504,31,0,19 20,1,13,,25505,31,0,19 20,1,13,,25506,31,0,19 20,1,15,,25507,31,0,19 20,1,54,,25508,31,0,19 20,1,14,,25509,31,0,19 20,1,15,,25510,31,0,19 20,1,16,,25511,31,0,19 20,1,55,,25512,31,0,19 20,1,15,,25513,31,0,19 20,1,14,,25514,31,0,19 20,1,14,,25515,31,0,19 20,1,55,,25516,31,0,19 20,1,15,,25517,31,0,19 20,1,14,,25518,31,0,19 20,1,12,,25519,31,0,19 20,1,52,,25520,31,0,19 20,1,28,,25521,31,0,19 20,1,74,,25522,31,0,19 20,1,34,,25523,31,0,19 20,1,73,,25524,31,0,19 20,1,33,,25525,31,0,19 20,1,73,,25526,31,0,19 20,1
6604,'CPWeekday',458,,25528,31,0,19 20,1,55,,25529,31,0,19 20,1,13,,25530,31,0,19 20,1,12,,25531,31,0,19 20,1,12,,25532,31,0,19 20,1,51,,25533,31,0,19 20,1,11,,25534,31,0,19 20,1,13,,25535,31,0,19 20,1,11,,25536,31,0,19 20,1,12,,25537,31,0,19 20,1,52,,25538,31,0,19 20,1,13,,25539,31,0,19 20,1,12,,25540,31,0,19 20,1,12,,25541,31,0,19 20,1,13,,25542,31,0,19 20,1,53,,25543,31,0,19 20,1,12,,25544,31,0,19 20,1,11,,25545,31,0,19 20,1,10,,25546,31,0,19 20,1,10,,25547,31,0,19 20,1,11,,25548,31,0,19 20,1,51,,25549,31,0,19 20,1,11,,25550,31,0,19 20,1,12,,25551,31,0,19 20,1,13,,25552,31,0,19 20,1,13,,25553,31,0,19 20,1,53,,25554,31,0,19 20,1,12,,25555,31,0,19 20,1,11,,25556,31,0,19 20,1,12,,25557,31,0,19 20,1,12,,25558,31,0,19 20,1,52,,25559,31,0,19 20,1,12,,25560,31,0,19 20,1,12,,25561,31,0,19 20,1,12,,25562,31,0,19 20,1,12,,25563,31,0,19 20,1,52,,25564,31,0,19 20,1,12,,25565,31,0,19 20,1,12,,25566,31,0,19 20,1,12,,25567,31,0,19 20,1,12,,25568,31,0,19 20,1,52,,25569,31,0,19 20,1,12,,25570,31,0,19 20,1,12,,25571,31,0,19 20,1,12,,25572,31,0,19 20,1,12,,25573,31,0,19 20,1,52,,25574,31,0,19 20,1,13,,25575,31,0,19 20,1,11,,25576,31,0,19 20,1,11,,25577,31,0,19 20,1,10,,25578,31,0,19 20,1,51,,25579,31,0,19 20,1,11,,25580,31,0,19 20,1,10,,25581,31,0,19 20,1,10,,25582,31,0,19 20,1,10,,25583,31,0,19 20,1,11,,25584,31,0,19 20,1,50,,25585,31,0,19 20,1,11,,25586,31,0,19 20,1,11,,25587,31,0,19 20,1,11,,25588,31,0,19 20,1,12,,25589,31,0,19 20,1,51,,25590,31,0,19 20,1,11,,25591,31,0,19 20,1,11,,25592,31,0,19 20,1,11,,25593,31,0,19 20,1,9,,25594,31,0,19 20,1,11,,25595,31,0,19 20,1,50,,25596,31,0,19 20,1,11,,25597,31,0,19 20,1,9,,25598,31,0,19 20,1,10,,25599,31,0,19 20,1,10,,25600,31,0,19 20,1,10,,25601,31,0,19 20,1,51,,25602,31,0,19 20,1,10,,25603,31,0,19 20,1,10,,25604,31,0,19 20,1,9,,25605,31,0,19 20,1,9,,25606,31,0,19 20,1,9,,25607,31,0,19 20,1,51,,25608,31,0,19 20,1,14,,25609,31,0,19 20,1,14,,25610,31,0,19 20,1,14,,25611,31,0,19 20,1,54,,25612,31,0,19 20,1,13,,25613,31,0,19 20,1,14,,25614,31,0,19 20,1,14,,25615,31,0,19 20,1,59,,25616,31,0,19 20,1,17,,25617,31,0,19 20,1,17,,25618,31,0,19 20,1,17,,25619,31,0,19 20,1,55,,25620,31,0,19 20,1,16,,25621,31,0,19 20,1,18,,25622,31,0,19 20,1,18,,25623,31,0,19 20,1,57,,25624,31,0,19 20,1,18,,25625,31,0,19 20,1,17,,25626,31,0,19 20,1,57,,25627,31,0,19 20,1,17,,25628,31,0,19 20,1,17,,25629,31,0,19 20,1
