3803,'CPHoliday1',819,,36299,47,0,5,1,93,,36310,47,0,5,1,93,,36300,47,0,5,1,50,,36301,47,0,5,1,97,,36306,47,0,5,1,96,,36303,47,0,5,1,96,,36302,47,0,5,1,95,,36309,47,0,5,1,97,,36304,47,0,5,1,95,,36308,47,0,5,1,95,,36305,47,0,5,1,94,,36307,47,0,5,1,93,,36311,47,0,5,1,93,,36313,47,0,5,1,50,,36312,47,0,5,1
3803,'CPSaturday',707,,36328,47,0,5,1,36,,36329,47,0,5,1,70,,36330,47,0,5,1,31,,36331,47,0,5,1,71,,36332,47,0,5,1,31,,36333,47,0,5,1,73,,36334,47,0,5,1,33,,36335,47,0,5,1,72,,36336,47,0,5,1,34,,36337,47,0,5,1,74,,36338,47,0,5,1,74,,36339,47,0,5,1,35,,36340,47,0,5,1,74,,36341,47,0,5,1,37,,36342,47,0,5,1,75,,36343,47,0,5,1,75,,36344,47,0,5,1,36,,36345,47,0,5,1,74,,36314,47,0,5,1,33,,36315,47,0,5,1,74,,36316,47,0,5,1,33,,36317,47,0,5,1,72,,36318,47,0,5,1,31,,36319,47,0,5,1,72,,36320,47,0,5,1,32,,36321,47,0,5,1,72,,36322,47,0,5,1,70,,36323,47,0,5,1,30,,36324,47,0,5,1,69,,36325,47,0,5,1,27,,36326,47,0,5,1,24,,36327,47,0,5,1
3803,'CPSunday',819,,36346,47,0,5,1,93,,36357,47,0,5,1,93,,36347,47,0,5,1,50,,36348,47,0,5,1,97,,36353,47,0,5,1,96,,36350,47,0,5,1,96,,36349,47,0,5,1,95,,36356,47,0,5,1,97,,36351,47,0,5,1,95,,36355,47,0,5,1,95,,36352,47,0,5,1,94,,36354,47,0,5,1,93,,36358,47,0,5,1,93,,36360,47,0,5,1,50,,36359,47,0,5,1
3803,'CPWeekday',502,,36397,47,0,5,1,30,,36386,47,0,5,1,23,,36385,47,0,5,1,67,,36383,47,0,5,1,27,,36382,47,0,5,1,67,,36384,47,0,5,1,33,,36394,47,0,5,1,67,,36361,30,0,5,1,5,,36388,47,0,5,1,36,,36377,47,0,5,1,75,,36375,47,0,5,1,78,,36374,47,0,5,1,39,,36398,47,0,5,1,80,,36389,47,0,5,1,78,,36376,47,0,5,1,37,,36371,47,0,5,1,76,,36370,47,0,5,1,35,,36395,47,0,5,1,77,,36390,47,0,5,1,16,,36369,47,0,5,1,75,,36380,47,0,5,1,32,,36372,47,0,5,1,70,,36367,47,0,5,1,29,,36368,47,0,5,1,69,,36399,47,0,5,1,28,,36391,47,0,5,1,70,,36366,47,0,5,1,28,,36381,47,0,5,1,71,,36373,47,0,5,1,32,,36363,47,0,5,1,74,,36396,47,0,5,1,33,,36387,47,0,5,1,66,,36362,47,0,5,1,26,,36378,47,0,5,1,87,,36364,47,0,5,1,85,,36392,47,0,5,1,83,,36379,47,0,5,1,41,,36365,47,0,5,1
4303,'CPWeekday',529,,37302,50,0,5,1,82,,37303,50,0,5,1,41,,37304,50,0,5,1,83,,37305,50,0,5,1,80,,37306,50,0,5,1,38,,37307,50,0,5,1,78,,37308,50,0,5,1,78,,37309,50,0,5,1,39,,37310,50,0,5,1
4403,'CPHoliday1',752,,37320,34,0,5,1,86,,37321,34,0,5,1,85,,37322,34,0,5,1,85,,37323,34,0,5,1,31,,37324,34,0,5,1,71,,37325,34,0,5,1,30,,37326,34,0,5,1,70,,37327,34,0,5,1,30,,37328,34,0,5,1,70,,37329,34,0,5,1,30,,37330,34,0,5,1,70,,37331,34,0,5,1,30,,37332,34,0,5,1,70,,37333,34,0,5,1,30,,37334,34,0,5,1,70,,37335,34,0,5,1,30,,37336,34,0,5,1,70,,37337,34,0,5,1,29,,37338,34,0,5,1,85,,37339,34,0,5,1,85,,37340,34,0,5,1,44,,37341,34,0,5,1,85,,37342,34,0,5,1,85,,37343,34,0,5,1,80,,37344,34,0,5,1
4403,'CPSaturday',754,,37345,34,0,5,1,85,,37346,34,0,5,1,86,,37347,34,0,5,1,85,,37348,34,0,5,1,45,,37349,34,0,5,1,85,,37350,34,0,5,1,85,,37351,34,0,5,1,85,,37352,34,0,5,1,30,,37353,34,0,5,1,70,,37354,34,0,5,1,30,,37355,34,0,5,1,70,,37356,34,0,5,1,30,,37357,34,0,5,1,70,,37358,34,0,5,1,30,,37359,34,0,5,1,70,,37360,34,0,5,1,30,,37361,34,0,5,1,70,,37362,34,0,5,1,30,,37363,34,0,5,1,70,,37364,34,0,5,1,30,,37365,34,0,5,1,80,,37366,34,0,5,1,81,,37367,34,0,5,1,39,,37368,34,0,5,1,85,,37369,34,0,5,1
4403,'CPSunday',752,,37370,34,0,5,1,86,,37371,34,0,5,1,85,,37372,34,0,5,1,85,,37373,34,0,5,1,31,,37374,34,0,5,1,71,,37375,34,0,5,1,30,,37376,34,0,5,1,70,,37377,34,0,5,1,30,,37378,34,0,5,1,70,,37379,34,0,5,1,30,,37380,34,0,5,1,70,,37381,34,0,5,1,30,,37382,34,0,5,1,70,,37383,34,0,5,1,30,,37384,34,0,5,1,70,,37385,34,0,5,1,30,,37386,34,0,5,1,70,,37387,34,0,5,1,29,,37388,34,0,5,1,85,,37389,34,0,5,1,85,,37390,34,0,5,1,44,,37391,34,0,5,1,85,,37392,34,0,5,1,85,,37393,34,0,5,1,80,,37394,34,0,5,1
4403,'CPWeekday',558,,37395,34,0,5,1,55,,37396,34,0,5,1,19,,37397,34,0,5,1,18,,37398,34,0,5,1,60,,37399,34,0,5,1,21,,37400,34,0,5,1,20,,37401,34,0,5,1,60,,37402,34,0,5,1,20,,37403,34,0,5,1,20,,37404,34,0,5,1,60,,37405,34,0,5,1,20,,37406,34,0,5,1,20,,37407,34,0,5,1,61,,37408,34,0,5,1,20,,37409,34,0,5,1,20,,37410,34,0,5,1,58,,37411,34,0,5,1,18,,37412,34,0,5,1,18,,37413,34,0,5,1,58,,37414,34,0,5,1,18,,37415,34,0,5,1,20,,37416,34,0,5,1,60,,37417,34,0,5,1,20,,37418,34,0,5,1,20,,37419,34,0,5,1,60,,37420,34,0,5,1,20,,37421,34,0,5,1,10,,37422,34,0,5,1,16,,37423,34,0,5,1,55,,37424,34,0,5,1,15,,37425,34,0,5,1,13,,37426,34,0,5,1,14,,37427,34,0,5,1,14,,37428,34,0,5,1,54,,37429,34,0,5,1,14,,37430,34,0,5,1,12,,37431,34,0,5,1,12,,37432,34,0,5,1,54,,37433,34,0,5,1,14,,37434,34,0,5,1,15,,37435,34,0,5,1,13,,37436,34,0,5,1,55,,37437,34,0,5,1,15,,37438,34,0,5,1,13,,37439,34,0,5,1,12,,37440,34,0,5,1,12,,37441,34,0,5,1,55,,37442,34,0,5,1,13,,37443,34,0,5,1,13,,37444,34,0,5,1,14,,37445,34,0,5,1,52,,37446,34,0,5,1,12,,37447,34,0,5,1,14,,37448,34,0,5,1,18,,37449,34,0,5,1,80,,37450,34,0,5,1,84,,37451,34,0,5,1,43,,37452,34,0,5,1,83,,37453,34,0,5,1,84,,37454,34,0,5,1,84,,37455,34,0,5,1,42,,37456,34,0,5,1
10804,'CPWeekday',1517,,41432,5,0,41 22 28 42 30,1,31,,41433,5,0,41 22 28 42 30,1,55,,41434,5,0,41 22 28 42 30,1,12,,41435,5,0,41 22 28 42 30,1,10,,41436,5,0,41 22 28 42 30,1,12,,41431,5,0,41 22 28 42 30,1,5,,41437,5,0,41 22 28 42 30,1,15,,41438,5,0,41 22 28 42 30,1,56,,41439,5,0,41 22 28 42 30,1,29,,41440,5,0,41 22 28 42 30,1,69,,41441,5,0,41 22 28 42 30,1,30,,41442,5,0,41 22 28 42 30,1,71,,41443,5,0,41 22 28 42 30,1,30,,41444,5,0,41 22 28 42 30,1,69,,41445,5,0,41 22 28 42 30,1
