101,'CPHoliday1',619,,13963,59,4,,1,30,,13964,59,4,,1,70,,13965,59,4,,1,30,,13966,59,4,,1,70,,13967,59,4,,1,30,,13968,59,4,,1,72,,13969,59,4,,1,33,,13970,59,4,,1,70,,13971,59,4,,1,20,,13972,59,4,,1,60,,13973,59,4,,1,20,,13974,59,4,,1,20,,13975,59,4,,1,61,,13976,59,4,,1,22,,13977,59,4,,1,22,,13978,59,4,,1,61,,13979,59,4,,1,20,,13980,59,4,,1,20,,13981,59,4,,1,60,,13982,59,4,,1,20,,13983,59,4,,1,20,,13984,59,4,,1,61,,13985,59,4,,1,20,,13986,59,4,,1,21,,13987,59,4,,1,60,,13988,59,4,,1,20,,13989,59,4,,1,20,,13990,59,4,,1,60,,13991,59,4,,1,20,,13992,59,4,,1,20,,13993,59,4,,1,59,,13994,59,4,,1,20,,13995,59,4,,1,18,,13996,59,4,,1,59,,13997,59,4,,1,20,,13998,59,4,,1,20,,13999,59,4,,1,60,,14000,59,4,,1,25,,14001,59,4,,1,25,,14002,59,4,,1,63,,14003,59,4,,1,25,,14004,59,4,,1,66,,14005,59,4,,1,26,,14006,59,4,,1,65,,14007,59,4,,1,22,,14008,59,4,,1,22,,14009,59,4,,1,64,,14010,59,4,,1,30,,14011,59,4,,1,71,,14012,59,4,,1,32,,14013,59,4,,1,72,,14014,59,4,,1
101,'CPSaturday',243,,14079,59,4,,1,70,,14080,59,4,,1,30,,14081,59,4,,1,70,,14082,59,4,,1,25,,14083,59,4,,1,65,,14015,59,4,,1,20,,14016,59,4,,1,23,,14017,59,4,,1,63,,14018,59,4,,1,21,,14019,59,4,,1,18,,14020,59,4,,1,59,,14021,59,4,,1,19,,14022,59,4,,1,20,,14023,59,4,,1,59,,14024,59,4,,1,20,,14025,59,4,,1,20,,14026,59,4,,1,60,,14027,59,4,,1,20,,14028,59,4,,1,20,,14029,59,4,,1,60,,14030,59,4,,1,21,,14031,59,4,,1,22,,14032,59,4,,1,62,,14033,59,4,,1,20,,14034,59,4,,1,20,,14035,59,4,,1,60,,14036,59,4,,1,20,,14037,59,4,,1,20,,14038,59,4,,1,61,,14039,59,4,,1,21,,14040,59,4,,1,21,,14041,59,4,,1,60,,14042,59,4,,1,20,,14043,59,4,,1,20,,14044,59,4,,1,60,,14045,59,4,,1,20,,14046,59,4,,1,20,,14047,59,4,,1,60,,14048,59,4,,1,20,,14049,59,4,,1,19,,14050,59,4,,1,60,,14051,59,4,,1,20,,14052,59,4,,1,20,,14053,59,4,,1,60,,14054,59,4,,1,20,,14055,59,4,,1,20,,14056,59,4,,1,59,,14057,59,4,,1,18,,14058,59,4,,1,19,,14059,59,4,,1,59,,14060,59,4,,1,20,,14061,59,4,,1,20,,14062,59,4,,1,60,,14063,59,4,,1,20,,14064,59,4,,1,20,,14065,59,4,,1,60,,14066,59,4,,1,20,,14067,59,4,,1,20,,14068,59,4,,1,64,,14069,59,4,,1,17,,14070,59,4,,1,20,,14071,59,4,,1,65,,14072,59,4,,1,25,,14073,59,4,,1,65,,14074,59,4,,1,25,,14075,59,4,,1,25,,14076,59,4,,1,65,,14077,59,4,,1,30,,14078,59,4,,1
101,'CPSunday',619,,14084,59,4,,1,30,,14085,59,4,,1,70,,14086,59,4,,1,30,,14087,59,4,,1,70,,14088,59,4,,1,30,,14089,59,4,,1,72,,14090,59,4,,1,33,,14091,59,4,,1,70,,14092,59,4,,1,20,,14093,59,4,,1,60,,14094,59,4,,1,20,,14095,59,4,,1,20,,14096,59,4,,1,61,,14097,59,4,,1,22,,14098,59,4,,1,22,,14099,59,4,,1,61,,14100,59,4,,1,20,,14101,59,4,,1,20,,14102,59,4,,1,60,,14103,59,4,,1,20,,14104,59,4,,1,20,,14105,59,4,,1,61,,14106,59,4,,1,20,,14107,59,4,,1,21,,14108,59,4,,1,60,,14109,59,4,,1,20,,14110,59,4,,1,20,,14111,59,4,,1,60,,14112,59,4,,1,20,,14113,59,4,,1,20,,14114,59,4,,1,59,,14115,59,4,,1,20,,14116,59,4,,1,18,,14117,59,4,,1,59,,14118,59,4,,1,20,,14119,59,4,,1,20,,14120,59,4,,1,60,,14121,59,4,,1,25,,14122,59,4,,1,25,,14123,59,4,,1,63,,14124,59,4,,1,25,,14125,59,4,,1,66,,14126,59,4,,1,26,,14127,59,4,,1,65,,14128,59,4,,1,22,,14129,59,4,,1,22,,14130,59,4,,1,64,,14131,59,4,,1,30,,14132,59,4,,1,71,,14133,59,4,,1,32,,14134,59,4,,1,72,,14135,59,4,,1
101,'CPWeekday',242,,14217,59,4,,1,70,,14218,59,4,,1,30,,14219,59,4,,1,70,,14220,59,4,,1,32,,14221,59,4,,1,75,,14136,59,4,,1,15,,14137,59,4,,1,15,,14138,59,4,,1,55,,14139,59,4,,1,15,,14140,59,4,,1,17,,14141,59,4,,1,20,,14142,59,4,,1,58,,14143,59,4,,1,16,,14144,59,4,,1,15,,14145,59,4,,1,55,,14146,59,4,,1,15,,14147,59,4,,1,15,,14148,59,4,,1,15,,14149,59,4,,1,55,,14150,59,4,,1,15,,14151,59,4,,1,15,,14152,59,4,,1,15,,14153,59,4,,1,55,,14154,59,4,,1,15,,14155,59,4,,1,15,,14156,59,4,,1,15,,14157,59,4,,1,55,,14158,59,4,,1,15,,14159,59,4,,1,15,,14160,59,4,,1,15,,14161,59,4,,1,55,,14162,59,4,,1,15,,14163,59,4,,1,15,,14164,59,4,,1,15,,14165,59,4,,1,55,,14166,59,4,,1,15,,14167,59,4,,1,15,,14168,59,4,,1,15,,14169,59,4,,1,55,,14170,59,4,,1,16,,14171,59,4,,1,17,,14172,59,4,,1,15,,14173,59,4,,1,58,,14174,59,4,,1,15,,14175,59,4,,1,15,,14176,59,4,,1,15,,14177,59,4,,1,57,,14178,59,4,,1,15,,14179,59,4,,1,15,,14180,59,4,,1,15,,14181,59,4,,1,55,,14182,59,4,,1,15,,14183,59,4,,1,15,,14184,59,4,,1,15,,14185,59,4,,1,54,,14186,59,4,,1,13,,14187,59,4,,1,16,,14188,59,4,,1,14,,14189,59,4,,1,53,,14190,59,4,,1,16,,14191,59,4,,1,18,,14192,59,4,,1,16,,14193,59,4,,1,54,,14194,59,4,,1,12,,14195,59,4,,1,13,,14196,59,4,,1,12,,14197,59,4,,1,13,,14198,59,4,,1,55,,14199,59,4,,1,15,,14200,59,4,,1,15,,14201,59,4,,1,15,,14202,59,4,,1,52,,14203,59,4,,1,13,,14204,59,4,,1,17,,14205,59,4,,1,18,,14206,59,4,,1,58,,14207,59,4,,1,18,,14208,59,4,,1,20,,14209,59,4,,1,60,,14210,59,4,,1,20,,14211,59,4,,1,20,,14212,59,4,,1,60,,14213,59,4,,1,20,,14214,59,4,,1,20,,14215,59,4,,1,59,,14216,59,4,,1
1104,'MAHoliday1',657,,17737,11,4,,1,62,,17718,11,4,,1,22,,17705,11,4,,1,62,,17733,11,4,,1,23,,17719,11,4,,1,24,,17704,11,4,,1,62,,17735,11,4,,1,23,,17720,11,4,,1,23,,17706,11,4,,1,65,,17736,11,4,,1,24,,17725,11,4,,1,58,,17708,11,4,,1,17,,17694,11,4,,1,18,,17743,11,4,,1,18,,17726,11,4,,1,58,,17711,11,4,,1,18,,17696,11,4,,1,18,,17744,11,4,,1,58,,17728,11,4,,1,18,,17710,11,4,,1,18,,17695,11,4,,1,59,,17742,11,4,,1,18,,17727,11,4,,1,18,,17712,11,4,,1,59,,17697,11,4,,1,19,,17741,11,4,,1,18,,17724,11,4,,1,19,,17713,11,4,,1,59,,17698,11,4,,1,19,,17740,11,4,,1,19,,17723,11,4,,1,58,,17714,11,4,,1,18,,17699,11,4,,1,19,,17745,11,4,,1,59,,17729,11,4,,1,18,,17707,11,4,,1,19,,17700,11,4,,1,58,,17749,11,4,,1,18,,17730,11,4,,1,17,,17716,11,4,,1,18,,17702,11,4,,1,59,,17748,11,4,,1,17,,17732,11,4,,1,17,,17715,11,4,,1,58,,17703,11,4,,1,18,,17747,11,4,,1,17,,17731,11,4,,1,17,,17709,11,4,,1,57,,17701,11,4,,1,23,,17746,11,4,,1,63,,17721,11,4,,1,21,,17691,11,4,,1,23,,17738,11,4,,1,63,,17722,11,4,,1,22,,17692,11,4,,1,23,,17739,11,4,,1,62,,17717,11,4,,1,21,,17693,11,4,,1,22,,17734,11,4,,1
1104,'MASaturday',538,,17750,11,4,,1,63,,17751,11,4,,1,24,,17752,11,4,,1,24,,17753,11,4,,1,63,,17754,11,4,,1,20,,17755,11,4,,1,17,,17756,11,4,,1,58,,17757,11,4,,1,18,,17758,11,4,,1,18,,17759,11,4,,1,58,,17760,11,4,,1,18,,17761,11,4,,1,5,,17762,11,4,,1,18,,17763,11,4,,1,59,,17764,11,4,,1,18,,17765,11,4,,1,17,,17766,11,4,,1,18,,17767,11,4,,1,59,,17768,11,4,,1,18,,17769,11,4,,1,18,,17770,11,4,,1,58,,17771,11,4,,1,18,,17772,11,4,,1,18,,17773,11,4,,1,58,,17774,11,4,,1,19,,17775,11,4,,1,18,,17776,11,4,,1,19,,17777,11,4,,1,59,,17778,11,4,,1,19,,17779,11,4,,1,19,,17780,11,4,,1,59,,17781,11,4,,1,20,,17782,11,4,,1,19,,17783,11,4,,1,59,,17784,11,4,,1,19,,17785,11,4,,1,19,,17786,11,4,,1,59,,17787,11,4,,1,19,,17788,11,4,,1,19,,17789,11,4,,1,58,,17790,11,4,,1,20,,17791,11,4,,1,19,,17792,11,4,,1,59,,17793,11,4,,1,19,,17794,11,4,,1,19,,17795,11,4,,1,17,,17796,11,4,,1,59,,17797,11,4,,1,18,,17798,11,4,,1,17,,17799,11,4,,1,58,,17800,11,4,,1,18,,17801,11,4,,1,18,,17802,11,4,,1,57,,17803,11,4,,1,16,,17804,11,4,,1,18,,17805,11,4,,1,16,,17806,11,4,,1,57,,17807,11,4,,1,18,,17808,11,4,,1,20,,17809,11,4,,1,62,,17810,11,4,,1,20,,17811,11,4,,1,20,,17812,11,4,,1,61,,17813,11,4,,1,21,,17814,11,4,,1,18,,17815,11,4,,1
1104,'MASunday',657,,17862,11,4,,1,62,,17843,11,4,,1,22,,17830,11,4,,1,62,,17858,11,4,,1,23,,17844,11,4,,1,24,,17829,11,4,,1,62,,17860,11,4,,1,23,,17845,11,4,,1,23,,17831,11,4,,1,65,,17861,11,4,,1,24,,17850,11,4,,1,58,,17833,11,4,,1,17,,17819,11,4,,1,18,,17868,11,4,,1,18,,17851,11,4,,1,58,,17836,11,4,,1,18,,17821,11,4,,1,18,,17869,11,4,,1,58,,17853,11,4,,1,18,,17835,11,4,,1,18,,17820,11,4,,1,59,,17867,11,4,,1,18,,17852,11,4,,1,18,,17837,11,4,,1,59,,17822,11,4,,1,19,,17866,11,4,,1,18,,17849,11,4,,1,19,,17838,11,4,,1,59,,17823,11,4,,1,19,,17865,11,4,,1,19,,17848,11,4,,1,58,,17839,11,4,,1,18,,17824,11,4,,1,19,,17870,11,4,,1,59,,17854,11,4,,1,18,,17832,11,4,,1,19,,17825,11,4,,1,58,,17874,11,4,,1,18,,17855,11,4,,1,17,,17841,11,4,,1,18,,17827,11,4,,1,59,,17873,11,4,,1,17,,17857,11,4,,1,17,,17840,11,4,,1,58,,17828,11,4,,1,18,,17872,11,4,,1,17,,17856,11,4,,1,17,,17834,11,4,,1,57,,17826,11,4,,1,23,,17871,11,4,,1,63,,17846,11,4,,1,21,,17816,11,4,,1,23,,17863,11,4,,1,63,,17847,11,4,,1,22,,17817,11,4,,1,23,,17864,11,4,,1,62,,17842,11,4,,1,21,,17818,11,4,,1,22,,17859,11,4,,1
1104,'MAWeekday',447,,17875,11,4,,1,71,,17876,11,4,,1,13,,17877,11,4,,1,16,,17878,11,4,,1,54,,17879,11,4,,1,13,,17880,11,4,,1,12,,17881,11,4,,1,10,,17882,11,4,,1,10,,17883,11,4,,1,11,,17884,11,4,,1,50,,17885,11,4,,1,10,,17886,11,4,,1,12,,17887,11,4,,1,11,,17888,11,4,,1,9,,17889,11,4,,1,51,,17890,11,4,,1,10,,17891,11,4,,1,10,,17892,11,4,,1,11,,17893,11,4,,1,15,,17894,11,4,,1,55,,17895,11,4,,1,15,,17896,11,4,,1,15,,17897,11,4,,1,15,,17898,11,4,,1,55,,17899,11,4,,1,15,,17900,11,4,,1,15,,17901,11,4,,1,15,,17902,11,4,,1,55,,17903,11,4,,1,15,,17904,11,4,,1,15,,17905,11,4,,1,15,,17906,11,4,,1,55,,17907,11,4,,1,15,,17908,11,4,,1,15,,17909,11,4,,1,15,,17910,11,4,,1,55,,17911,11,4,,1,15,,17912,11,4,,1,15,,17913,11,4,,1,15,,17914,11,4,,1,55,,17915,11,4,,1,17,,17916,11,4,,1,15,,17917,11,4,,1,15,,17918,11,4,,1,54,,17919,11,4,,1,12,,17920,11,4,,1,11,,17921,11,4,,1,12,,17922,11,4,,1,12,,17923,11,4,,1,55,,17924,11,4,,1,13,,17925,11,4,,1,12,,17926,11,4,,1,12,,17927,11,4,,1,12,,17928,11,4,,1,52,,17929,11,4,,1,13,,17930,11,4,,1,12,,17931,11,4,,1,12,,17932,11,4,,1,11,,17933,11,4,,1,53,,17934,11,4,,1,11,,17935,11,4,,1,11,,17936,11,4,,1,12,,17937,11,4,,1,12,,17938,11,4,,1,58,,17939,11,4,,1,19,,17940,11,4,,1,18,,17941,11,4,,1,59,,17942,11,4,,1,18,,17943,11,4,,1,18,,17944,11,4,,1,58,,17945,11,4,,1,18,,17946,11,4,,1,16,,17947,11,4,,1,18,,17948,11,4,,1,64,,17949,11,4,,1,24,,17950,11,4,,1,63,,17951,11,4,,1,22,,17952,11,4,,1,23,,17953,11,4,,1,63,,17954,11,4,,1,21,,17955,11,4,,1,23,,17956,11,4,,1,62,,17957,11,4,,1,29,,17958,11,4,,1,70,,17959,11,4,,1,30,,17960,11,4,,1,69,,17961,11,4,,1
2001,'CPHoliday1',757,,19025,33,4,,1,65,,19026,33,4,,1,26,,19027,33,4,,1,67,,19028,33,4,,1,28,,19029,33,4,,1,68,,19030,33,4,,1,28,,19031,33,4,,1,69,,19032,33,4,,1,30,,19033,33,4,,1,69,,19034,33,4,,1,33,,19035,33,4,,1,74,,19036,33,4,,1,33,,19037,33,4,,1,72,,19038,33,4,,1,32,,19039,33,4,,1,72,,19040,33,4,,1,32,,19041,33,4,,1,72,,19042,33,4,,1,32,,19043,33,4,,1,72,,19044,33,4,,1,72,,19045,33,4,,1,30,,19046,33,4,,1,69,,19047,33,4,,1,29,,19048,33,4,,1,27,,19049,33,4,,1,62,,19050,33,4,,1,28,,19051,33,4,,1
2001,'CPSaturday',641,,19063,33,4,,1,66,,19064,33,4,,1,26,,19075,33,4,,1,69,,19062,33,4,,1,28,,19060,33,4,,1,70,,19058,33,4,,1,32,,19076,33,4,,1,70,,19061,33,4,,1,33,,19059,33,4,,1,72,,19077,33,4,,1,33,,19057,33,4,,1,73,,19056,33,4,,1,33,,19078,33,4,,1,72,,19055,33,4,,1,32,,19054,33,4,,1,72,,19079,33,4,,1,32,,19053,33,4,,1,72,,19052,33,4,,1,32,,19074,33,4,,1,72,,19080,33,4,,1,72,,19071,33,4,,1,32,,19072,33,4,,1,72,,19084,33,4,,1,32,,19073,33,4,,1,72,,19068,33,4,,1,30,,19083,33,4,,1,71,,19069,33,4,,1,32,,19070,33,4,,1,72,,19082,33,4,,1,32,,19065,33,4,,1,68,,19066,33,4,,1,28,,19067,33,4,,1,76,,19081,33,4,,1
2001,'CPSunday',757,,19085,33,4,,1,65,,19086,33,4,,1,26,,19087,33,4,,1,67,,19088,33,4,,1,28,,19089,33,4,,1,68,,19090,33,4,,1,28,,19091,33,4,,1,69,,19092,33,4,,1,30,,19093,33,4,,1,69,,19094,33,4,,1,33,,19095,33,4,,1,74,,19096,33,4,,1,33,,19097,33,4,,1,72,,19098,33,4,,1,32,,19099,33,4,,1,72,,19100,33,4,,1,32,,19101,33,4,,1,72,,19102,33,4,,1,32,,19103,33,4,,1,72,,19104,33,4,,1,72,,19105,33,4,,1,30,,19106,33,4,,1,69,,19107,33,4,,1,29,,19108,33,4,,1,27,,19109,33,4,,1,62,,19110,33,4,,1,28,,19111,33,4,,1
2001,'CPWeekday',506,,19151,33,4,,1,21,,19150,33,4,,1,20,,19156,33,4,,1,63,,19149,33,4,,1,24,,19148,33,4,,1,25,,19141,33,4,,1,62,,19157,33,4,,1,24,,19144,33,4,,1,65,,19138,33,4,,1,25,,19137,33,4,,1,23,,19152,33,4,,1,65,,19140,33,4,,1,22,,19136,33,4,,1,64,,19133,33,4,,1,24,,19154,33,4,,1,24,,19142,33,4,,1,64,,19124,33,4,,1,24,,19126,33,4,,1,64,,19153,33,4,,1,24,,19139,33,4,,1,24,,19127,33,4,,1,65,,19123,33,4,,1,24,,19155,33,4,,1,66,,19143,33,4,,1,25,,19128,33,4,,1,66,,19121,33,4,,1,25,,19160,33,4,,1,20,,19122,33,4,,1,60,,19147,33,4,,1,19,,19129,33,4,,1,25,,19118,33,4,,1,63,,19158,33,4,,1,22,,19117,33,4,,1,22,,19145,33,4,,1,61,,19125,33,4,,1,20,,19119,33,4,,1,60,,19159,33,4,,1,20,,19116,33,4,,1,18,,19146,33,4,,1,17,,19134,33,4,,1,55,,19120,33,4,,1,35,,19115,33,4,,1,79,,19130,33,4,,1,80,,19114,33,4,,1,40,,19131,33,4,,1,78,,19113,33,4,,1,80,,19135,33,4,,1,35,,19112,33,4,,1,76,,19132,33,4,,1
3501,'CPHoliday1',715,,21366,52,4,,1,21,,21360,52,4,,1,21,,21355,52,4,,1,61,,21356,52,4,,1,21,,21357,52,4,,1,61,,21358,52,4,,1,21,,21359,52,4,,1,22,,21362,52,4,,1,63,,21354,52,4,,1,23,,21350,52,4,,1,23,,21351,52,4,,1,63,,21353,52,4,,1,22,,21352,52,4,,1,64,,21348,52,4,,1,23,,21364,52,4,,1,23,,21349,52,4,,1,63,,21345,52,4,,1,24,,21346,52,4,,1,23,,21347,52,4,,1,64,,21342,52,4,,1,22,,21343,52,4,,1,64,,21361,52,4,,1,23,,21344,52,4,,1,25,,21341,52,4,,1,64,,21338,52,4,,1,24,,21340,52,4,,1,64,,21339,52,4,,1,24,,21337,52,4,,1,24,,21363,52,4,,1,63,,21336,52,4,,1,23,,21335,52,4,,1,64,,21334,52,4,,1,23,,21333,52,4,,1,23,,21331,52,4,,1,62,,21329,52,4,,1,21,,21365,52,4,,1,22,,21332,52,4,,1,62,,21327,52,4,,1,23,,21325,52,4,,1,61,,21324,52,4,,1,22,,21322,52,4,,1,19,,21323,52,4,,1,15,,21367,52,4,,1,63,,21330,52,4,,1,20,,21328,52,4,,1,18,,21326,52,4,,1,58,,21321,52,4,,1
3501,'CPSaturday',601,,21423,52,4,,1,22,,21422,52,4,,1,22,,21421,52,4,,1,62,,21418,52,4,,1,20,,21416,52,4,,1,22,,21420,52,4,,1,60,,21419,52,4,,1,24,,21417,52,4,,1,23,,21411,52,4,,1,63,,21412,52,4,,1,25,,21413,52,4,,1,66,,21415,52,4,,1,24,,21414,52,4,,1,25,,21409,52,4,,1,66,,21406,52,4,,1,24,,21407,52,4,,1,64,,21408,52,4,,1,24,,21410,52,4,,1,64,,21405,52,4,,1,25,,21402,52,4,,1,26,,21403,52,4,,1,64,,21404,52,4,,1,19,,21400,52,4,,1,17,,21401,52,4,,1,59,,21399,52,4,,1,18,,21398,52,4,,1,16,,21396,52,4,,1,56,,21397,52,4,,1,17,,21395,52,4,,1,17,,21393,52,4,,1,14,,21392,52,4,,1,56,,21391,52,4,,1,16,,21394,52,4,,1,16,,21389,52,4,,1,16,,21390,52,4,,1,55,,21385,52,4,,1,15,,21382,52,4,,1,15,,21383,52,4,,1,16,,21373,52,4,,1,56,,21379,52,4,,1,16,,21372,52,4,,1,18,,21374,52,4,,1,59,,21375,52,4,,1,24,,21378,52,4,,1,25,,21388,52,4,,1,64,,21371,52,4,,1,21,,21384,52,4,,1,22,,21380,52,4,,1,62,,21369,52,4,,1,22,,21376,52,4,,1,62,,21370,52,4,,1,21,,21386,52,4,,1,22,,21368,52,4,,1,78,,21381,52,4,,1,77,,21377,52,4,,1,37,,21387,52,4,,1
3501,'CPSunday',715,,21469,52,4,,1,21,,21463,52,4,,1,21,,21458,52,4,,1,61,,21459,52,4,,1,21,,21460,52,4,,1,61,,21461,52,4,,1,21,,21462,52,4,,1,22,,21465,52,4,,1,63,,21457,52,4,,1,23,,21453,52,4,,1,23,,21454,52,4,,1,63,,21456,52,4,,1,22,,21455,52,4,,1,64,,21451,52,4,,1,23,,21467,52,4,,1,23,,21452,52,4,,1,63,,21448,52,4,,1,24,,21449,52,4,,1,23,,21450,52,4,,1,64,,21445,52,4,,1,22,,21446,52,4,,1,64,,21464,52,4,,1,23,,21447,52,4,,1,25,,21444,52,4,,1,64,,21441,52,4,,1,24,,21443,52,4,,1,64,,21442,52,4,,1,24,,21440,52,4,,1,24,,21466,52,4,,1,63,,21439,52,4,,1,23,,21438,52,4,,1,64,,21437,52,4,,1,23,,21436,52,4,,1,23,,21434,52,4,,1,62,,21432,52,4,,1,21,,21468,52,4,,1,22,,21435,52,4,,1,62,,21430,52,4,,1,23,,21428,52,4,,1,61,,21427,52,4,,1,22,,21425,52,4,,1,19,,21426,52,4,,1,15,,21470,52,4,,1,63,,21433,52,4,,1,20,,21431,52,4,,1,18,,21429,52,4,,1,58,,21424,52,4,,1
3501,'CPWeekday',425,,21471,52,4,,1,25,,21472,52,4,,1,61,,21473,52,4,,1,20,,21474,52,4,,1,25,,21475,52,4,,1,55,,21476,52,4,,1,17,,21477,52,4,,1,14,,21478,52,4,,1,15,,21479,52,4,,1,54,,21480,52,4,,1,16,,21481,52,4,,1,14,,21482,52,4,,1,14,,21483,52,4,,1,55,,21484,52,4,,1,15,,21485,52,4,,1,15,,21486,52,4,,1,15,,21487,52,4,,1,55,,21488,52,4,,1,15,,21489,52,4,,1,15,,21490,52,4,,1,15,,21491,52,4,,1,51,,21492,52,4,,1,15,,21493,52,4,,1,15,,21494,52,4,,1,15,,21495,52,4,,1,55,,21496,52,4,,1,15,,21497,52,4,,1,14,,21498,52,4,,1,16,,21499,52,4,,1,55,,21500,52,4,,1,14,,21501,52,4,,1,15,,21502,52,4,,1,15,,21503,52,4,,1,55,,21504,52,4,,1,15,,21505,52,4,,1,16,,21506,52,4,,1,15,,21507,52,4,,1,55,,21508,52,4,,1,15,,21509,52,4,,1,10,,21510,52,4,,1,11,,21511,52,4,,1,12,,21512,52,4,,1,54,,21513,52,4,,1,17,,21514,52,4,,1,15,,21515,52,4,,1,17,,21516,52,4,,1,56,,21517,52,4,,1,15,,21518,52,4,,1,16,,21519,52,4,,1,56,,21520,52,4,,1,15,,21521,52,4,,1,16,,21522,52,4,,1,15,,21523,52,4,,1,13,,21524,52,4,,1,54,,21525,52,4,,1,14,,21526,52,4,,1,14,,21527,52,4,,1,14,,21528,52,4,,1,56,,21529,52,4,,1,14,,21530,52,4,,1,12,,21531,52,4,,1,14,,21532,52,4,,1,55,,21533,52,4,,1,15,,21534,52,4,,1,14,,21535,52,4,,1,13,,21536,52,4,,1,54,,21537,52,4,,1,14,,21538,52,4,,1,14,,21539,52,4,,1,15,,21540,52,4,,1,59,,21541,52,4,,1,20,,21542,52,4,,1,28,,21543,52,4,,1,70,,21544,52,4,,1,32,,21545,52,4,,1,73,,21546,52,4,,1,30,,21547,52,4,,1,73,,21548,52,4,,1,75,,21549,52,4,,1
7001,'CPWeekday',1516,,25734,24,4,,1,21,,25735,24,4,,1,21,,25736,24,4,,1,63,,25737,24,4,,1,14,,25738,24,4,,1,17,,25739,24,4,,1,56,,25740,24,4,,1,15,,25741,24,4,,1,14,,25742,24,4,,1,14,,25743,24,4,,1,54,,25744,24,4,,1,12,,25745,24,4,,1,19,,25746,24,4,,1,19,,25747,24,4,,1,59,,25748,24,4,,1
