3803,'CPHoliday1',839,,36299,68,0,5,1,94,,36310,68,0,5,1,94,,36300,68,0,5,1,91,,36301,68,0,5,1,98,,36306,68,0,5,1,97,,36303,68,0,5,1,96,,36302,68,0,5,1,95,,36309,68,0,5,1,97,,36304,68,0,5,1,55,,36308,68,0,5,1,93,,36305,68,0,5,1,94,,36307,68,0,5,1,93,,36311,68,0,5,1,92,,36313,68,0,5,1,88,,36312,68,0,5,1
3803,'CPSaturday',727,,36328,68,0,5,1,78,,36329,68,0,5,1,30,,36330,68,0,5,1,73,,36331,68,0,5,1,31,,36332,68,0,5,1,71,,36333,68,0,5,1,34,,36334,68,0,5,1,74,,36335,68,0,5,1,31,,36336,68,0,5,1,74,,36337,68,0,5,1,34,,36338,68,0,5,1,74,,36339,68,0,5,1,75,,36340,68,0,5,1,34,,36341,68,0,5,1,77,,36342,68,0,5,1,35,,36343,68,0,5,1,75,,36344,68,0,5,1,76,,36345,68,0,5,1,34,,36314,68,0,5,1,73,,36315,68,0,5,1,34,,36316,68,0,5,1,73,,36317,68,0,5,1,33,,36318,68,0,5,1,70,,36319,68,0,5,1,31,,36320,68,0,5,1,72,,36321,68,0,5,1,32,,36322,68,0,5,1,68,,36323,68,0,5,1,30,,36324,68,0,5,1,68,,36325,68,0,5,1,27,,36326,68,0,5,1,63,,36327,68,0,5,1
3803,'CPSunday',839,,36346,68,0,5,1,94,,36357,68,0,5,1,94,,36347,68,0,5,1,91,,36348,68,0,5,1,98,,36353,68,0,5,1,97,,36350,68,0,5,1,96,,36349,68,0,5,1,95,,36356,68,0,5,1,97,,36351,68,0,5,1,55,,36355,68,0,5,1,93,,36352,68,0,5,1,94,,36354,68,0,5,1,93,,36358,68,0,5,1,92,,36360,68,0,5,1,88,,36359,68,0,5,1
3803,'CPWeekday',504,,36393,8,0,5,1,21,,36397,74,0,5,1,31,,36386,74,0,5,1,63,,36385,74,0,5,1,30,,36383,74,0,5,1,68,,36382,74,0,5,1,30,,36384,74,0,5,1,74,,36394,74,0,5,1,27,,36361,57,0,5,1,5,,36388,74,0,5,1,75,,36377,74,0,5,1,75,,36375,74,0,5,1,38,,36374,74,0,5,1,78,,36398,74,0,5,1,40,,36389,74,0,5,1,78,,36376,74,0,5,1,77,,36371,74,0,5,1,36,,36370,74,0,5,1,75,,36395,74,0,5,1,78,,36390,74,0,5,1,16,,36369,74,0,5,1,35,,36380,74,0,5,1,73,,36372,74,0,5,1,30,,36367,74,0,5,1,69,,36368,74,0,5,1,28,,36399,74,0,5,1,68,,36391,74,0,5,1,30,,36366,74,0,5,1,67,,36381,74,0,5,1,31,,36373,74,0,5,1,69,,36363,74,0,5,1,33,,36396,74,0,5,1,73,,36387,74,0,5,1,25,,36362,74,0,5,1,66,,36378,74,0,5,1,84,,36364,74,0,5,1,44,,36392,74,0,5,1,83,,36379,74,0,5,1,81,,36365,74,0,5,1
3902,'CPHoliday1',807,,36648,74,0,5,1,41,,36643,74,0,5,1,81,,36637,74,0,5,1,82,,36634,74,0,5,1,44,,36649,74,0,5,1,83,,36646,74,0,5,1,85,,36638,74,0,5,1,86,,36633,74,0,5,1,45,,36650,74,0,5,1,84,,36644,74,0,5,1,85,,36639,74,0,5,1,86,,36632,74,0,5,1,45,,36651,74,0,5,1,85,,36645,74,0,5,1,85,,36640,74,0,5,1,82,,36631,74,0,5,1,43,,36652,74,0,5,1,80,,36641,74,0,5,1,81,,36636,74,0,5,1,42,,36630,74,0,5,1,78,,36647,74,0,5,1,79,,36642,74,0,5,1,36,,36635,74,0,5,1,70,,36629,74,0,5,1
3902,'CPSaturday',1021,,36657,74,0,5,1,295,,36656,74,0,5,1,234,,36658,74,0,5,1,68,,36655,74,0,5,1,225,,36659,74,0,5,1,70,,36654,74,0,5,1,218,,36660,74,0,5,1,26,,36653,74,0,5,1
3902,'CPSunday',807,,36680,74,0,5,1,41,,36675,74,0,5,1,81,,36669,74,0,5,1,82,,36666,74,0,5,1,44,,36681,74,0,5,1,83,,36678,74,0,5,1,85,,36670,74,0,5,1,86,,36665,74,0,5,1,45,,36682,74,0,5,1,84,,36676,74,0,5,1,85,,36671,74,0,5,1,86,,36664,74,0,5,1,45,,36683,74,0,5,1,85,,36677,74,0,5,1,85,,36672,74,0,5,1,82,,36663,74,0,5,1,43,,36684,74,0,5,1,80,,36673,74,0,5,1,81,,36668,74,0,5,1,42,,36662,74,0,5,1,78,,36679,74,0,5,1,79,,36674,74,0,5,1,36,,36667,74,0,5,1,70,,36661,74,0,5,1
3902,'MASaturday',800,,36705,74,0,5,1,27,,36701,74,0,5,1,27,,36700,74,0,5,1,67,,36694,74,0,5,1,31,,36709,74,0,5,1,97,,36702,74,0,5,1,69,,36697,74,0,5,1,28,,36693,74,0,5,1,70,,36691,74,0,5,1,30,,36708,74,0,5,1,98,,36703,74,0,5,1,73,,36698,74,0,5,1,32,,36689,74,0,5,1,71,,36685,74,0,5,1,127,,36704,74,0,5,1,70,,36695,74,0,5,1,29,,36690,74,0,5,1,67,,36686,74,0,5,1,127,,36706,74,0,5,1,67,,36696,74,0,5,1,29,,36688,74,0,5,1,67,,36687,74,0,5,1,116,,36707,74,0,5,1,22,,36699,74,0,5,1,59,,36692,74,0,5,1
3902,'MAWeekday',531,,36710,75,0,5,1,17,,36711,75,0,5,1,59,,36712,75,0,5,1,19,,36713,75,0,5,1,17,,36714,75,0,5,1,59,,36715,75,0,5,1,23,,36716,75,0,5,1,25,,36717,75,0,5,1,64,,36718,75,0,5,1,26,,36719,75,0,5,1,62,,36720,75,0,5,1,21,,36721,75,0,5,1,17,,36722,75,0,5,1,19,,36723,75,0,5,1,58,,36724,75,0,5,1,23,,36725,74,0,5,1,73,,36726,74,0,5,1,35,,36727,74,0,5,1,75,,36728,74,0,5,1,32,,36729,74,0,5,1,74,,36730,74,0,5,1,77,,36731,74,0,5,1,43,,36732,74,0,5,1,68,,36733,75,0,5,1,25,,36734,75,0,5,1,60,,36735,75,0,5,1,22,,36736,75,0,5,1,24,,36737,75,0,5,1,60,,36738,75,0,5,1,24,,36739,75,0,5,1,21,,36740,75,0,5,1,62,,36741,75,0,5,1,17,,36742,75,0,5,1,15,,36743,75,0,5,1,56,,36744,75,0,5,1,17,,36745,75,0,5,1,19,,36746,75,0,5,1,18,,36747,75,0,5,1,60,,36748,75,0,5,1,19,,36749,74,0,5,1,20,,36750,74,0,5,1,71,,36751,74,0,5,1,78,,36752,74,0,5,1,35,,36753,74,0,5,1,78,,36754,74,0,5,1,37,,36755,74,0,5,1,76,,36756,74,0,5,1,74,,36757,74,0,5,1,38,,36758,74,0,5,1
4303,'CPWeekday',543,,37302,66,0,5,1,82,,37303,66,0,5,1,82,,37304,66,0,5,1,43,,37305,66,0,5,1,80,,37306,66,0,5,1,77,,37307,66,0,5,1,37,,37308,66,0,5,1,77,,37309,66,0,5,1,79,,37310,66,0,5,1
9002,'CPWeekday',452,,40261,21,0,5,1,65,,40262,21,0,5,1,25,,40263,21,0,5,1,73,,40264,21,0,5,1,30,,40265,21,0,5,1,72,,40266,21,0,5,1,30,,40267,21,0,5,1,70,,40268,21,0,5,1,30,,40269,21,0,5,1,67,,40270,21,0,5,1,89,,40271,21,0,5,1,50,,40272,21,0,5,1,90,,40273,21,0,5,1,90,,40274,21,0,5,1,91,,40275,21,0,5,1,92,,40276,21,0,5,1,32,,40277,21,0,5,1,70,,40278,21,0,5,1,30,,40279,21,0,5,1,71,,40280,21,0,5,1,30,,40281,21,0,5,1,70,,40282,21,0,5,1,30,,40283,21,0,5,1,69,,40284,21,0,5,1,30,,40285,21,0,5,1,68,,40286,21,0,5,1,30,,40287,21,0,5,1,71,,40288,21,0,5,1,33,,40289,21,0,5,1,84,,40290,21,0,5,1,85,,40291,21,0,5,1,87,,40292,21,0,5,1,44,,40293,21,0,5,1
