3603,'CPHoliday1',726,,36047,39,4,,1,76,,36048,39,4,,1,36,,36049,39,4,,1,75,,36050,39,4,,1,35,,36051,39,4,,1,75,,36052,39,4,,1,77,,36053,39,4,,1,34,,36054,39,4,,1,76,,36055,39,4,,1,36,,36056,39,4,,1,77,,36057,39,4,,1,36,,36058,39,4,,1,74,,36059,39,4,,1,78,,36060,39,4,,1,38,,36061,39,4,,1,80,,36062,39,4,,1,76,,36063,39,4,,1,39,,36064,39,4,,1,78,,36065,39,4,,1,78,,36066,39,4,,1,34,,36067,39,4,,1,74,,36068,39,4,,1,35,,36069,39,4,,1,75,,36070,39,4,,1,34,,36071,39,4,,1,74,,36072,39,4,,1,33,,36073,39,4,,1,73,,36074,39,4,,1,73,,36075,39,4,,1,34,,36076,39,4,,1
3603,'CPSaturday',601,,36077,39,4,,1,36,,36078,39,4,,1,75,,36079,39,4,,1,36,,36080,39,4,,1,77,,36081,39,4,,1,76,,36082,39,4,,1,36,,36083,39,4,,1,80,,36084,39,4,,1,38,,36085,39,4,,1,79,,36086,39,4,,1,78,,36087,39,4,,1,39,,36088,39,4,,1,78,,36089,39,4,,1,79,,36090,39,4,,1,37,,36091,39,4,,1,78,,36092,39,4,,1,78,,36093,39,4,,1,37,,36094,39,4,,1,79,,36095,39,4,,1,38,,36096,39,4,,1,77,,36097,39,4,,1,77,,36098,39,4,,1,37,,36099,39,4,,1,79,,36100,39,4,,1,78,,36101,39,4,,1,38,,36102,39,4,,1,76,,36103,39,4,,1,36,,36104,39,4,,1,74,,36105,39,4,,1,74,,36106,39,4,,1,35,,36107,39,4,,1,75,,36108,39,4,,1,35,,36109,39,4,,1,69,,36110,39,4,,1
3603,'CPSunday',726,,36111,39,4,,1,76,,36112,39,4,,1,36,,36113,39,4,,1,75,,36114,39,4,,1,35,,36115,39,4,,1,75,,36116,39,4,,1,77,,36117,39,4,,1,34,,36118,39,4,,1,76,,36119,39,4,,1,36,,36120,39,4,,1,77,,36121,39,4,,1,36,,36122,39,4,,1,74,,36123,39,4,,1,78,,36124,39,4,,1,38,,36125,39,4,,1,80,,36126,39,4,,1,76,,36127,39,4,,1,39,,36128,39,4,,1,78,,36129,39,4,,1,78,,36130,39,4,,1,34,,36131,39,4,,1,74,,36132,39,4,,1,35,,36133,39,4,,1,75,,36134,39,4,,1,34,,36135,39,4,,1,74,,36136,39,4,,1,33,,36137,39,4,,1,73,,36138,39,4,,1,73,,36139,39,4,,1,34,,36140,39,4,,1
3603,'CPWeekday',610,,36143,39,4,,1,43,,36144,39,4,,1,82,,36145,39,4,,1,74,,36142,39,4,,1,9,,36146,39,4,,1,83,,36147,39,4,,1,45,,36148,39,4,,1,80,,36149,39,4,,1,82,,36150,39,4,,1,44,,36151,39,4,,1,84,,36152,39,4,,1,82,,36153,39,4,,1,40,,36154,39,4,,1,82,,36141,39,4,,1,5,,36155,39,4,,1,86,,36156,39,4,,1,85,,36157,39,4,,1,84,,36158,39,4,,1,43,,36159,39,4,,1,82,,36160,39,4,,1,84,,36161,39,4,,1,40,,36162,39,4,,1,80,,36163,39,4,,1,79,,36164,39,4,,1,37,,36165,39,4,,1,74,,36166,39,4,,1,35,,36167,39,4,,1,74,,36168,39,4,,1,72,,36169,39,4,,1,33,,36170,39,4,,1,71,,36171,39,4,,1,32,,36172,39,4,,1,72,,36173,39,4,,1,31,,36174,39,4,,1
3604,'CPHoliday1',735,,36175,1,0,37 38,1,75,,36176,1,0,37 38,1,35,,36177,1,0,37 38,1,75,,36178,1,0,37 38,1,35,,36179,1,0,37 38,1,75,,36180,1,0,37 38,1,75,,36181,1,0,37 38,1,35,,36182,1,0,37 38,1,75,,36183,1,0,37 38,1,35,,36184,1,0,37 38,1,75,,36185,1,0,37 38,1,76,,36186,1,0,37 38,1,36,,36187,1,0,37 38,1,78,,36188,1,0,37 38,1,38,,36189,1,0,37 38,1,78,,36190,1,0,37 38,1,78,,36191,1,0,37 38,1,38,,36192,1,0,37 38,1,78,,36193,1,0,37 38,1,75,,36194,1,0,37 38,1,35,,36195,1,0,37 38,1,75,,36196,1,0,37 38,1,35,,36197,1,0,37 38,1,75,,36198,1,0,37 38,1,35,,36199,1,0,37 38,1,75,,36200,1,0,37 38,1,75,,36201,1,0,37 38,1,35,,36202,1,0,37 38,1
3604,'CPSaturday',535,,36203,1,0,37 38,1,75,,36204,1,0,37 38,1,35,,36205,1,0,37 38,1,75,,36206,1,0,37 38,1,35,,36207,1,0,37 38,1,75,,36208,1,0,37 38,1,76,,36209,1,0,37 38,1,36,,36210,1,0,37 38,1,78,,36211,1,0,37 38,1,38,,36212,1,0,37 38,1,78,,36213,1,0,37 38,1,78,,36214,1,0,37 38,1,38,,36215,1,0,37 38,1,78,,36216,1,0,37 38,1,78,,36217,1,0,37 38,1,38,,36218,1,0,37 38,1,78,,36219,1,0,37 38,1,78,,36220,1,0,37 38,1,38,,36221,1,0,37 38,1,78,,36222,1,0,37 38,1,38,,36223,1,0,37 38,1,78,,36224,1,0,37 38,1,78,,36225,1,0,37 38,1,38,,36226,1,0,37 38,1,78,,36227,1,0,37 38,1,78,,36228,1,0,37 38,1,38,,36229,1,0,37 38,1,76,,36230,1,0,37 38,1,35,,36231,1,0,37 38,1,75,,36232,1,0,37 38,1,75,,36233,1,0,37 38,1,35,,36234,1,0,37 38,1,75,,36235,1,0,37 38,1,35,,36236,1,0,37 38,1,75,,36237,1,0,37 38,1
3604,'CPSunday',735,,36238,1,0,37 38,1,75,,36239,1,0,37 38,1,35,,36240,1,0,37 38,1,75,,36241,1,0,37 38,1,35,,36242,1,0,37 38,1,75,,36243,1,0,37 38,1,75,,36244,1,0,37 38,1,35,,36245,1,0,37 38,1,75,,36246,1,0,37 38,1,35,,36247,1,0,37 38,1,75,,36248,1,0,37 38,1,76,,36249,1,0,37 38,1,36,,36250,1,0,37 38,1,78,,36251,1,0,37 38,1,38,,36252,1,0,37 38,1,78,,36253,1,0,37 38,1,78,,36254,1,0,37 38,1,38,,36255,1,0,37 38,1,78,,36256,1,0,37 38,1,75,,36257,1,0,37 38,1,35,,36258,1,0,37 38,1,75,,36259,1,0,37 38,1,35,,36260,1,0,37 38,1,75,,36261,1,0,37 38,1,35,,36262,1,0,37 38,1,75,,36263,1,0,37 38,1,75,,36264,1,0,37 38,1,35,,36265,1,0,37 38,1
3604,'CPWeekday',540,,36268,1,0,37 38,1,80,,36269,1,0,37 38,1,80,,36270,1,0,37 38,1,44,,36271,1,0,37 38,1,84,,36272,1,0,37 38,1,84,,36273,1,0,37 38,1,44,,36274,1,0,37 38,1,82,,36275,1,0,37 38,1,82,,36276,1,0,37 38,1,82,,36277,1,0,37 38,1,42,,36278,1,0,37 38,1,82,,36279,1,0,37 38,1,84,,36280,1,0,37 38,1,7,,36266,1,0,37 38,1,2,,36267,1,0,37 38,1,35,,36281,1,0,37 38,1,84,,36282,1,0,37 38,1,84,,36283,1,0,37 38,1,84,,36284,1,0,37 38,1,44,,36285,1,0,37 38,1,84,,36286,1,0,37 38,1,84,,36287,1,0,37 38,1,82,,36288,1,0,37 38,1,40,,36289,1,0,37 38,1,78,,36290,1,0,37 38,1,36,,36291,1,0,37 38,1,76,,36292,1,0,37 38,1,75,,36293,1,0,37 38,1,34,,36294,1,0,37 38,1,72,,36295,1,0,37 38,1,32,,36296,1,0,37 38,1,72,,36297,1,0,37 38,1,30,,36298,1,0,37 38,1
4504,'CPHoliday1',805,,37721,17,0,6 7,1,35,,37722,17,0,6 7,1,75,,37723,17,0,6 7,1,36,,37724,17,0,6 7,1,75,,37725,17,0,6 7,1,75,,37726,17,0,6 7,1,40,,37727,17,0,6 7,1,80,,37728,17,0,6 7,1,80,,37729,17,0,6 7,1,41,,37730,17,0,6 7,1,80,,37731,17,0,6 7,1,80,,37732,17,0,6 7,1,40,,37733,17,0,6 7,1,80,,37734,17,0,6 7,1,80,,37735,17,0,6 7,1,38,,37736,17,0,6 7,1,80,,37737,17,0,6 7,1,80,,37738,17,0,6 7,1,40,,37739,17,0,6 7,1,80,,37740,17,0,6 7,1,80,,37741,17,0,6 7,1,39,,37742,17,0,6 7,1
4504,'CPSaturday',556,,37743,17,0,6 7,1,75,,37744,17,0,6 7,1,77,,37745,17,0,6 7,1,35,,37746,17,0,6 7,1,77,,37747,17,0,6 7,1,35,,37748,17,0,6 7,1,80,,37749,17,0,6 7,1,81,,37750,17,0,6 7,1,40,,37751,17,0,6 7,1,82,,37752,17,0,6 7,1,81,,37753,17,0,6 7,1,82,,37754,17,0,6 7,1,43,,37755,17,0,6 7,1,82,,37756,17,0,6 7,1,82,,37757,17,0,6 7,1,41,,37758,17,0,6 7,1,82,,37759,17,0,6 7,1,80,,37760,17,0,6 7,1,42,,37761,17,0,6 7,1,82,,37762,17,0,6 7,1,79,,37763,17,0,6 7,1,40,,37764,17,0,6 7,1,80,,37765,17,0,6 7,1,75,,37766,17,0,6 7,1,34,,37767,17,0,6 7,1
4504,'CPSunday',805,,37768,17,0,6 7,1,35,,37769,17,0,6 7,1,75,,37770,17,0,6 7,1,36,,37771,17,0,6 7,1,75,,37772,17,0,6 7,1,75,,37773,17,0,6 7,1,40,,37774,17,0,6 7,1,80,,37775,17,0,6 7,1,80,,37776,17,0,6 7,1,41,,37777,17,0,6 7,1,80,,37778,17,0,6 7,1,80,,37779,17,0,6 7,1,40,,37780,17,0,6 7,1,80,,37781,17,0,6 7,1,80,,37782,17,0,6 7,1,38,,37783,17,0,6 7,1,80,,37784,17,0,6 7,1,80,,37785,17,0,6 7,1,40,,37786,17,0,6 7,1,80,,37787,17,0,6 7,1,80,,37788,17,0,6 7,1,39,,37789,17,0,6 7,1
4504,'CPWeekday',450,,37790,17,0,6 7,1,73,,37791,17,0,6 7,1,30,,37792,17,0,6 7,1,61,,37793,17,0,53 6 7,1,21,,37794,17,0,6 7,1,21,,37795,17,0,53 6 7,1,59,,37796,17,0,6 7,1,17,,37797,17,0,53 6 7,1,19,,37798,17,0,6 7,1,63,,37799,17,0,53 6 7,1,18,,37800,17,0,6 7,1,19,,37801,17,0,53 6 7,1,59,,37802,17,0,6 7,1,21,,37803,17,0,53 6 7,1,22,,37804,17,0,6 7,1,68,,37805,17,0,53 6 7,1,31,,37806,17,0,6 7,1,71,,37807,17,0,6 7,1,33,,37808,17,0,6 7,1,73,,37809,17,0,6 7,1,72,,37810,17,0,6 7,1,31,,37811,17,0,6 7,1,20,,37812,17,0,6 7,1,63,,37813,17,0,6 7,1,20,,37814,17,0,6 7,1,19,,37815,17,0,6 7,1,58,,37816,17,0,53 6 7,1,15,,37817,17,0,6 7,1,21,,37818,17,0,53 6 7,1,59,,37819,17,0,6 7,1,17,,37820,17,0,53 6 7,1,19,,37821,17,0,6 7,1,57,,37822,17,0,53 6 7,1,18,,37823,17,0,6 7,1,18,,37824,17,0,53 6 7,1,18,,37825,17,0,6 7,1,58,,37826,17,0,53 6 7,1,18,,37827,17,0,6 7,1,18,,37828,17,0,53 6 7,1,58,,37829,17,0,6 7,1,16,,37830,17,0,53 6 7,1,18,,37831,17,0,6 7,1,16,,37832,17,0,6 7,1,59,,37833,17,0,6 7,1,20,,37834,17,0,6 7,1,22,,37835,17,0,6 7,1,69,,37836,17,0,6 7,1,29,,37837,17,0,6 7,1,70,,37838,17,0,6 7,1,30,,37839,17,0,6 7,1,70,,37840,17,0,6 7,1
