1703,'CPHoliday1',620,,32675,24,4,,1,25,,32676,24,4,,1,64,,32677,24,4,,1,21,,32678,24,4,,1,20,,32679,24,4,,1,61,,32680,24,4,,1,21,,32681,24,4,,1,21,,32682,24,4,,1,61,,32683,24,4,,1,22,,32684,24,4,,1,21,,32685,24,4,,1,61,,32686,24,4,,1,23,,32687,24,4,,1,62,,32688,24,4,,1,23,,32689,24,4,,1,18,,32690,24,4,,1,58,,32691,24,4,,1,18,,32692,24,4,,1,18,,32693,24,4,,1,18,,32694,24,4,,1,58,,32695,24,4,,1,19,,32696,24,4,,1,18,,32697,24,4,,1,58,,32698,24,4,,1,19,,32699,24,4,,1,20,,32700,24,4,,1,59,,32701,24,4,,1,19,,32702,24,4,,1,19,,32703,24,4,,1,60,,32704,24,4,,1,19,,32705,24,4,,1,19,,32706,24,4,,1,59,,32707,24,4,,1,19,,32708,24,4,,1,19,,32709,24,4,,1,19,,32710,24,4,,1,57,,32711,24,4,,1,18,,32712,24,4,,1,18,,32713,24,4,,1,58,,32714,24,4,,1,18,,32715,24,4,,1,18,,32716,24,4,,1,56,,32717,24,4,,1,18,,32718,24,4,,1,33,,32719,24,4,,1,73,,32720,24,4,,1,30,,32721,24,4,,1,70,,32722,24,4,,1,30,,32723,24,4,,1,69,,32724,24,4,,1,27,,32725,24,4,,1,66,,32726,24,4,,1,22,,32727,24,4,,1
1703,'CPSaturday',510,,32781,24,4,,1,20,,32782,24,4,,1,21,,32783,24,4,,1,61,,32784,24,4,,1,20,,32785,24,4,,1,22,,32754,24,4,,1,63,,32755,24,4,,1,22,,32756,24,4,,1,62,,32757,24,4,,1,22,,32758,24,4,,1,22,,32759,24,4,,1,62,,32760,24,4,,1,22,,32761,24,4,,1,23,,32762,24,4,,1,63,,32763,24,4,,1,18,,32764,24,4,,1,18,,32765,24,4,,1,58,,32766,24,4,,1,20,,32767,24,4,,1,20,,32768,24,4,,1,62,,32769,24,4,,1,20,,32770,24,4,,1,21,,32771,24,4,,1,61,,32772,24,4,,1,21,,32773,24,4,,1,20,,32774,24,4,,1,61,,32775,24,4,,1,20,,32776,24,4,,1,20,,32777,24,4,,1,60,,32778,24,4,,1,20,,32779,24,4,,1,20,,32780,24,4,,1,60,,32728,24,4,,1,20,,32729,24,4,,1,20,,32730,24,4,,1,61,,32731,24,4,,1,20,,32732,24,4,,1,20,,32733,24,4,,1,60,,32734,24,4,,1,20,,32735,24,4,,1,22,,32736,24,4,,1,61,,32737,24,4,,1,19,,32738,24,4,,1,20,,32739,24,4,,1,57,,32740,24,4,,1,18,,32741,24,4,,1,18,,32742,24,4,,1,58,,32743,24,4,,1,17,,32744,24,4,,1,18,,32745,24,4,,1,57,,32746,24,4,,1,32,,32747,24,4,,1,72,,32748,24,4,,1,32,,32749,24,4,,1,70,,32750,24,4,,1,30,,32751,24,4,,1,69,,32752,24,4,,1,29,,32753,24,4,,1
1703,'CPSunday',620,,32786,24,4,,1,25,,32787,24,4,,1,64,,32788,24,4,,1,21,,32789,24,4,,1,20,,32790,24,4,,1,61,,32791,24,4,,1,21,,32792,24,4,,1,21,,32793,24,4,,1,61,,32794,24,4,,1,22,,32795,24,4,,1,21,,32796,24,4,,1,61,,32797,24,4,,1,23,,32798,24,4,,1,62,,32799,24,4,,1,23,,32800,24,4,,1,18,,32801,24,4,,1,58,,32802,24,4,,1,18,,32803,24,4,,1,18,,32804,24,4,,1,18,,32805,24,4,,1,58,,32806,24,4,,1,19,,32807,24,4,,1,18,,32808,24,4,,1,58,,32809,24,4,,1,19,,32810,24,4,,1,20,,32811,24,4,,1,59,,32812,24,4,,1,19,,32813,24,4,,1,19,,32814,24,4,,1,60,,32815,24,4,,1,19,,32816,24,4,,1,19,,32817,24,4,,1,59,,32818,24,4,,1,19,,32819,24,4,,1,19,,32820,24,4,,1,19,,32821,24,4,,1,57,,32822,24,4,,1,18,,32823,24,4,,1,18,,32824,24,4,,1,58,,32825,24,4,,1,18,,32826,24,4,,1,18,,32827,24,4,,1,56,,32828,24,4,,1,18,,32829,24,4,,1,33,,32830,24,4,,1,73,,32831,24,4,,1,30,,32832,24,4,,1,70,,32833,24,4,,1,30,,32834,24,4,,1,69,,32835,24,4,,1,27,,32836,24,4,,1,66,,32837,24,4,,1,22,,32838,24,4,,1
1703,'CPWeekday',249,,32839,24,4,,1,65,,32840,24,4,,1,26,,32841,24,4,,1,66,,32842,24,4,,1,26,,32843,24,4,,1,27,,32844,24,4,,1,69,,32845,24,4,,1,74,,32846,24,4,,1,35,,32847,24,4,,1,20,,32848,24,4,,1,62,,32849,24,4,,1,23,,32850,24,4,,1,60,,32851,24,4,,1,20,,32852,24,4,,1,22,,32853,24,4,,1,60,,32854,24,4,,1,19,,32855,24,4,,1,21,,32856,24,4,,1,61,,32857,24,4,,1,20,,32858,24,4,,1,21,,32859,24,4,,1,61,,32860,24,4,,1,21,,32861,24,4,,1,21,,32862,24,4,,1,61,,32863,24,4,,1,20,,32864,24,4,,1,20,,32865,24,4,,1,61,,32866,24,4,,1,21,,32867,24,4,,1,22,,32868,24,4,,1,61,,32869,24,4,,1,21,,32870,24,4,,1,21,,32871,24,4,,1,55,,32872,24,4,,1,15,,32873,24,4,,1,15,,32874,24,4,,1,14,,32875,24,4,,1,55,,32876,24,4,,1,16,,32877,24,4,,1,16,,32878,24,4,,1,16,,32879,24,4,,1,55,,32880,24,4,,1,15,,32881,24,4,,1,15,,32882,24,4,,1,13,,32883,24,4,,1,54,,32884,24,4,,1,15,,32885,24,4,,1,13,,32886,24,4,,1,14,,32887,24,4,,1,55,,32888,24,4,,1,15,,32889,24,4,,1,16,,32890,24,4,,1,17,,32891,24,4,,1,56,,32892,24,4,,1,17,,32893,24,4,,1,18,,32894,24,4,,1,60,,32895,24,4,,1,20,,32896,24,4,,1,20,,32897,24,4,,1,58,,32898,24,4,,1,19,,32899,24,4,,1,18,,32900,24,4,,1,16,,32901,24,4,,1,55,,32902,24,4,,1,31,,32903,24,4,,1,66,,32904,24,4,,1,24,,32905,24,4,,1,25,,32906,24,4,,1,64,,32907,24,4,,1,25,,32908,24,4,,1,65,,32909,24,4,,1,23,,32910,24,4,,1
1704,'CPHoliday1',555,,32911,1,0,19 20,1,58,,32912,1,0,19 20,1,18,,32913,1,0,19 20,1,20,,32914,1,0,19 20,1,61,,32915,1,0,19 20,1,21,,32916,1,0,19 20,1,21,,32917,1,0,19 20,1,61,,32918,1,0,19 20,1,21,,32919,1,0,19 20,1,21,,32920,1,0,19 20,1,61,,32921,1,0,19 20,1,21,,32922,1,0,19 20,1,61,,32923,1,0,19 20,1,22,,32924,1,0,19 20,1,22,,32925,1,0,19 20,1,62,,32926,1,0,19 20,1,22,,32927,1,0,19 20,1,20,,32928,1,0,19 20,1,58,,32929,1,0,19 20,1,18,,32930,1,0,19 20,1,18,,32931,1,0,19 20,1,58,,32932,1,0,19 20,1,18,,32933,1,0,19 20,1,18,,32934,1,0,19 20,1,19,,32935,1,0,19 20,1,59,,32936,1,0,19 20,1,19,,32937,1,0,19 20,1,19,,32938,1,0,19 20,1,59,,32939,1,0,19 20,1,19,,32940,1,0,19 20,1,19,,32941,1,0,19 20,1,59,,32942,1,0,19 20,1,19,,32943,1,0,19 20,1,19,,32944,1,0,19 20,1,59,,32945,1,0,19 20,1,19,,32946,1,0,19 20,1,19,,32947,1,0,19 20,1,59,,32948,1,0,19 20,1,18,,32949,1,0,19 20,1,18,,32950,1,0,19 20,1,18,,32951,1,0,19 20,1,58,,32952,1,0,19 20,1,18,,32953,1,0,19 20,1,18,,32954,1,0,19 20,1,58,,32955,1,0,19 20,1,18,,32956,1,0,19 20,1,32,,32957,1,0,19 20,1,72,,32958,1,0,19 20,1,70,,32959,1,0,19 20,1,30,,32960,1,0,19 20,1,70,,32961,1,0,19 20,1,28,,32962,1,0,19 20,1,26,,32963,1,0,19 20,1,66,,32964,1,0,19 20,1,25,,32965,1,0,19 20,1
1704,'CPSaturday',514,,32966,1,0,19 20,1,20,,32967,1,0,19 20,1,20,,32968,1,0,19 20,1,62,,32969,1,0,19 20,1,22,,32970,1,0,19 20,1,62,,32971,1,0,19 20,1,22,,32972,1,0,19 20,1,22,,32973,1,0,19 20,1,62,,32974,1,0,19 20,1,22,,32975,1,0,19 20,1,22,,32976,1,0,19 20,1,62,,32977,1,0,19 20,1,22,,32978,1,0,19 20,1,22,,32979,1,0,19 20,1,62,,32980,1,0,19 20,1,20,,32981,1,0,19 20,1,20,,32982,1,0,19 20,1,60,,32983,1,0,19 20,1,20,,32984,1,0,19 20,1,20,,32985,1,0,19 20,1,60,,32986,1,0,19 20,1,20,,32987,1,0,19 20,1,20,,32988,1,0,19 20,1,60,,32989,1,0,19 20,1,20,,32990,1,0,19 20,1,20,,32991,1,0,19 20,1,60,,32992,1,0,19 20,1,20,,32993,1,0,19 20,1,20,,32994,1,0,19 20,1,60,,32995,1,0,19 20,1,20,,32996,1,0,19 20,1,20,,32997,1,0,19 20,1,60,,32998,1,0,19 20,1,20,,32999,1,0,19 20,1,20,,33000,1,0,19 20,1,62,,33001,1,0,19 20,1,22,,33002,1,0,19 20,1,62,,33003,1,0,19 20,1,20,,33004,1,0,19 20,1,20,,33005,1,0,19 20,1,60,,33006,1,0,19 20,1,20,,33007,1,0,19 20,1,20,,33008,1,0,19 20,1,58,,33009,1,0,19 20,1,18,,33010,1,0,19 20,1,18,,33011,1,0,19 20,1,18,,33012,1,0,19 20,1,58,,33013,1,0,19 20,1,18,,33014,1,0,19 20,1,18,,33015,1,0,19 20,1,58,,33016,1,0,19 20,1,32,,33017,1,0,19 20,1,70,,33018,1,0,19 20,1,30,,33019,1,0,19 20,1,70,,33020,1,0,19 20,1,30,,33021,1,0,19 20,1,70,,33022,1,0,19 20,1,30,,33023,1,0,19 20,1
1704,'CPSunday',555,,33024,1,0,19 20,1,58,,33025,1,0,19 20,1,18,,33026,1,0,19 20,1,20,,33027,1,0,19 20,1,61,,33028,1,0,19 20,1,21,,33029,1,0,19 20,1,21,,33030,1,0,19 20,1,61,,33031,1,0,19 20,1,21,,33032,1,0,19 20,1,21,,33033,1,0,19 20,1,61,,33034,1,0,19 20,1,21,,33035,1,0,19 20,1,61,,33036,1,0,19 20,1,22,,33037,1,0,19 20,1,22,,33038,1,0,19 20,1,62,,33039,1,0,19 20,1,22,,33040,1,0,19 20,1,20,,33041,1,0,19 20,1,58,,33042,1,0,19 20,1,18,,33043,1,0,19 20,1,18,,33044,1,0,19 20,1,58,,33045,1,0,19 20,1,18,,33046,1,0,19 20,1,18,,33047,1,0,19 20,1,19,,33048,1,0,19 20,1,59,,33049,1,0,19 20,1,19,,33050,1,0,19 20,1,19,,33051,1,0,19 20,1,59,,33052,1,0,19 20,1,19,,33053,1,0,19 20,1,19,,33054,1,0,19 20,1,59,,33055,1,0,19 20,1,19,,33056,1,0,19 20,1,19,,33057,1,0,19 20,1,59,,33058,1,0,19 20,1,19,,33059,1,0,19 20,1,19,,33060,1,0,19 20,1,59,,33061,1,0,19 20,1,18,,33062,1,0,19 20,1,18,,33063,1,0,19 20,1,18,,33064,1,0,19 20,1,58,,33065,1,0,19 20,1,18,,33066,1,0,19 20,1,18,,33067,1,0,19 20,1,58,,33068,1,0,19 20,1,18,,33069,1,0,19 20,1,32,,33070,1,0,19 20,1,72,,33071,1,0,19 20,1,70,,33072,1,0,19 20,1,30,,33073,1,0,19 20,1,70,,33074,1,0,19 20,1,28,,33075,1,0,19 20,1,26,,33076,1,0,19 20,1,66,,33077,1,0,19 20,1,25,,33078,1,0,19 20,1
1704,'CPWeekday',215,,33079,1,0,19 20,1,20,,33080,1,0,19 20,1,65,,33081,1,0,19 20,1,25,,33082,1,0,19 20,1,25,,33083,1,0,19 20,1,65,,33084,1,0,19 20,1,25,,33085,1,0,19 20,1,65,,33086,1,0,19 20,1,30,,33087,1,0,19 20,1,70,,33088,1,0,19 20,1,20,,33089,1,0,19 20,1,20,,33090,1,0,19 20,1,60,,33091,1,0,19 20,1,20,,33092,1,0,19 20,1,20,,33093,1,0,19 20,1,61,,33094,1,0,19 20,1,21,,33095,1,0,19 20,1,21,,33096,1,0,19 20,1,61,,33097,1,0,19 20,1,20,,33098,1,0,19 20,1,21,,33099,1,0,19 20,1,61,,33100,1,0,19 20,1,20,,33101,1,0,19 20,1,20,,33102,1,0,19 20,1,60,,33103,1,0,19 20,1,21,,33104,1,0,19 20,1,21,,33105,1,0,19 20,1,61,,33106,1,0,19 20,1,21,,33107,1,0,19 20,1,21,,33108,1,0,19 20,1,61,,33109,1,0,19 20,1,21,,33110,1,0,19 20,1,21,,33111,1,0,19 20,1,60,,33112,1,0,19 20,1,14,,33113,1,0,19 20,1,14,,33114,1,0,19 20,1,55,,33115,1,0,19 20,1,15,,33116,1,0,19 20,1,15,,33117,1,0,19 20,1,15,,33118,1,0,19 20,1,55,,33119,1,0,19 20,1,15,,33120,1,0,19 20,1,15,,33121,1,0,19 20,1,15,,33122,1,0,19 20,1,56,,33123,1,0,19 20,1,16,,33124,1,0,19 20,1,15,,33125,1,0,19 20,1,15,,33126,1,0,19 20,1,55,,33127,1,0,19 20,1,14,,33128,1,0,19 20,1,14,,33129,1,0,19 20,1,14,,33130,1,0,19 20,1,56,,33131,1,0,19 20,1,18,,33132,1,0,19 20,1,20,,33133,1,0,19 20,1,60,,33134,1,0,19 20,1,20,,33135,1,0,19 20,1,20,,33136,1,0,19 20,1,60,,33137,1,0,19 20,1,20,,33138,1,0,19 20,1,20,,33139,1,0,19 20,1,60,,33140,1,0,19 20,1,20,,33141,1,0,19 20,1,28,,33142,1,0,19 20,1,71,,33143,1,0,19 20,1,31,,33144,1,0,19 20,1,65,,33145,1,0,19 20,1,25,,33146,1,0,19 20,1,65,,33147,1,0,19 20,1,25,,33148,1,0,19 20,1,25,,33149,1,0,19 20,1
5303,'CPWeekday',526,,38527,41,4,,1,22,,38528,41,4,,1,61,,38529,41,4,,1,21,,38530,41,4,,1,23,,38531,41,4,,1,59,,38532,41,4,,1,20,,38533,41,4,,1,21,,38534,41,4,,1,62,,38535,41,4,,1,20,,38536,41,4,,1,20,,38537,41,4,,1,64,,38538,41,4,,1,22,,38539,41,4,,1,74,,38540,41,4,,1,34,,38541,41,4,,1,73,,38542,41,4,,1,33,,38543,41,4,,1,73,,38544,41,4,,1,72,,38545,41,4,,1,32,,38546,41,4,,1,73,,38547,41,4,,1,35,,38548,41,4,,1,18,,38549,41,4,,1,59,,38550,41,4,,1,21,,38551,41,4,,1,21,,38552,41,4,,1,58,,38553,41,4,,1,20,,38554,41,4,,1,19,,38555,41,4,,1,61,,38556,41,4,,1,20,,38557,41,4,,1,19,,38558,41,4,,1,60,,38559,41,4,,1,18,,38560,41,4,,1,67,,38561,41,4,,1,30,,38562,41,4,,1,27,,38563,41,4,,1,69,,38564,41,4,,1,28,,38565,41,4,,1,70,,38566,41,4,,1,75,,38567,41,4,,1,35,,38568,41,4,,1,89,,38569,41,4,,1,89,,38570,41,4,,1
5304,'CPWeekday',520,,38571,1,0,57 7,1,20,,38572,1,0,57 7,1,60,,38573,1,0,57 7,1,20,,38574,1,0,57 7,1,20,,38575,1,0,57 7,1,60,,38576,1,0,57 7,1,22,,38577,1,0,57 7,1,22,,38578,1,0,57 7,1,62,,38579,1,0,57 7,1,22,,38580,1,0,57 7,1,22,,38581,1,0,57 7,1,65,,38582,1,0,57 7,1,35,,38583,1,0,57 7,1,75,,38584,1,0,57 7,1,75,,38585,1,0,57 7,1,32,,38586,1,0,57 7,1,72,,38587,1,0,57 7,1,32,,38588,1,0,57 7,1,72,,38589,1,0,57 7,1,34,,38590,1,0,57 7,1,74,,38591,1,0,57 7,1,16,,38592,1,0,57 7,1,18,,38593,1,0,57 7,1,60,,38594,1,0,57 7,1,20,,38595,1,0,57 7,1,20,,38596,1,0,57 7,1,60,,38597,1,0,57 7,1,20,,38598,1,0,57 7,1,20,,38599,1,0,57 7,1,60,,38600,1,0,57 7,1,20,,38601,1,0,57 7,1,20,,38602,1,0,57 7,1,65,,38603,1,0,57 7,1,26,,38604,1,0,57 7,1,68,,38605,1,0,57 7,1,28,,38606,1,0,57 7,1,68,,38607,1,0,57 7,1,30,,38608,1,0,57 7,1,70,,38609,1,0,57 7,1,30,,38610,1,0,57 7,1,75,,38611,1,0,57 7,1,40,,38612,1,0,57 7,1,85,,38613,1,0,57 7,1,90,,38614,1,0,57 7,1
