203,'CPHoliday1',540,,14486,2,0,19 20,1,60,,14487,2,0,19 20,1,20,,14488,2,0,19 20,1,20,,14489,2,0,19 20,1,62,,14490,2,0,19 20,1,22,,14491,2,0,19 20,1,22,,14492,2,0,19 20,1,62,,14493,2,0,19 20,1,24,,14494,2,0,19 20,1,24,,14495,2,0,19 20,1,64,,14496,2,0,19 20,1,25,,14497,2,0,19 20,1,64,,14498,2,0,19 20,1,24,,14499,2,0,19 20,1,14,,14500,2,0,19 20,1,54,,14501,2,0,19 20,1,14,,14502,2,0,19 20,1,14,,14503,2,0,19 20,1,14,,14504,2,0,19 20,1,14,,14505,2,0,19 20,1,55,,14506,2,0,19 20,1,15,,14507,2,0,19 20,1,15,,14508,2,0,19 20,1,15,,14509,2,0,19 20,1,55,,14510,2,0,19 20,1,15,,14511,2,0,19 20,1,15,,14512,2,0,19 20,1,15,,14513,2,0,19 20,1,55,,14514,2,0,19 20,1,15,,14515,2,0,19 20,1,15,,14516,2,0,19 20,1,15,,14517,2,0,19 20,1,55,,14518,2,0,19 20,1,15,,14519,2,0,19 20,1,15,,14520,2,0,19 20,1,15,,14521,2,0,19 20,1,55,,14522,2,0,19 20,1,15,,14523,2,0,19 20,1,15,,14524,2,0,19 20,1,15,,14525,2,0,19 20,1,55,,14526,2,0,19 20,1,15,,14527,2,0,19 20,1,15,,14528,2,0,19 20,1,58,,14529,2,0,19 20,1,18,,14530,2,0,19 20,1,18,,14531,2,0,19 20,1,18,,14532,2,0,19 20,1,58,,14533,2,0,19 20,1,16,,14534,2,0,19 20,1,16,,14535,2,0,19 20,1,58,,14536,2,0,19 20,1,20,,14537,2,0,19 20,1,22,,14538,2,0,19 20,1,61,,14539,2,0,19 20,1,20,,14540,2,0,19 20,1,18,,14541,2,0,19 20,1,58,,14542,2,0,19 20,1,18,,14543,2,0,19 20,1,32,,14544,2,0,19 20,1,72,,14545,2,0,19 20,1,30,,14546,2,0,19 20,1,68,,14547,2,0,19 20,1
203,'CPSaturday',430,,14548,2,0,19 20,1,20,,14549,2,0,19 20,1,60,,14550,2,0,19 20,1,20,,14551,2,0,19 20,1,20,,14552,2,0,19 20,1,60,,14553,2,0,19 20,1,20,,14554,2,0,19 20,1,20,,14555,2,0,19 20,1,55,,14556,2,0,19 20,1,15,,14557,2,0,19 20,1,20,,14558,2,0,19 20,1,60,,14559,2,0,19 20,1,20,,14560,2,0,19 20,1,20,,14561,2,0,19 20,1,60,,14562,2,0,19 20,1,20,,14563,2,0,19 20,1,21,,14564,2,0,19 20,1,60,,14565,2,0,19 20,1,20,,14566,2,0,19 20,1,20,,14567,2,0,19 20,1,16,,14568,2,0,19 20,1,56,,14569,2,0,19 20,1,14,,14570,2,0,19 20,1,14,,14571,2,0,19 20,1,14,,14572,2,0,19 20,1,54,,14573,2,0,19 20,1,14,,14574,2,0,19 20,1,14,,14575,2,0,19 20,1,14,,14576,2,0,19 20,1,54,,14577,2,0,19 20,1,14,,14578,2,0,19 20,1,14,,14579,2,0,19 20,1,14,,14580,2,0,19 20,1,54,,14581,2,0,19 20,1,14,,14582,2,0,19 20,1,14,,14583,2,0,19 20,1,14,,14584,2,0,19 20,1,14,,14585,2,0,19 20,1,54,,14586,2,0,19 20,1,14,,14587,2,0,19 20,1,14,,14588,2,0,19 20,1,14,,14589,2,0,19 20,1,54,,14590,2,0,19 20,1,14,,14591,2,0,19 20,1,14,,14592,2,0,19 20,1,14,,14593,2,0,19 20,1,54,,14594,2,0,19 20,1,14,,14595,2,0,19 20,1,14,,14596,2,0,19 20,1,14,,14597,2,0,19 20,1,14,,14598,2,0,19 20,1,54,,14599,2,0,19 20,1,14,,14600,2,0,19 20,1,14,,14601,2,0,19 20,1,14,,14602,2,0,19 20,1,54,,14603,2,0,19 20,1,14,,14604,2,0,19 20,1,20,,14605,2,0,19 20,1,60,,14606,2,0,19 20,1,20,,14607,2,0,19 20,1,20,,14608,2,0,19 20,1,60,,14609,2,0,19 20,1,20,,14610,2,0,19 20,1,19,,14611,2,0,19 20,1,60,,14612,2,0,19 20,1,22,,14613,2,0,19 20,1,22,,14614,2,0,19 20,1,66,,14615,2,0,19 20,1,26,,14616,2,0,19 20,1,64,,14617,2,0,19 20,1,22,,14618,2,0,19 20,1,22,,14619,2,0,19 20,1,60,,14620,2,0,19 20,1,18,,14621,2,0,19 20,1,18,,14622,2,0,19 20,1,58,,14623,2,0,19 20,1
203,'CPSunday',540,,14624,2,0,19 20,1,60,,14625,2,0,19 20,1,20,,14626,2,0,19 20,1,20,,14627,2,0,19 20,1,62,,14628,2,0,19 20,1,22,,14629,2,0,19 20,1,22,,14630,2,0,19 20,1,62,,14631,2,0,19 20,1,24,,14632,2,0,19 20,1,24,,14633,2,0,19 20,1,64,,14634,2,0,19 20,1,25,,14635,2,0,19 20,1,64,,14636,2,0,19 20,1,24,,14637,2,0,19 20,1,14,,14638,2,0,19 20,1,54,,14639,2,0,19 20,1,14,,14640,2,0,19 20,1,14,,14641,2,0,19 20,1,14,,14642,2,0,19 20,1,14,,14643,2,0,19 20,1,55,,14644,2,0,19 20,1,15,,14645,2,0,19 20,1,15,,14646,2,0,19 20,1,15,,14647,2,0,19 20,1,55,,14648,2,0,19 20,1,15,,14649,2,0,19 20,1,15,,14650,2,0,19 20,1,15,,14651,2,0,19 20,1,55,,14652,2,0,19 20,1,15,,14653,2,0,19 20,1,15,,14654,2,0,19 20,1,15,,14655,2,0,19 20,1,55,,14656,2,0,19 20,1,15,,14657,2,0,19 20,1,15,,14658,2,0,19 20,1,15,,14659,2,0,19 20,1,55,,14660,2,0,19 20,1,15,,14661,2,0,19 20,1,15,,14662,2,0,19 20,1,15,,14663,2,0,19 20,1,55,,14664,2,0,19 20,1,15,,14665,2,0,19 20,1,15,,14666,2,0,19 20,1,58,,14667,2,0,19 20,1,18,,14668,2,0,19 20,1,18,,14669,2,0,19 20,1,18,,14670,2,0,19 20,1,58,,14671,2,0,19 20,1,16,,14672,2,0,19 20,1,16,,14673,2,0,19 20,1,58,,14674,2,0,19 20,1,20,,14675,2,0,19 20,1,22,,14676,2,0,19 20,1,61,,14677,2,0,19 20,1,20,,14678,2,0,19 20,1,18,,14679,2,0,19 20,1,58,,14680,2,0,19 20,1,18,,14681,2,0,19 20,1,32,,14682,2,0,19 20,1,72,,14683,2,0,19 20,1,30,,14684,2,0,19 20,1,68,,14685,2,0,19 20,1
203,'CPWeekday',210,,14794,2,0,19 20,1,25,,14793,2,0,19 20,1,65,,14791,2,0,19 20,1,25,,14792,2,0,19 20,1,25,,14795,2,0,19 20,1,65,,14788,2,0,19 20,1,25,,14787,2,0,19 20,1,78,,14776,2,0,19 20,1,12,,14760,2,0,19 20,1,10,,14762,2,0,19 20,1,12,,14759,2,0,19 20,1,53,,14758,2,0,19 20,1,12,,14752,2,0,19 20,1,12,,14775,2,0,19 20,1,12,,14742,2,0,19 20,1,12,,14763,2,0,19 20,1,52,,14743,2,0,19 20,1,12,,14744,2,0,19 20,1,10,,14755,2,0,19 20,1,10,,14739,2,0,19 20,1,10,,14740,2,0,19 20,1,10,,14778,2,0,19 20,1,50,,14741,2,0,19 20,1,12,,14765,2,0,19 20,1,12,,14735,2,0,19 20,1,12,,14736,2,0,19 20,1,12,,14747,2,0,19 20,1,52,,14738,2,0,19 20,1,10,,14737,2,0,19 20,1,10,,14779,2,0,19 20,1,10,,14723,2,0,19 20,1,12,,14766,2,0,19 20,1,52,,14727,2,0,19 20,1,12,,14724,2,0,19 20,1,12,,14745,2,0,19 20,1,12,,14728,2,0,19 20,1,10,,14725,2,0,19 20,1,10,,14780,2,0,19 20,1,50,,14726,2,0,19 20,1,10,,14764,2,0,19 20,1,12,,14720,2,0,19 20,1,12,,14721,2,0,19 20,1,12,,14746,2,0,19 20,1,52,,14714,2,0,19 20,1,12,,14715,2,0,19 20,1,12,,14777,2,0,19 20,1,12,,14729,2,0,19 20,1,12,,14767,2,0,19 20,1,52,,14716,2,0,19 20,1,12,,14712,2,0,19 20,1,12,,14748,2,0,19 20,1,12,,14717,2,0,19 20,1,12,,14713,2,0,19 20,1,52,,14781,2,0,19 20,1,12,,14731,2,0,19 20,1,10,,14769,2,0,19 20,1,10,,14711,2,0,19 20,1,10,,14710,2,0,19 20,1,10,,14707,2,0,19 20,1,50,,14757,2,0,19 20,1,10,,14719,2,0,19 20,1,10,,14706,2,0,19 20,1,10,,14703,2,0,19 20,1,10,,14782,2,0,19 20,1,10,,14733,2,0,19 20,1,50,,14768,2,0,19 20,1,10,,14708,2,0,19 20,1,10,,14699,2,0,19 20,1,10,,14702,2,0,19 20,1,10,,14750,2,0,19 20,1,10,,14718,2,0,19 20,1,50,,14700,2,0,19 20,1,10,,14701,2,0,19 20,1,10,,14783,2,0,19 20,1,10,,14732,2,0,19 20,1,10,,14770,2,0,19 20,1,10,,14709,2,0,19 20,1,50,,14695,2,0,19 20,1,10,,14697,2,0,19 20,1,10,,14749,2,0,19 20,1,10,,14698,2,0,19 20,1,10,,14694,2,0,19 20,1,10,,14774,2,0,19 20,1,50,,14722,2,0,19 20,1,10,,14761,2,0,19 20,1,10,,14704,2,0,19 20,1,10,,14693,2,0,19 20,1,10,,14696,2,0,19 20,1,10,,14751,2,0,19 20,1,50,,14692,2,0,19 20,1,10,,14691,2,0,19 20,1,11,,14730,2,0,19 20,1,12,,14771,2,0,19 20,1,12,,14705,2,0,19 20,1,52,,14690,2,0,19 20,1,12,,14756,2,0,19 20,1,14,,14688,2,0,19 20,1,14,,14734,2,0,19 20,1,14,,14772,2,0,19 20,1,58,,14687,2,0,19 20,1,18,,14753,2,0,19 20,1,18,,14689,2,0,19 20,1,58,,14773,2,0,19 20,1,18,,14686,2,0,19 20,1,22,,14754,2,0,19 20,1,65,,14789,2,0,19 20,1,25,,14784,2,0,19 20,1,65,,14785,2,0,19 20,1,25,,14786,2,0,19 20,1,20,,14790,2,0,19 20,1
803,'CPSaturday',636,,16757,2,0,19 20,1,82,,16747,2,0,19 20,1,41,,16758,2,0,19 20,1,85,,16753,2,0,19 20,1,84,,16759,2,0,19 20,1,88,,16748,2,0,19 20,1,88,,16760,2,0,19 20,1,50,,16749,2,0,19 20,1,90,,16761,2,0,19 20,1,93,,16754,2,0,19 20,1,93,,16762,2,0,19 20,1,93,,16755,2,0,19 20,1,93,,16766,2,0,19 20,1,93,,16746,2,0,19 20,1,93,,16764,2,0,19 20,1,52,,16756,2,0,19 20,1,91,,16767,2,0,19 20,1,88,,16750,2,0,19 20,1,86,,16768,2,0,19 20,1,86,,16751,2,0,19 20,1,45,,16763,2,0,19 20,1,84,,16752,2,0,19 20,1,84,,16765,2,0,19 20,1
803,'CPWeekday',456,,16797,2,0,19 20,1,69,,16799,2,0,19 20,1,29,,16796,2,0,19 20,1,70,,16798,2,0,19 20,1,34,,16793,2,0,19 20,1,75,,16794,2,0,19 20,1,77,,16795,2,0,19 20,1,37,,16790,2,0,19 20,1,77,,16791,2,0,19 20,1,76,,16792,2,0,19 20,1,35,,16789,2,0,19 20,1,75,,16788,2,0,19 20,1,35,,16787,2,0,19 20,1,75,,16786,2,0,19 20,1,35,,16785,2,0,19 20,1,75,,16784,2,0,19 20,1,79,,16783,2,0,19 20,1,41,,16782,2,0,19 20,1,82,,16781,2,0,19 20,1,82,,16780,2,0,19 20,1,42,,16774,2,0,19 20,1,83,,16779,2,0,19 20,1,75,,16773,2,0,19 20,1,37,,16769,2,0,19 20,1,72,,16778,2,0,19 20,1,85,,16771,2,0,19 20,1,44,,16776,2,0,19 20,1,83,,16772,2,0,19 20,1,82,,16777,2,0,19 20,1,41,,16770,2,0,19 20,1,82,,16775,2,0,19 20,1
1402,'CPWeekday',433,,18271,2,0,53 6 7,1,75,,18272,2,0,53 6 7,1,35,,18273,2,0,53 6 7,1,75,,18274,2,0,53 6 7,1,35,,18275,2,0,53 6 7,1,75,,18276,2,0,53 6 7,1,76,,18277,2,0,6 7,1,40,,18278,2,0,6 7,1,56,,18279,2,0,6 7,1,55,,18280,2,0,6 7,1,95,,18281,2,0,6 7,1,95,,18282,2,0,6 7,1,95,,18283,2,0,6 7,1,95,,18284,2,0,6 7,1,94,,18285,2,0,53 6 7,1,83,,18286,2,0,53 6 7,1,41,,18287,2,0,53 6 7,1,80,,18288,2,0,53 6 7,1,80,,18289,2,0,53 6 7,1,40,,18290,2,0,53 6 7,1,78,,18291,2,0,6 7,1,96,,18292,2,0,6 7,1,97,,18293,2,0,6 7,1,97,,18294,2,0,6 7,1,97,,18295,2,0,6 7,1,97,,18296,2,0,6 7,1
2301,'CPHoliday1',804,,19550,23,0,54 55 7,1,29,,19551,23,0,54 55 7,1,68,,19552,23,0,54 55 7,1,28,,19553,23,0,54 55 7,1,28,,19554,23,0,54 55 7,1,68,,19555,23,0,54 55 7,1,20,,19556,23,0,54 55 7,1,60,,19557,23,0,54 55 7,1,23,,19558,23,0,54 55 7,1,24,,19559,23,0,54 55 7,1,64,,19560,23,0,54 55 7,1,24,,19561,23,0,54 55 7,1,64,,19562,23,0,54 55 7,1,25,,19563,23,0,54 55 7,1,24,,19564,23,0,54 55 7,1,64,,19565,23,0,54 55 7,1,24,,19566,23,0,54 55 7,1,65,,19567,23,0,54 55 7,1,25,,19568,23,0,54 55 7,1,25,,19569,23,0,54 55 7,1,65,,19570,23,0,54 55 7,1,25,,19571,23,0,54 55 7,1,64,,19572,23,0,54 55 7,1,24,,19573,23,0,54 55 7,1,25,,19574,23,0,54 55 7,1,64,,19575,23,0,54 55 7,1,25,,19576,23,0,54 55 7,1,65,,19542,23,0,54 55 7,1,30,,19543,23,0,54 55 7,1,72,,19544,23,0,54 55 7,1,31,,19545,23,0,54 55 7,1,72,,19546,23,0,54 55 7,1,30,,19547,23,0,54 55 7,1,70,,19548,23,0,54 55 7,1,30,,19549,23,0,54 55 7,1
2301,'CPSaturday',533,,19577,23,0,54 55 7,1,26,,19578,23,0,54 55 7,1,68,,19579,23,0,54 55 7,1,29,,19580,23,0,54 55 7,1,68,,19581,23,0,54 55 7,1,28,,19582,23,0,54 55 7,1,68,,19583,23,0,54 55 7,1,29,,19584,23,0,54 55 7,1,68,,19585,23,0,54 55 7,1,28,,19586,23,0,54 55 7,1,69,,19587,23,0,54 55 7,1,22,,19588,23,0,54 55 7,1,65,,19589,23,0,54 55 7,1,24,,19590,23,0,54 55 7,1,24,,19591,23,0,54 55 7,1,64,,19592,23,0,54 55 7,1,24,,19593,23,0,54 55 7,1,67,,19594,23,0,54 55 7,1,26,,19595,23,0,54 55 7,1,26,,19596,23,0,54 55 7,1,66,,19597,23,0,54 55 7,1,26,,19598,23,0,54 55 7,1,66,,19599,23,0,54 55 7,1,26,,19600,23,0,54 55 7,1,66,,19601,23,0,54 55 7,1,25,,19602,23,0,54 55 7,1,26,,19603,23,0,54 55 7,1,65,,19604,23,0,54 55 7,1,26,,19605,23,0,54 55 7,1,66,,19606,23,0,54 55 7,1,25,,19607,23,0,54 55 7,1,65,,19608,23,0,54 55 7,1,24,,19609,23,0,54 55 7,1,25,,19610,23,0,54 55 7,1,70,,19611,23,0,54 55 7,1,30,,19612,23,0,54 55 7,1,70,,19613,23,0,54 55 7,1,30,,19614,23,0,54 55 7,1,69,,19615,23,0,54 55 7,1,28,,19616,23,0,54 55 7,1,66,,19617,23,0,54 55 7,1,26,,19618,23,0,54 55 7,1,65,,19619,23,0,54 55 7,1,25,,19620,23,0,54 55 7,1,24,,19621,23,0,54 55 7,1
2301,'CPSunday',804,,19630,23,0,54 55 7,1,29,,19631,23,0,54 55 7,1,68,,19632,23,0,54 55 7,1,28,,19633,23,0,54 55 7,1,28,,19634,23,0,54 55 7,1,68,,19635,23,0,54 55 7,1,20,,19636,23,0,54 55 7,1,60,,19637,23,0,54 55 7,1,23,,19638,23,0,54 55 7,1,24,,19639,23,0,54 55 7,1,64,,19640,23,0,54 55 7,1,24,,19641,23,0,54 55 7,1,64,,19642,23,0,54 55 7,1,25,,19643,23,0,54 55 7,1,24,,19644,23,0,54 55 7,1,64,,19645,23,0,54 55 7,1,24,,19646,23,0,54 55 7,1,65,,19647,23,0,54 55 7,1,25,,19648,23,0,54 55 7,1,25,,19649,23,0,54 55 7,1,65,,19650,23,0,54 55 7,1,25,,19651,23,0,54 55 7,1,64,,19652,23,0,54 55 7,1,24,,19653,23,0,54 55 7,1,25,,19654,23,0,54 55 7,1,64,,19655,23,0,54 55 7,1,25,,19656,23,0,54 55 7,1,65,,19622,23,0,54 55 7,1,30,,19623,23,0,54 55 7,1,72,,19624,23,0,54 55 7,1,31,,19625,23,0,54 55 7,1,72,,19626,23,0,54 55 7,1,30,,19627,23,0,54 55 7,1,70,,19628,23,0,54 55 7,1,30,,19629,23,0,54 55 7,1
2301,'CPWeekday',438,,19699,23,0,54 55 7,1,19,,19682,23,0,54 55 7,1,63,,19680,23,0,54 55 7,1,20,,19679,23,0,54 55 7,1,60,,19696,23,0,54 55 7,1,22,,19683,23,0,54 55 7,1,23,,19678,23,0,54 55 7,1,66,,19667,23,0,54 55 7,1,24,,19697,23,0,54 55 7,1,24,,19684,23,0,54 55 7,1,67,,19665,23,0,54 55 7,1,26,,19664,23,0,54 55 7,1,66,,19698,23,0,54 55 7,1,26,,19685,23,0,54 55 7,1,66,,19668,23,0,54 55 7,1,26,,19663,23,0,54 55 7,1,64,,19700,23,0,54 55 7,1,23,,19681,23,0,54 55 7,1,24,,19666,23,0,54 55 7,1,66,,19662,23,0,54 55 7,1,26,,19704,23,0,54 55 7,1,65,,19689,23,0,54 55 7,1,27,,19670,23,0,54 55 7,1,26,,19661,23,0,54 55 7,1,66,,19702,23,0,54 55 7,1,27,,19692,23,0,54 55 7,1,67,,19672,23,0,54 55 7,1,26,,19660,23,0,54 55 7,1,66,,19701,23,0,54 55 7,1,29,,19690,23,0,54 55 7,1,68,,19671,23,0,54 55 7,1,28,,19659,23,0,54 55 7,1,66,,19703,23,0,54 55 7,1,28,,19693,23,0,54 55 7,1,26,,19669,23,0,54 55 7,1,69,,19658,23,0,54 55 7,1,36,,19691,23,0,54 55 7,1,70,,19673,23,0,54 55 7,1,30,,19657,23,0,54 55 7,1,70,,19694,23,0,54 55 7,1,76,,19674,23,0,54 55 7,1,43,,19688,23,0,54 55 7,1,83,,19675,23,0,54 55 7,1,79,,19686,23,0,54 55 7,1,35,,19676,23,0,54 55 7,1,76,,19687,23,0,54 55 7,1,34,,19677,23,0,54 55 7,1,74,,19695,23,0,54 55 7,1
2302,'CPHoliday1',745,,19726,25,0,6 7,1,70,,19727,25,0,6 7,1,29,,19728,25,0,6 7,1,69,,19729,25,0,6 7,1,29,,19730,25,0,6 7,1,68,,19731,25,0,6 7,1,28,,19732,25,0,6 7,1,68,,19733,25,0,6 7,1,22,,19734,25,0,6 7,1,22,,19735,25,0,6 7,1,65,,19736,25,0,6 7,1,24,,19737,25,0,6 7,1,64,,19738,25,0,6 7,1,26,,19739,25,0,6 7,1,24,,19705,25,0,6 7,1,64,,19706,25,0,6 7,1,23,,19707,25,0,6 7,1,64,,19708,25,0,6 7,1,25,,19709,25,0,6 7,1,25,,19710,25,0,6 7,1,66,,19711,25,0,6 7,1,25,,19712,25,0,6 7,1,65,,19713,25,0,6 7,1,25,,19714,25,0,6 7,1,65,,19715,25,0,6 7,1,22,,19716,25,0,6 7,1,25,,19717,25,0,6 7,1,62,,19718,25,0,6 7,1,22,,19719,25,0,6 7,1,70,,19720,25,0,6 7,1,29,,19721,25,0,6 7,1,70,,19722,25,0,6 7,1,29,,19723,25,0,6 7,1,30,,19724,25,0,6 7,1,72,,19725,25,0,6 7,1
2302,'CPSaturday',546,,19740,25,0,6 7,1,66,,19741,25,0,6 7,1,26,,19742,25,0,6 7,1,68,,19743,25,0,6 7,1,29,,19744,25,0,6 7,1,68,,19745,25,0,6 7,1,29,,19746,25,0,6 7,1,69,,19747,25,0,6 7,1,29,,19748,25,0,6 7,1,22,,19749,25,0,6 7,1,63,,19750,25,0,6 7,1,22,,19751,25,0,6 7,1,22,,19752,25,0,6 7,1,65,,19753,25,0,6 7,1,25,,19754,25,0,6 7,1,65,,19755,25,0,6 7,1,25,,19756,25,0,6 7,1,65,,19757,25,0,6 7,1,27,,19758,25,0,6 7,1,25,,19759,25,0,6 7,1,66,,19760,25,0,6 7,1,26,,19761,25,0,6 7,1,66,,19762,25,0,6 7,1,25,,19763,25,0,6 7,1,66,,19764,25,0,6 7,1,26,,19765,25,0,6 7,1,26,,19766,25,0,6 7,1,66,,19767,25,0,6 7,1,26,,19768,25,0,6 7,1,65,,19769,25,0,6 7,1,26,,19770,25,0,6 7,1,66,,19771,25,0,6 7,1,23,,19772,25,0,6 7,1,24,,19773,25,0,6 7,1,63,,19774,25,0,6 7,1,24,,19775,25,0,6 7,1,69,,19776,25,0,6 7,1,29,,19777,25,0,6 7,1,68,,19778,25,0,6 7,1,28,,19779,25,0,6 7,1,68,,19780,25,0,6 7,1,25,,19781,25,0,6 7,1,26,,19782,25,0,6 7,1,65,,19783,25,0,6 7,1,24,,19784,25,0,6 7,1,65,,19785,25,0,6 7,1,24,,19786,25,0,6 7,1
2302,'CPSunday',745,,19808,25,0,6 7,1,70,,19809,25,0,6 7,1,29,,19810,25,0,6 7,1,69,,19811,25,0,6 7,1,29,,19812,25,0,6 7,1,68,,19813,25,0,6 7,1,28,,19814,25,0,6 7,1,68,,19815,25,0,6 7,1,22,,19816,25,0,6 7,1,22,,19817,25,0,6 7,1,65,,19818,25,0,6 7,1,24,,19819,25,0,6 7,1,64,,19820,25,0,6 7,1,26,,19821,25,0,6 7,1,24,,19787,25,0,6 7,1,64,,19788,25,0,6 7,1,23,,19789,25,0,6 7,1,64,,19790,25,0,6 7,1,25,,19791,25,0,6 7,1,25,,19792,25,0,6 7,1,66,,19793,25,0,6 7,1,25,,19794,25,0,6 7,1,65,,19795,25,0,6 7,1,25,,19796,25,0,6 7,1,65,,19797,25,0,6 7,1,22,,19798,25,0,6 7,1,25,,19799,25,0,6 7,1,62,,19800,25,0,6 7,1,22,,19801,25,0,6 7,1,70,,19802,25,0,6 7,1,29,,19803,25,0,6 7,1,70,,19804,25,0,6 7,1,29,,19805,25,0,6 7,1,30,,19806,25,0,6 7,1,72,,19807,25,0,6 7,1
2302,'CPWeekday',509,,19860,25,0,6 7,1,24,,19846,25,0,6 7,1,68,,19845,25,0,6 7,1,24,,19844,25,0,6 7,1,23,,19865,25,0,6 7,1,63,,19852,25,0,6 7,1,25,,19834,25,0,6 7,1,65,,19830,25,0,6 7,1,24,,19862,25,0,6 7,1,25,,19849,25,0,6 7,1,66,,19831,25,0,6 7,1,25,,19828,25,0,6 7,1,65,,19863,25,0,6 7,1,25,,19850,25,0,6 7,1,26,,19832,25,0,6 7,1,66,,19829,25,0,6 7,1,26,,19864,25,0,6 7,1,67,,19853,25,0,6 7,1,22,,19835,25,0,6 7,1,64,,19827,25,0,6 7,1,27,,19861,25,0,6 7,1,26,,19851,25,0,6 7,1,67,,19833,25,0,6 7,1,26,,19826,25,0,6 7,1,66,,19866,25,0,6 7,1,27,,19848,25,0,6 7,1,70,,19836,25,0,6 7,1,26,,19825,25,0,6 7,1,68,,19867,25,0,6 7,1,27,,19854,25,0,6 7,1,68,,19837,25,0,6 7,1,26,,19823,25,0,6 7,1,22,,19868,25,0,6 7,1,68,,19855,25,0,6 7,1,27,,19838,25,0,6 7,1,69,,19824,25,0,6 7,1,29,,19856,25,0,6 7,1,70,,19841,25,0,6 7,1,29,,19822,25,0,6 7,1,68,,19859,25,0,6 7,1,40,,19839,25,0,6 7,1,79,,19857,25,0,6 7,1,79,,19840,25,0,6 7,1,38,,19858,25,0,6 7,1,76,,19843,25,0,6 7,1,34,,19847,25,0,6 7,1,74,,19842,25,0,6 7,1
