302,'CPHoliday1',812,,15342,50,4,,1,26,,15343,50,4,,1,65,,15344,50,4,,1,28,,15345,50,4,,1,27,,15346,50,4,,1,66,,15347,50,4,,1,25,,15348,50,4,,1,65,,15349,50,4,,1,25,,15350,50,4,,1,67,,15351,50,4,,1,25,,15352,50,4,,1,25,,15353,50,4,,1,62,,15354,50,4,,1,22,,15355,50,4,,1,62,,15356,50,4,,1,22,,15357,50,4,,1,22,,15358,50,4,,1,62,,15359,50,4,,1,22,,15360,50,4,,1,22,,15361,50,4,,1,62,,15362,50,4,,1,22,,15363,50,4,,1,22,,15364,50,4,,1,62,,15365,50,4,,1,22,,15366,50,4,,1,62,,15367,50,4,,1,22,,15368,50,4,,1,21,,15369,50,4,,1,62,,15370,50,4,,1,22,,15371,50,4,,1,20,,15372,50,4,,1,61,,15373,50,4,,1,21,,15374,50,4,,1,20,,15375,50,4,,1,62,,15376,50,4,,1,21,,15377,50,4,,1,22,,15378,50,4,,1,65,,15379,50,4,,1,23,,15380,50,4,,1,63,,15381,50,4,,1,23,,15382,50,4,,1,23,,15383,50,4,,1,62,,15384,50,4,,1,22,,15385,50,4,,1
302,'CPSaturday',559,,15386,50,4,,1,65,,15387,50,4,,1,26,,15388,50,4,,1,66,,15389,50,4,,1,25,,15390,50,4,,1,64,,15391,50,4,,1,26,,15392,50,4,,1,25,,15393,50,4,,1,66,,15394,50,4,,1,28,,15395,50,4,,1,65,,15396,50,4,,1,25,,15397,50,4,,1,66,,15398,50,4,,1,20,,15399,50,4,,1,20,,15400,50,4,,1,60,,15401,50,4,,1,20,,15402,50,4,,1,20,,15403,50,4,,1,60,,15404,50,4,,1,20,,15405,50,4,,1,21,,15406,50,4,,1,60,,15407,50,4,,1,20,,15408,50,4,,1,21,,15409,50,4,,1,60,,15410,50,4,,1,21,,15411,50,4,,1,20,,15412,50,4,,1,60,,15413,50,4,,1,20,,15414,50,4,,1,19,,15415,50,4,,1,60,,15416,50,4,,1,20,,15417,50,4,,1,19,,15418,50,4,,1,59,,15419,50,4,,1,20,,15420,50,4,,1,20,,15421,50,4,,1,59,,15422,50,4,,1,20,,15423,50,4,,1,20,,15424,50,4,,1,57,,15425,50,4,,1,18,,15426,50,4,,1,18,,15427,50,4,,1,18,,15428,50,4,,1,57,,15429,50,4,,1,18,,15430,50,4,,1,18,,15431,50,4,,1,58,,15432,50,4,,1,16,,15433,50,4,,1,16,,15434,50,4,,1,17,,15435,50,4,,1,57,,15436,50,4,,1,20,,15437,50,4,,1,22,,15438,50,4,,1,62,,15439,50,4,,1,23,,15440,50,4,,1,62,,15441,50,4,,1,21,,15442,50,4,,1,18,,15443,50,4,,1,60,,15444,50,4,,1,20,,15445,50,4,,1,19,,15446,50,4,,1,60,,15447,50,4,,1
302,'CPSunday',812,,15448,50,4,,1,26,,15449,50,4,,1,65,,15450,50,4,,1,28,,15451,50,4,,1,27,,15452,50,4,,1,66,,15453,50,4,,1,25,,15454,50,4,,1,65,,15455,50,4,,1,25,,15456,50,4,,1,67,,15457,50,4,,1,25,,15458,50,4,,1,25,,15459,50,4,,1,62,,15460,50,4,,1,22,,15461,50,4,,1,62,,15462,50,4,,1,22,,15463,50,4,,1,22,,15464,50,4,,1,62,,15465,50,4,,1,22,,15466,50,4,,1,22,,15467,50,4,,1,62,,15468,50,4,,1,22,,15469,50,4,,1,22,,15470,50,4,,1,62,,15471,50,4,,1,22,,15472,50,4,,1,62,,15473,50,4,,1,22,,15474,50,4,,1,21,,15475,50,4,,1,62,,15476,50,4,,1,22,,15477,50,4,,1,20,,15478,50,4,,1,61,,15479,50,4,,1,21,,15480,50,4,,1,20,,15481,50,4,,1,62,,15482,50,4,,1,21,,15483,50,4,,1,22,,15484,50,4,,1,65,,15485,50,4,,1,23,,15486,50,4,,1,63,,15487,50,4,,1,23,,15488,50,4,,1,23,,15489,50,4,,1,62,,15490,50,4,,1,22,,15491,50,4,,1
302,'CPWeekday',313,,15492,50,4,,1,30,,15493,50,4,,1,70,,15494,50,4,,1,32,,15495,50,4,,1,70,,15496,50,4,,1,33,,15497,50,4,,1,57,,15498,50,4,,1,15,,15499,50,4,,1,16,,15500,50,4,,1,16,,15501,50,4,,1,56,,15502,50,4,,1,15,,15503,50,4,,1,16,,15504,50,4,,1,16,,15505,50,4,,1,55,,15506,50,4,,1,16,,15507,50,4,,1,16,,15508,50,4,,1,17,,15509,50,4,,1,54,,15510,50,4,,1,14,,15511,50,4,,1,14,,15512,50,4,,1,13,,15513,50,4,,1,55,,15514,50,4,,1,15,,15515,50,4,,1,16,,15516,50,4,,1,15,,15517,50,4,,1,55,,15518,50,4,,1,15,,15519,50,4,,1,15,,15520,50,4,,1,15,,15521,50,4,,1,55,,15522,50,4,,1,15,,15523,50,4,,1,15,,15524,50,4,,1,15,,15525,50,4,,1,54,,15526,50,4,,1,14,,15527,50,4,,1,14,,15528,50,4,,1,14,,15529,50,4,,1,54,,15530,50,4,,1,14,,15531,50,4,,1,16,,15532,50,4,,1,16,,15533,50,4,,1,50,,15534,50,4,,1,10,,15535,50,4,,1,10,,15536,50,4,,1,10,,15537,50,4,,1,12,,15538,50,4,,1,11,,15539,50,4,,1,52,,15540,50,4,,1,12,,15541,50,4,,1,11,,15542,50,4,,1,10,,15543,50,4,,1,10,,15544,50,4,,1,10,,15545,50,4,,1,49,,15546,50,4,,1,10,,15547,50,4,,1,10,,15548,50,4,,1,10,,15549,50,4,,1,9,,15550,50,4,,1,12,,15551,50,4,,1,51,,15552,50,4,,1,12,,15553,50,4,,1,10,,15554,50,4,,1,10,,15555,50,4,,1,8,,15556,50,4,,1,8,,15557,50,4,,1,48,,15558,50,4,,1,12,,15559,50,4,,1,12,,15560,50,4,,1,10,,15561,50,4,,1,9,,15562,50,4,,1,56,,15563,50,4,,1,17,,15564,50,4,,1,19,,15565,50,4,,1,18,,15566,50,4,,1,57,,15567,50,4,,1,17,,15568,50,4,,1,17,,15569,50,4,,1,58,,15570,50,4,,1,19,,15571,50,4,,1,30,,15572,50,4,,1,69,,15573,50,4,,1,29,,15574,50,4,,1,68,,15575,50,4,,1,29,,15576,50,4,,1,69,,15577,50,4,,1,30,,15578,50,4,,1,70,,15579,50,4,,1,30,,15580,50,4,,1
601,'CPHoliday1',818,,16101,47,4,,1,82,,16102,47,4,,1,41,,16103,47,4,,1,85,,16104,47,4,,1,82,,16105,47,4,,1,45,,16106,47,4,,1,87,,16107,47,4,,1,86,,16108,47,4,,1,89,,16109,47,4,,1,88,,16110,47,4,,1,47,,16111,47,4,,1,89,,16112,47,4,,1,88,,16113,47,4,,1,87,,16114,47,4,,1,43,,16115,47,4,,1,81,,16116,47,4,,1,81,,16117,47,4,,1,81,,16118,47,4,,1,39,,16119,47,4,,1
601,'CPSaturday',546,,16120,47,4,,1,79,,16121,47,4,,1,78,,16122,47,4,,1,39,,16123,47,4,,1,82,,16124,47,4,,1,81,,16125,47,4,,1,42,,16126,47,4,,1,83,,16127,47,4,,1,88,,16128,47,4,,1,84,,16129,47,4,,1,45,,16130,47,4,,1,87,,16131,47,4,,1,86,,16132,47,4,,1,84,,16133,47,4,,1,44,,16134,47,4,,1,85,,16135,47,4,,1,85,,16136,47,4,,1,84,,16137,47,4,,1,43,,16138,47,4,,1,84,,16139,47,4,,1,84,,16140,47,4,,1,42,,16141,47,4,,1,83,,16142,47,4,,1,82,,16143,47,4,,1,80,,16144,47,4,,1,40,,16145,47,4,,1,80,,16146,47,4,,1
601,'CPSunday',818,,16147,47,4,,1,82,,16148,47,4,,1,41,,16149,47,4,,1,85,,16150,47,4,,1,82,,16151,47,4,,1,45,,16152,47,4,,1,87,,16153,47,4,,1,86,,16154,47,4,,1,89,,16155,47,4,,1,88,,16156,47,4,,1,47,,16157,47,4,,1,89,,16158,47,4,,1,88,,16159,47,4,,1,87,,16160,47,4,,1,43,,16161,47,4,,1,81,,16162,47,4,,1,81,,16163,47,4,,1,81,,16164,47,4,,1,39,,16165,47,4,,1
601,'CPWeekday',532,,16211,47,4,,1,27,,16202,47,4,,1,72,,16200,47,4,,1,28,,16205,47,4,,1,65,,16199,47,4,,1,76,,16198,47,4,,1,31,,16203,47,4,,1,73,,16197,47,4,,1,29,,16196,47,4,,1,69,,16204,47,4,,1,30,,16185,47,4,,1,70,,16183,47,4,,1,30,,16207,47,4,,1,70,,16187,47,4,,1,31,,16182,47,4,,1,70,,16206,47,4,,1,31,,16186,47,4,,1,70,,16181,47,4,,1,31,,16201,47,4,,1,66,,16180,47,4,,1,25,,16188,47,4,,1,24,,16174,47,4,,1,64,,16208,47,4,,1,25,,16173,47,4,,1,66,,16184,47,4,,1,26,,16175,47,4,,1,26,,16209,47,4,,1,65,,16172,47,4,,1,25,,16189,47,4,,1,62,,16177,47,4,,1,22,,16210,47,4,,1,21,,16171,47,4,,1,65,,16191,47,4,,1,27,,16178,47,4,,1,67,,16170,47,4,,1,27,,16193,47,4,,1,67,,16176,47,4,,1,28,,16169,47,4,,1,68,,16190,47,4,,1,26,,16179,47,4,,1,26,,16168,47,4,,1,75,,16194,47,4,,1,75,,16167,47,4,,1,32,,16192,47,4,,1,75,,16166,47,4,,1,36,,16195,47,4,,1
704,'CPWeekday',250,,16533,54,4,,1,77,,16534,54,4,,1,88,,16535,54,4,,1,42,,16536,54,4,,1,70,,16546,54,4,,1,24,,16543,54,4,,1,177,,16537,54,4,,1,83,,16545,54,4,,1,23,,16544,54,4,,1,171,,16538,54,4,,1,238,,16539,54,4,,1,289,,16540,54,4,,1,299,,16541,54,4,,1,273,,16542,54,4,,1
704,'MAHoliday1',450,,16547,54,4,,1,81,,16548,54,4,,1,23,,16549,54,4,,1,62,,16550,54,4,,1,21,,16551,54,4,,1,64,,16552,54,4,,1,22,,16553,54,4,,1,23,,16554,54,4,,1,63,,16555,54,4,,1,22,,16556,54,4,,1,23,,16557,54,4,,1,61,,16558,54,4,,1,22,,16559,54,4,,1,63,,16560,54,4,,1,24,,16561,54,4,,1,22,,16562,54,4,,1,61,,16563,54,4,,1,24,,16564,54,4,,1,21,,16565,54,4,,1,64,,16566,54,4,,1,25,,16567,54,4,,1,64,,16568,54,4,,1,24,,16569,54,4,,1,24,,16570,54,4,,1,64,,16571,54,4,,1,25,,16572,54,4,,1,64,,16573,54,4,,1,24,,16574,54,4,,1,24,,16575,54,4,,1,63,,16576,54,4,,1,24,,16577,54,4,,1,63,,16578,54,4,,1,24,,16579,54,4,,1,24,,16580,54,4,,1,64,,16581,54,4,,1,22,,16582,54,4,,1,64,,16583,54,4,,1,23,,16584,54,4,,1,23,,16585,54,4,,1,63,,16586,54,4,,1,21,,16587,54,4,,1,22,,16588,54,4,,1,62,,16589,54,4,,1,23,,16590,54,4,,1,63,,16591,54,4,,1,22,,16592,54,4,,1,22,,16593,54,4,,1,61,,16594,54,4,,1,21,,16595,54,4,,1,22,,16596,54,4,,1,60,,16597,54,4,,1,19,,16598,54,4,,1
704,'MASaturday',444,,16599,54,4,,1,61,,16600,54,4,,1,21,,16601,54,4,,1,22,,16602,54,4,,1,61,,16603,54,4,,1,22,,16604,54,4,,1,23,,16605,54,4,,1,64,,16606,54,4,,1,23,,16607,54,4,,1,62,,16608,54,4,,1,22,,16609,54,4,,1,21,,16610,54,4,,1,64,,16611,54,4,,1,26,,16612,54,4,,1,64,,16613,54,4,,1,26,,16614,54,4,,1,27,,16615,54,4,,1,65,,16616,54,4,,1,23,,16617,54,4,,1,66,,16618,54,4,,1,27,,16619,54,4,,1,24,,16620,54,4,,1,65,,16621,54,4,,1,26,,16622,54,4,,1,65,,16623,54,4,,1,24,,16624,54,4,,1,64,,16625,54,4,,1,27,,16626,54,4,,1,26,,16627,54,4,,1,64,,16628,54,4,,1,25,,16629,54,4,,1,65,,16630,54,4,,1,24,,16631,54,4,,1,25,,16632,54,4,,1,62,,16633,54,4,,1,24,,16634,54,4,,1,61,,16635,54,4,,1,24,,16636,54,4,,1,24,,16637,54,4,,1,62,,16638,54,4,,1,22,,16639,54,4,,1,22,,16640,54,4,,1,59,,16641,54,4,,1,21,,16642,54,4,,1,63,,16643,54,4,,1,24,,16644,54,4,,1,23,,16645,54,4,,1,62,,16646,54,4,,1,21,,16647,54,4,,1,19,,16648,54,4,,1,59,,16649,54,4,,1,20,,16650,54,4,,1,22,,16651,54,4,,1,61,,16652,54,4,,1,19,,16653,54,4,,1
704,'MASunday',450,,16654,54,4,,1,81,,16655,54,4,,1,23,,16656,54,4,,1,62,,16657,54,4,,1,21,,16658,54,4,,1,64,,16659,54,4,,1,22,,16660,54,4,,1,23,,16661,54,4,,1,63,,16662,54,4,,1,22,,16663,54,4,,1,23,,16664,54,4,,1,61,,16665,54,4,,1,22,,16666,54,4,,1,63,,16667,54,4,,1,24,,16668,54,4,,1,22,,16669,54,4,,1,61,,16670,54,4,,1,24,,16671,54,4,,1,21,,16672,54,4,,1,64,,16673,54,4,,1,25,,16674,54,4,,1,64,,16675,54,4,,1,24,,16676,54,4,,1,24,,16677,54,4,,1,64,,16678,54,4,,1,25,,16679,54,4,,1,64,,16680,54,4,,1,24,,16681,54,4,,1,24,,16682,54,4,,1,63,,16683,54,4,,1,24,,16684,54,4,,1,63,,16685,54,4,,1,24,,16686,54,4,,1,24,,16687,54,4,,1,64,,16688,54,4,,1,22,,16689,54,4,,1,64,,16690,54,4,,1,23,,16691,54,4,,1,23,,16692,54,4,,1,63,,16693,54,4,,1,21,,16694,54,4,,1,22,,16695,54,4,,1,62,,16696,54,4,,1,23,,16697,54,4,,1,63,,16698,54,4,,1,22,,16699,54,4,,1,22,,16700,54,4,,1,61,,16701,54,4,,1,21,,16702,54,4,,1,22,,16703,54,4,,1,60,,16704,54,4,,1,19,,16705,54,4,,1
704,'MAWeekday',613,,16706,54,4,,1,25,,16707,54,4,,1,68,,16743,54,4,,1,43,,16708,54,4,,1,106,,16709,54,4,,1,64,,16710,54,4,,1,22,,16742,54,4,,1,93,,16711,54,4,,1,67,,16744,54,4,,1,26,,16712,54,4,,1,25,,16713,54,4,,1,65,,16714,54,4,,1,93,,16715,54,4,,1,24,,16716,54,4,,1,21,,16745,54,4,,1,60,,16717,54,4,,1,24,,16718,54,4,,1,65,,16719,54,4,,1,54,,16720,54,4,,1,68,,16721,54,4,,1,27,,16722,54,4,,1,65,,16723,54,4,,1,25,,16724,54,4,,1,66,,16725,54,4,,1,44,,16726,54,4,,1,63,,16727,54,4,,1,23,,16728,54,4,,1,61,,16729,54,4,,1,22,,16730,54,4,,1,19,,16731,54,4,,1,86,,16732,54,4,,1,22,,16733,54,4,,1,62,,16734,54,4,,1,35,,16735,54,4,,1,72,,16736,54,4,,1,32,,16737,54,4,,1,76,,16738,54,4,,1,77,,16739,54,4,,1,30,,16740,54,4,,1,77,,16741,54,4,,1
803,'CPSaturday',711,,16757,45,4,,1,42,,16747,45,4,,1,85,,16758,45,4,,1,85,,16753,45,4,,1,86,,16759,45,4,,1,48,,16748,45,4,,1,90,,16760,45,4,,1,90,,16749,45,4,,1,91,,16761,45,4,,1,95,,16754,45,4,,1,93,,16762,45,4,,1,93,,16755,45,4,,1,93,,16766,45,4,,1,52,,16746,45,4,,1,93,,16764,45,4,,1,90,,16756,45,4,,1,88,,16767,45,4,,1,86,,16750,45,4,,1,46,,16768,45,4,,1,86,,16751,45,4,,1,84,,16763,45,4,,1,81,,16752,45,4,,1,43,,16765,45,4,,1
803,'CPWeekday',530,,16797,45,4,,1,72,,16799,45,4,,1,31,,16796,45,4,,1,73,,16798,45,4,,1,36,,16793,45,4,,1,78,,16794,45,4,,1,39,,16795,45,4,,1,76,,16790,45,4,,1,74,,16791,45,4,,1,36,,16792,45,4,,1,76,,16789,45,4,,1,35,,16788,45,4,,1,75,,16787,45,4,,1,77,,16786,45,4,,1,37,,16785,45,4,,1,80,,16784,45,4,,1,85,,16783,45,4,,1,43,,16782,45,4,,1,76,,16781,45,4,,1,80,,16780,45,4,,1,40,,16774,45,4,,1,78,,16779,45,4,,1,32,,16773,45,4,,1,73,,16769,45,4,,1,72,,16778,45,4,,1,41,,16771,45,4,,1,82,,16776,45,4,,1,82,,16772,45,4,,1,42,,16777,45,4,,1,80,,16770,45,4,,1,82,,16775,45,4,,1
901,'CPHoliday1',647,,16879,19,4,,1,82,,16878,44,4,,1,88,,16877,44,4,,1,88,,16876,44,4,,1,52,,16875,44,4,,1,91,,16872,44,4,,1,77,,16868,44,4,,1,32,,16867,44,4,,1,75,,16873,44,4,,1,80,,16863,44,4,,1,34,,16866,44,4,,1,77,,16871,44,4,,1,78,,16864,44,4,,1,38,,16859,44,4,,1,78,,16869,44,4,,1,38,,16857,44,4,,1,77,,16861,44,4,,1,76,,16874,44,4,,1,34,,16856,44,4,,1,76,,16860,44,4,,1,36,,16870,44,4,,1,76,,16855,44,4,,1,89,,16865,44,4,,1,89,,16854,44,4,,1,45,,16862,44,4,,1,88,,16853,44,4,,1,86,,16858,44,4,,1
901,'CPSaturday',600,,16914,19,4,,1,25,,16913,19,4,,1,32,,16912,19,4,,1,64,,16911,44,4,,1,33,,16909,44,4,,1,74,,16910,44,4,,1,72,,16908,44,4,,1,37,,16897,44,4,,1,73,,16898,44,4,,1,35,,16900,44,4,,1,78,,16888,44,4,,1,36,,16887,44,4,,1,75,,16902,44,4,,1,78,,16894,44,4,,1,40,,16886,44,4,,1,78,,16905,44,4,,1,79,,16891,44,4,,1,39,,16885,44,4,,1,77,,16904,44,4,,1,79,,16893,44,4,,1,38,,16884,44,4,,1,75,,16901,44,4,,1,39,,16890,44,4,,1,72,,16883,44,4,,1,76,,16899,44,4,,1,37,,16895,44,4,,1,73,,16881,44,4,,1,33,,16903,44,4,,1,73,,16889,44,4,,1,34,,16882,44,4,,1,74,,16906,44,4,,1,72,,16892,44,4,,1,31,,16880,44,4,,1,70,,16907,44,4,,1,31,,16896,44,4,,1
901,'CPSunday',647,,16941,19,4,,1,82,,16940,44,4,,1,88,,16939,44,4,,1,88,,16938,44,4,,1,52,,16937,44,4,,1,91,,16934,44,4,,1,77,,16930,44,4,,1,32,,16929,44,4,,1,75,,16935,44,4,,1,80,,16925,44,4,,1,34,,16928,44,4,,1,77,,16933,44,4,,1,78,,16926,44,4,,1,38,,16921,44,4,,1,78,,16931,44,4,,1,38,,16919,44,4,,1,77,,16923,44,4,,1,76,,16936,44,4,,1,34,,16918,44,4,,1,76,,16922,44,4,,1,36,,16932,44,4,,1,76,,16917,44,4,,1,89,,16927,44,4,,1,89,,16916,44,4,,1,45,,16924,44,4,,1,88,,16915,44,4,,1,86,,16920,44,4,,1
901,'CPWeekday',450,,16984,45,4,,1,65,,16988,45,4,,1,21,,16986,45,4,,1,21,,16989,45,4,,1,61,,16990,45,4,,1,21,,16985,45,4,,1,61,,16987,45,4,,1,26,,16978,45,4,,1,29,,16980,45,4,,1,60,,16983,45,4,,1,27,,16977,45,4,,1,60,,16979,45,4,,1,27,,16981,45,4,,1,23,,16982,45,4,,1,64,,16975,45,4,,1,21,,16972,45,4,,1,67,,16973,45,4,,1,28,,16974,45,4,,1,70,,16976,45,4,,1,30,,16968,45,4,,1,70,,16969,45,4,,1,30,,16970,45,4,,1,70,,16971,45,4,,1,31,,16966,45,4,,1,71,,16967,45,4,,1,31,,16965,45,4,,1,67,,16964,45,4,,1,23,,16963,45,4,,1,22,,16962,45,4,,1,70,,16961,45,4,,1,30,,16960,45,4,,1,69,,16959,45,4,,1,19,,16958,45,4,,1,24,,16957,45,4,,1,62,,16956,45,4,,1,29,,16951,45,4,,1,67,,16950,45,4,,1,25,,16949,45,4,,1,65,,16952,45,4,,1,27,,16948,45,4,,1,67,,16946,45,4,,1,25,,16943,45,4,,1,27,,16953,45,4,,1,65,,16947,45,4,,1,25,,16945,45,4,,1,66,,16942,45,4,,1,30,,16954,45,4,,1,86,,16944,45,4,,1,85,,16955,45,4,,1
2002,'CPHoliday1',840,,19161,36,4,,1,65,,19162,36,4,,1,29,,19163,36,4,,1,68,,19164,36,4,,1,28,,19165,36,4,,1,28,,19166,36,4,,1,72,,19167,36,4,,1,70,,19168,36,4,,1,33,,19169,36,4,,1,71,,19170,36,4,,1,32,,19171,36,4,,1,72,,19172,36,4,,1,31,,19173,36,4,,1,72,,19174,36,4,,1,32,,19175,36,4,,1,72,,19176,36,4,,1,32,,19177,36,4,,1,73,,19178,36,4,,1,31,,19179,36,4,,1,72,,19180,36,4,,1,32,,19181,36,4,,1,67,,19182,36,4,,1,29,,19183,36,4,,1,66,,19184,36,4,,1,25,,19185,36,4,,1,64,,19186,36,4,,1,22,,19187,36,4,,1
2002,'CPSaturday',723,,19211,36,4,,1,28,,19209,36,4,,1,71,,19210,36,4,,1,29,,19219,36,4,,1,69,,19208,36,4,,1,31,,19207,36,4,,1,73,,19206,36,4,,1,32,,19220,36,4,,1,72,,19205,36,4,,1,72,,19203,36,4,,1,32,,19204,36,4,,1,73,,19213,36,4,,1,33,,19202,36,4,,1,71,,19201,36,4,,1,32,,19200,36,4,,1,72,,19216,36,4,,1,32,,19199,36,4,,1,72,,19198,36,4,,1,32,,19197,36,4,,1,72,,19214,36,4,,1,32,,19195,36,4,,1,72,,19196,36,4,,1,30,,19194,36,4,,1,72,,19215,36,4,,1,31,,19193,36,4,,1,72,,19192,36,4,,1,72,,19218,36,4,,1,30,,19191,36,4,,1,71,,19190,36,4,,1,29,,19217,36,4,,1,70,,19189,36,4,,1,30,,19188,36,4,,1,27,,19212,36,4,,1
2002,'CPSunday',840,,19221,36,4,,1,65,,19222,36,4,,1,29,,19223,36,4,,1,68,,19224,36,4,,1,28,,19225,36,4,,1,28,,19226,36,4,,1,72,,19227,36,4,,1,70,,19228,36,4,,1,33,,19229,36,4,,1,71,,19230,36,4,,1,32,,19231,36,4,,1,72,,19232,36,4,,1,31,,19233,36,4,,1,72,,19234,36,4,,1,32,,19235,36,4,,1,72,,19236,36,4,,1,32,,19237,36,4,,1,73,,19238,36,4,,1,31,,19239,36,4,,1,72,,19240,36,4,,1,32,,19241,36,4,,1,67,,19242,36,4,,1,29,,19243,36,4,,1,66,,19244,36,4,,1,25,,19245,36,4,,1,64,,19246,36,4,,1,22,,19247,36,4,,1
2002,'CPWeekday',514,,19294,36,4,,1,20,,19289,36,4,,1,20,,19288,36,4,,1,61,,19287,36,4,,1,20,,19298,36,4,,1,66,,19283,36,4,,1,26,,19277,36,4,,1,24,,19276,36,4,,1,64,,19291,36,4,,1,24,,19278,36,4,,1,64,,19275,36,4,,1,24,,19274,36,4,,1,24,,19290,36,4,,1,64,,19279,36,4,,1,24,,19271,36,4,,1,64,,19270,36,4,,1,26,,19292,36,4,,1,23,,19280,36,4,,1,63,,19263,36,4,,1,25,,19261,36,4,,1,64,,19293,36,4,,1,26,,19282,36,4,,1,25,,19264,36,4,,1,64,,19260,36,4,,1,22,,19295,36,4,,1,18,,19259,36,4,,1,60,,19285,36,4,,1,24,,19262,36,4,,1,63,,19258,36,4,,1,22,,19296,36,4,,1,22,,19256,36,4,,1,62,,19281,36,4,,1,22,,19265,36,4,,1,20,,19257,36,4,,1,60,,19297,36,4,,1,22,,19253,36,4,,1,18,,19284,36,4,,1,58,,19267,36,4,,1,18,,19254,36,4,,1,20,,19299,36,4,,1,58,,19251,36,4,,1,18,,19286,36,4,,1,17,,19272,36,4,,1,57,,19255,36,4,,1,28,,19252,36,4,,1,80,,19266,36,4,,1,40,,19250,36,4,,1,80,,19269,36,4,,1,75,,19249,36,4,,1,38,,19268,36,4,,1,74,,19248,36,4,,1,34,,19273,36,4,,1
2803,'CPHoliday1',818,,20410,25,4,,1,27,,20411,25,4,,1,67,,20412,25,4,,1,26,,20413,25,4,,1,66,,20414,25,4,,1,28,,20415,25,4,,1,72,,20416,25,4,,1,31,,20417,25,4,,1,70,,20418,25,4,,1,30,,20419,25,4,,1,70,,20420,25,4,,1,30,,20421,25,4,,1,71,,20422,25,4,,1,30,,20423,25,4,,1,70,,20424,25,4,,1,30,,20425,25,4,,1,70,,20426,25,4,,1,30,,20427,25,4,,1,71,,20428,25,4,,1,29,,20429,25,4,,1,69,,20430,25,4,,1,27,,20431,25,4,,1,69,,20432,25,4,,1,25,,20433,25,4,,1,22,,20434,25,4,,1
2803,'CPSaturday',750,,20451,25,4,,1,63,,20450,25,4,,1,26,,20457,25,4,,1,68,,20444,25,4,,1,28,,20464,25,4,,1,71,,20443,25,4,,1,30,,20463,25,4,,1,70,,20437,25,4,,1,30,,20456,25,4,,1,70,,20439,25,4,,1,31,,20458,25,4,,1,71,,20438,25,4,,1,31,,20462,25,4,,1,70,,20445,25,4,,1,30,,20459,25,4,,1,70,,20441,25,4,,1,28,,20454,25,4,,1,70,,20442,25,4,,1,30,,20465,25,4,,1,70,,20440,25,4,,1,30,,20460,25,4,,1,69,,20435,25,4,,1,29,,20452,25,4,,1,70,,20446,25,4,,1,30,,20453,25,4,,1,70,,20447,25,4,,1,30,,20461,25,4,,1,70,,20448,25,4,,1,29,,20455,25,4,,1,72,,20436,25,4,,1,31,,20466,25,4,,1,74,,20449,25,4,,1
2803,'CPSunday',818,,20467,25,4,,1,27,,20468,25,4,,1,67,,20469,25,4,,1,26,,20470,25,4,,1,66,,20471,25,4,,1,28,,20472,25,4,,1,72,,20473,25,4,,1,31,,20474,25,4,,1,70,,20475,25,4,,1,30,,20476,25,4,,1,70,,20477,25,4,,1,30,,20478,25,4,,1,71,,20479,25,4,,1,30,,20480,25,4,,1,70,,20481,25,4,,1,30,,20482,25,4,,1,70,,20483,25,4,,1,30,,20484,25,4,,1,71,,20485,25,4,,1,29,,20486,25,4,,1,69,,20487,25,4,,1,27,,20488,25,4,,1,69,,20489,25,4,,1,25,,20490,25,4,,1,22,,20491,25,4,,1
2803,'CPWeekday',513,,20492,25,4,,1,15,,20493,25,4,,1,17,,20494,25,4,,1,56,,20495,25,4,,1,16,,20496,25,4,,1,14,,20497,25,4,,1,20,,20498,25,4,,1,52,,20499,25,4,,1,18,,20500,25,4,,1,17,,20501,25,4,,1,18,,20502,25,4,,1,57,,20503,25,4,,1,15,,20504,25,4,,1,18,,20505,25,4,,1,58,,20506,25,4,,1,14,,20507,25,4,,1,14,,20508,25,4,,1,13,,20509,25,4,,1,58,,20510,25,4,,1,20,,20511,25,4,,1,21,,20512,25,4,,1,60,,20513,25,4,,1,20,,20514,25,4,,1,19,,20515,25,4,,1,60,,20516,25,4,,1,20,,20517,25,4,,1,20,,20518,25,4,,1,59,,20519,25,4,,1,20,,20520,25,4,,1,21,,20521,25,4,,1,61,,20522,25,4,,1,21,,20523,25,4,,1,21,,20524,25,4,,1,61,,20525,25,4,,1,21,,20526,25,4,,1,20,,20527,25,4,,1,60,,20528,25,4,,1,25,,20529,28,4,,1,15,,20530,28,4,,1,56,,20531,28,4,,1,19,,20532,28,4,,1,19,,20533,28,4,,1,10,,20555,28,4,,1,53,,20534,28,4,,1,14,,20535,28,4,,1,14,,20536,28,4,,1,17,,20537,28,4,,1,58,,20538,28,4,,1,15,,20539,28,4,,1,20,,20540,28,4,,1,59,,20541,28,4,,1,7,,20542,25,4,,1,14,,20543,25,4,,1,18,,20544,25,4,,1,60,,20545,25,4,,1,20,,20546,25,4,,1,19,,20547,25,4,,1,66,,20548,25,4,,1,27,,20549,25,4,,1,26,,20550,25,4,,1,64,,20551,25,4,,1,23,,20552,25,4,,1,63,,20553,25,4,,1,23,,20554,25,4,,1
6604,'CPHoliday1',552,,25383,32,4,,1,63,,25316,32,4,,1,23,,25317,32,4,,1,64,,25318,32,4,,1,23,,25319,32,4,,1,22,,25320,32,4,,1,57,,25321,32,4,,1,18,,25322,32,4,,1,18,,25323,32,4,,1,17,,25324,32,4,,1,60,,25325,32,4,,1,19,,25326,32,4,,1,18,,25327,32,4,,1,60,,25328,32,4,,1,18,,25329,32,4,,1,18,,25330,32,4,,1,58,,25331,32,4,,1,20,,25332,32,4,,1,20,,25333,32,4,,1,61,,25334,32,4,,1,20,,25335,32,4,,1,18,,25336,32,4,,1,55,,25337,32,4,,1,15,,25338,32,4,,1,14,,25339,32,4,,1,14,,25340,32,4,,1,13,,25341,32,4,,1,53,,25342,32,4,,1,13,,25343,32,4,,1,14,,25344,32,4,,1,14,,25345,32,4,,1,54,,25346,32,4,,1,13,,25347,32,4,,1,14,,25348,32,4,,1,14,,25349,32,4,,1,54,,25350,32,4,,1,14,,25351,32,4,,1,14,,25352,32,4,,1,14,,25353,32,4,,1,14,,25354,32,4,,1,54,,25355,32,4,,1,13,,25356,32,4,,1,14,,25357,32,4,,1,14,,25358,32,4,,1,52,,25359,32,4,,1,14,,25360,32,4,,1,13,,25361,32,4,,1,13,,25362,32,4,,1,15,,25363,32,4,,1,54,,25364,32,4,,1,14,,25365,32,4,,1,15,,25366,32,4,,1,16,,25367,32,4,,1,55,,25368,32,4,,1,15,,25369,32,4,,1,14,,25370,32,4,,1,14,,25371,32,4,,1,55,,25372,32,4,,1,15,,25373,32,4,,1,14,,25374,32,4,,1,12,,25375,32,4,,1,52,,25376,32,4,,1,28,,25377,32,4,,1,74,,25378,32,4,,1,34,,25379,32,4,,1,73,,25380,32,4,,1,33,,25381,32,4,,1,73,,25382,32,4,,1
6604,'CPSaturday',541,,25384,32,4,,1,63,,25400,32,4,,1,23,,25411,32,4,,1,24,,25385,32,4,,1,66,,25401,32,4,,1,26,,25412,32,4,,1,66,,25386,32,4,,1,18,,25455,32,4,,1,16,,25399,32,4,,1,16,,25414,32,4,,1,56,,25457,32,4,,1,17,,25387,32,4,,1,15,,25456,32,4,,1,55,,25404,32,4,,1,16,,25413,32,4,,1,15,,25458,32,4,,1,12,,25459,32,4,,1,12,,25388,32,4,,1,52,,25449,32,4,,1,13,,25403,32,4,,1,15,,25423,32,4,,1,14,,25452,32,4,,1,53,,25454,32,4,,1,14,,25389,32,4,,1,14,,25450,32,4,,1,14,,25402,32,4,,1,54,,25424,32,4,,1,15,,25451,32,4,,1,14,,25453,32,4,,1,14,,25390,32,4,,1,14,,25448,32,4,,1,54,,25407,32,4,,1,15,,25415,32,4,,1,14,,25443,32,4,,1,15,,25446,32,4,,1,56,,25391,32,4,,1,15,,25444,32,4,,1,15,,25408,32,4,,1,15,,25418,32,4,,1,55,,25445,32,4,,1,15,,25447,32,4,,1,15,,25392,32,4,,1,14,,25442,32,4,,1,53,,25406,32,4,,1,15,,25416,32,4,,1,15,,25441,32,4,,1,15,,25440,32,4,,1,55,,25393,32,4,,1,15,,25439,32,4,,1,15,,25405,32,4,,1,15,,25417,32,4,,1,54,,25437,32,4,,1,14,,25438,32,4,,1,13,,25394,32,4,,1,14,,25434,32,4,,1,54,,25409,32,4,,1,13,,25419,32,4,,1,13,,25431,32,4,,1,14,,25430,32,4,,1,13,,25395,32,4,,1,52,,25433,32,4,,1,13,,25410,32,4,,1,13,,25421,32,4,,1,13,,25429,32,4,,1,13,,25428,32,4,,1,57,,25396,32,4,,1,17,,25432,32,4,,1,16,,25422,32,4,,1,58,,25427,32,4,,1,18,,25397,32,4,,1,17,,25435,32,4,,1,17,,25420,32,4,,1,55,,25426,32,4,,1,16,,25398,32,4,,1,16,,25436,32,4,,1,55,,25425,32,4,,1
6604,'CPSunday',552,,25527,32,4,,1,63,,25460,32,4,,1,23,,25461,32,4,,1,64,,25462,32,4,,1,23,,25463,32,4,,1,22,,25464,32,4,,1,57,,25465,32,4,,1,18,,25466,32,4,,1,18,,25467,32,4,,1,17,,25468,32,4,,1,60,,25469,32,4,,1,19,,25470,32,4,,1,18,,25471,32,4,,1,60,,25472,32,4,,1,18,,25473,32,4,,1,18,,25474,32,4,,1,58,,25475,32,4,,1,20,,25476,32,4,,1,20,,25477,32,4,,1,61,,25478,32,4,,1,20,,25479,32,4,,1,18,,25480,32,4,,1,55,,25481,32,4,,1,15,,25482,32,4,,1,14,,25483,32,4,,1,14,,25484,32,4,,1,13,,25485,32,4,,1,53,,25486,32,4,,1,13,,25487,32,4,,1,14,,25488,32,4,,1,14,,25489,32,4,,1,54,,25490,32,4,,1,13,,25491,32,4,,1,14,,25492,32,4,,1,14,,25493,32,4,,1,54,,25494,32,4,,1,14,,25495,32,4,,1,14,,25496,32,4,,1,14,,25497,32,4,,1,14,,25498,32,4,,1,54,,25499,32,4,,1,13,,25500,32,4,,1,14,,25501,32,4,,1,14,,25502,32,4,,1,52,,25503,32,4,,1,14,,25504,32,4,,1,13,,25505,32,4,,1,13,,25506,32,4,,1,15,,25507,32,4,,1,54,,25508,32,4,,1,14,,25509,32,4,,1,15,,25510,32,4,,1,16,,25511,32,4,,1,55,,25512,32,4,,1,15,,25513,32,4,,1,14,,25514,32,4,,1,14,,25515,32,4,,1,55,,25516,32,4,,1,15,,25517,32,4,,1,14,,25518,32,4,,1,12,,25519,32,4,,1,52,,25520,32,4,,1,28,,25521,32,4,,1,74,,25522,32,4,,1,34,,25523,32,4,,1,73,,25524,32,4,,1,33,,25525,32,4,,1,73,,25526,32,4,,1
6604,'CPWeekday',459,,25528,32,4,,1,55,,25529,32,4,,1,13,,25530,32,4,,1,12,,25531,32,4,,1,12,,25532,32,4,,1,51,,25533,32,4,,1,11,,25534,32,4,,1,13,,25535,32,4,,1,11,,25536,32,4,,1,12,,25537,32,4,,1,52,,25538,32,4,,1,13,,25539,32,4,,1,12,,25540,32,4,,1,12,,25541,32,4,,1,13,,25542,32,4,,1,53,,25543,32,4,,1,12,,25544,32,4,,1,11,,25545,32,4,,1,10,,25546,32,4,,1,10,,25547,32,4,,1,11,,25548,32,4,,1,51,,25549,32,4,,1,11,,25550,32,4,,1,12,,25551,32,4,,1,13,,25552,32,4,,1,13,,25553,32,4,,1,53,,25554,32,4,,1,12,,25555,32,4,,1,11,,25556,32,4,,1,12,,25557,32,4,,1,12,,25558,32,4,,1,52,,25559,32,4,,1,12,,25560,32,4,,1,12,,25561,32,4,,1,12,,25562,32,4,,1,12,,25563,32,4,,1,52,,25564,32,4,,1,12,,25565,32,4,,1,12,,25566,32,4,,1,12,,25567,32,4,,1,12,,25568,32,4,,1,52,,25569,32,4,,1,12,,25570,32,4,,1,12,,25571,32,4,,1,12,,25572,32,4,,1,12,,25573,32,4,,1,52,,25574,32,4,,1,13,,25575,32,4,,1,11,,25576,32,4,,1,11,,25577,32,4,,1,10,,25578,32,4,,1,51,,25579,32,4,,1,11,,25580,32,4,,1,10,,25581,32,4,,1,10,,25582,32,4,,1,10,,25583,32,4,,1,11,,25584,32,4,,1,50,,25585,32,4,,1,11,,25586,32,4,,1,11,,25587,32,4,,1,11,,25588,32,4,,1,12,,25589,32,4,,1,51,,25590,32,4,,1,11,,25591,32,4,,1,11,,25592,32,4,,1,11,,25593,32,4,,1,9,,25594,32,4,,1,11,,25595,32,4,,1,50,,25596,32,4,,1,11,,25597,32,4,,1,9,,25598,32,4,,1,10,,25599,32,4,,1,10,,25600,32,4,,1,10,,25601,32,4,,1,51,,25602,32,4,,1,10,,25603,32,4,,1,10,,25604,32,4,,1,9,,25605,32,4,,1,9,,25606,32,4,,1,9,,25607,32,4,,1,51,,25608,32,4,,1,14,,25609,32,4,,1,14,,25610,32,4,,1,14,,25611,32,4,,1,54,,25612,32,4,,1,13,,25613,32,4,,1,14,,25614,32,4,,1,14,,25615,32,4,,1,59,,25616,32,4,,1,17,,25617,32,4,,1,17,,25618,32,4,,1,17,,25619,32,4,,1,55,,25620,32,4,,1,16,,25621,32,4,,1,18,,25622,32,4,,1,58,,25623,32,4,,1,17,,25624,32,4,,1,18,,25625,32,4,,1,17,,25626,32,4,,1,57,,25627,32,4,,1,17,,25628,32,4,,1,17,,25629,32,4,,1
6804,'CPHoliday1',1037,,25682,31,4,,1,107,,25683,31,4,,1,109,,25684,31,4,,1,148,,25685,31,4,,1,109,,25686,31,4,,1,112,,25687,31,4,,1,109,,25688,31,4,,1,108,,25689,31,4,,1,108,,25690,31,4,,1,105,,25691,31,4,,1
6804,'CPSaturday',807,,25692,31,4,,1,107,,25693,31,4,,1,106,,25694,31,4,,1,111,,25695,31,4,,1,111,,25696,31,4,,1,111,,25697,31,4,,1,151,,25698,31,4,,1,111,,25699,31,4,,1,110,,25700,31,4,,1,111,,25701,31,4,,1,109,,25702,31,4,,1,107,,25703,31,4,,1,106,,25704,31,4,,1,148,,25705,31,4,,1,106,,25706,31,4,,1
6804,'CPSunday',1037,,25707,31,4,,1,107,,25708,31,4,,1,109,,25709,31,4,,1,148,,25710,31,4,,1,109,,25711,31,4,,1,112,,25712,31,4,,1,109,,25713,31,4,,1,108,,25714,31,4,,1,108,,25715,31,4,,1,105,,25716,31,4,,1
6804,'CPWeekday',603,,25717,31,4,,1,112,,25718,31,4,,1,115,,25719,31,4,,1,111,,25720,31,4,,1,113,,25721,31,4,,1,155,,25722,31,4,,1,117,,25723,31,4,,1,116,,25724,31,4,,1,158,,25725,31,4,,1,115,,25726,31,4,,1,113,,25727,31,4,,1,111,,25728,31,4,,1,113,,25729,31,4,,1,152,,25730,31,4,,1,112,,25731,31,4,,1,111,,25732,31,4,,1,114,,25733,31,4,,1
10704,'MAHoliday1',850,,26811,23,4,,1,70,,26812,23,4,,1,30,,26813,23,4,,1,70,,26814,23,4,,1,17,,26815,23,4,,1,18,,26816,23,4,,1,58,,26817,23,4,,1,18,,26818,23,4,,1,18,,26819,23,4,,1,58,,26820,23,4,,1,18,,26821,23,4,,1,21,,26822,23,4,,1,58,,26823,23,4,,1,19,,26824,23,4,,1,19,,26825,23,4,,1,58,,26826,23,4,,1,18,,26827,23,4,,1,19,,26828,23,4,,1,19,,26829,23,4,,1,60,,26830,23,4,,1,21,,26831,23,4,,1,21,,26832,23,4,,1,58,,26833,23,4,,1,18,,26834,23,4,,1,20,,26835,23,4,,1,60,,26836,23,4,,1,22,,26837,23,4,,1,19,,26838,23,4,,1,61,,26839,23,4,,1,20,,26840,23,4,,1,17,,26841,23,4,,1,57,,26842,23,4,,1,17,,26843,23,4,,1,16,,26844,23,4,,1,58,,26845,23,4,,1,34,,26846,23,4,,1,74,,26847,23,4,,1,29,,26848,23,4,,1,64,,26849,23,4,,1
10704,'MASaturday',852,,26850,23,4,,1,70,,26851,23,4,,1,27,,26852,23,4,,1,69,,26853,23,4,,1,19,,26854,23,4,,1,20,,26855,23,4,,1,59,,26856,23,4,,1,19,,26857,23,4,,1,18,,26858,23,4,,1,58,,26859,23,4,,1,16,,26860,23,4,,1,18,,26861,23,4,,1,58,,26862,23,4,,1,20,,26863,23,4,,1,21,,26864,23,4,,1,60,,26865,23,4,,1,21,,26866,23,4,,1,17,,26867,23,4,,1,59,,26868,23,4,,1,17,,26869,23,4,,1,20,,26870,23,4,,1,19,,26871,23,4,,1,60,,26872,23,4,,1,18,,26873,23,4,,1,21,,26874,23,4,,1,60,,26875,23,4,,1,21,,26876,23,4,,1,18,,26877,23,4,,1,57,,26878,23,4,,1,16,,26879,23,4,,1,18,,26880,23,4,,1,57,,26881,23,4,,1,18,,26882,23,4,,1,19,,26883,23,4,,1,61,,26884,23,4,,1,34,,26885,23,4,,1,74,,26886,23,4,,1,30,,26887,23,4,,1,64,,26888,23,4,,1
10704,'MASunday',850,,26889,23,4,,1,70,,26890,23,4,,1,30,,26891,23,4,,1,70,,26892,23,4,,1,17,,26893,23,4,,1,18,,26894,23,4,,1,58,,26895,23,4,,1,18,,26896,23,4,,1,18,,26897,23,4,,1,58,,26898,23,4,,1,18,,26899,23,4,,1,21,,26900,23,4,,1,58,,26901,23,4,,1,19,,26902,23,4,,1,19,,26903,23,4,,1,58,,26904,23,4,,1,18,,26905,23,4,,1,19,,26906,23,4,,1,19,,26907,23,4,,1,60,,26908,23,4,,1,21,,26909,23,4,,1,21,,26910,23,4,,1,58,,26911,23,4,,1,18,,26912,23,4,,1,20,,26913,23,4,,1,60,,26914,23,4,,1,22,,26915,23,4,,1,19,,26916,23,4,,1,61,,26917,23,4,,1,20,,26918,23,4,,1,17,,26919,23,4,,1,57,,26920,23,4,,1,17,,26921,23,4,,1,16,,26922,23,4,,1,58,,26923,23,4,,1,34,,26924,23,4,,1,74,,26925,23,4,,1,29,,26926,23,4,,1,64,,26927,23,4,,1
10704,'MAWeekday',539,,26928,23,4,,1,73,,26929,23,4,,1,15,,26930,23,4,,1,15,,26931,23,4,,1,58,,26932,23,4,,1,15,,26933,23,4,,1,17,,26934,23,4,,1,15,,26935,23,4,,1,55,,26936,23,4,,1,16,,26937,23,4,,1,13,,26938,23,4,,1,12,,26939,23,4,,1,12,,26940,23,4,,1,53,,26941,23,4,,1,10,,26942,23,4,,1,14,,26943,23,4,,1,15,,26944,23,4,,1,54,,26945,23,4,,1,16,,26946,23,4,,1,15,,26947,23,4,,1,15,,26948,23,4,,1,55,,26949,23,4,,1,14,,26950,23,4,,1,13,,26951,23,4,,1,14,,26952,23,4,,1,16,,26953,23,4,,1,55,,26954,23,4,,1,16,,26955,23,4,,1,15,,26956,23,4,,1,56,,26957,23,4,,1,16,,26958,23,4,,1,15,,26959,23,4,,1,15,,26960,23,4,,1,57,,26961,23,4,,1,15,,26962,23,4,,1,16,,26963,23,4,,1,17,,26964,23,4,,1,56,,26965,23,4,,1,15,,26966,23,4,,1,11,,26967,23,4,,1,10,,26968,23,4,,1,12,,26969,23,4,,1,51,,26970,23,4,,1,12,,26971,23,4,,1,12,,26972,23,4,,1,13,,26973,23,4,,1,11,,26974,23,4,,1,51,,26975,23,4,,1,11,,26976,23,4,,1,12,,26977,23,4,,1,12,,26978,23,4,,1,10,,26979,23,4,,1,51,,26980,23,4,,1,12,,26981,23,4,,1,11,,26982,23,4,,1,9,,26983,23,4,,1,10,,26984,23,4,,1,12,,26985,23,4,,1,55,,26986,23,4,,1,14,,26987,23,4,,1,16,,26988,23,4,,1,13,,26989,23,4,,1,61,,26990,23,4,,1,20,,26991,23,4,,1,21,,26992,23,4,,1,57,,26993,23,4,,1,18,,26994,23,4,,1,17,,26995,23,4,,1,58,,26996,23,4,,1,18,,26997,23,4,,1,19,,26998,23,4,,1,59,,26999,23,4,,1,19,,27000,23,4,,1,20,,27001,23,4,,1,64,,27002,23,4,,1
