203,'CPHoliday1',600,,14486,28,4,,1,23,,14487,28,4,,1,21,,14488,28,4,,1,61,,14489,28,4,,1,24,,14490,28,4,,1,22,,14491,28,4,,1,64,,14492,28,4,,1,23,,14493,28,4,,1,64,,14494,28,4,,1,24,,14495,28,4,,1,24,,14496,28,4,,1,66,,14497,28,4,,1,26,,14498,28,4,,1,64,,14499,28,4,,1,14,,14500,28,4,,1,15,,14501,28,4,,1,14,,14502,28,4,,1,55,,14503,28,4,,1,15,,14504,28,4,,1,14,,14505,28,4,,1,15,,14506,28,4,,1,55,,14507,28,4,,1,15,,14508,28,4,,1,15,,14509,28,4,,1,15,,14510,28,4,,1,55,,14511,28,4,,1,15,,14512,28,4,,1,15,,14513,28,4,,1,15,,14514,28,4,,1,55,,14515,28,4,,1,15,,14516,28,4,,1,15,,14517,28,4,,1,15,,14518,28,4,,1,55,,14519,28,4,,1,15,,14520,28,4,,1,15,,14521,28,4,,1,15,,14522,28,4,,1,55,,14523,28,4,,1,15,,14524,28,4,,1,15,,14525,28,4,,1,15,,14526,28,4,,1,55,,14527,28,4,,1,15,,14528,28,4,,1,18,,14529,28,4,,1,18,,14530,28,4,,1,57,,14531,28,4,,1,16,,14532,28,4,,1,18,,14533,28,4,,1,56,,14534,28,4,,1,16,,14535,28,4,,1,17,,14536,28,4,,1,19,,14537,28,4,,1,61,,14538,28,4,,1,21,,14539,28,4,,1,20,,14540,28,4,,1,58,,14541,28,4,,1,17,,14542,28,4,,1,17,,14543,28,4,,1,70,,14544,28,4,,1,31,,14545,28,4,,1,68,,14546,28,4,,1,27,,14547,28,4,,1
203,'CPSaturday',451,,14548,28,4,,1,62,,14549,28,4,,1,20,,14550,28,4,,1,20,,14551,28,4,,1,62,,14552,28,4,,1,21,,14553,28,4,,1,20,,14554,28,4,,1,62,,14555,28,4,,1,16,,14556,28,4,,1,15,,14557,28,4,,1,60,,14558,28,4,,1,21,,14559,28,4,,1,20,,14560,28,4,,1,62,,14561,28,4,,1,20,,14562,28,4,,1,21,,14563,28,4,,1,62,,14564,28,4,,1,20,,14565,28,4,,1,21,,14566,28,4,,1,61,,14567,28,4,,1,17,,14568,28,4,,1,17,,14569,28,4,,1,55,,14570,28,4,,1,14,,14571,28,4,,1,14,,14572,28,4,,1,14,,14573,28,4,,1,54,,14574,28,4,,1,15,,14575,28,4,,1,14,,14576,28,4,,1,14,,14577,28,4,,1,14,,14578,28,4,,1,54,,14579,28,4,,1,14,,14580,28,4,,1,14,,14581,28,4,,1,14,,14582,28,4,,1,54,,14583,28,4,,1,14,,14584,28,4,,1,14,,14585,28,4,,1,14,,14586,28,4,,1,54,,14587,28,4,,1,14,,14588,28,4,,1,14,,14589,28,4,,1,14,,14590,28,4,,1,54,,14591,28,4,,1,14,,14592,28,4,,1,14,,14593,28,4,,1,14,,14594,28,4,,1,14,,14595,28,4,,1,54,,14596,28,4,,1,14,,14597,28,4,,1,14,,14598,28,4,,1,13,,14599,28,4,,1,53,,14600,28,4,,1,14,,14601,28,4,,1,12,,14602,28,4,,1,12,,14603,28,4,,1,14,,14604,28,4,,1,60,,14605,28,4,,1,19,,14606,28,4,,1,20,,14607,28,4,,1,59,,14608,28,4,,1,20,,14609,28,4,,1,20,,14610,28,4,,1,58,,14611,28,4,,1,19,,14612,28,4,,1,22,,14613,28,4,,1,62,,14614,28,4,,1,23,,14615,28,4,,1,66,,14616,28,4,,1,23,,14617,28,4,,1,21,,14618,28,4,,1,61,,14619,28,4,,1,20,,14620,28,4,,1,17,,14621,28,4,,1,57,,14622,28,4,,1,18,,14623,28,4,,1
203,'CPSunday',600,,14624,28,4,,1,23,,14625,28,4,,1,21,,14626,28,4,,1,61,,14627,28,4,,1,24,,14628,28,4,,1,22,,14629,28,4,,1,64,,14630,28,4,,1,23,,14631,28,4,,1,64,,14632,28,4,,1,24,,14633,28,4,,1,24,,14634,28,4,,1,66,,14635,28,4,,1,26,,14636,28,4,,1,64,,14637,28,4,,1,14,,14638,28,4,,1,15,,14639,28,4,,1,14,,14640,28,4,,1,55,,14641,28,4,,1,15,,14642,28,4,,1,14,,14643,28,4,,1,15,,14644,28,4,,1,55,,14645,28,4,,1,15,,14646,28,4,,1,15,,14647,28,4,,1,15,,14648,28,4,,1,55,,14649,28,4,,1,15,,14650,28,4,,1,15,,14651,28,4,,1,15,,14652,28,4,,1,55,,14653,28,4,,1,15,,14654,28,4,,1,15,,14655,28,4,,1,15,,14656,28,4,,1,55,,14657,28,4,,1,15,,14658,28,4,,1,15,,14659,28,4,,1,15,,14660,28,4,,1,55,,14661,28,4,,1,15,,14662,28,4,,1,15,,14663,28,4,,1,15,,14664,28,4,,1,55,,14665,28,4,,1,15,,14666,28,4,,1,18,,14667,28,4,,1,18,,14668,28,4,,1,57,,14669,28,4,,1,16,,14670,28,4,,1,18,,14671,28,4,,1,56,,14672,28,4,,1,16,,14673,28,4,,1,17,,14674,28,4,,1,19,,14675,28,4,,1,61,,14676,28,4,,1,21,,14677,28,4,,1,20,,14678,28,4,,1,58,,14679,28,4,,1,17,,14680,28,4,,1,17,,14681,28,4,,1,70,,14682,28,4,,1,31,,14683,28,4,,1,68,,14684,28,4,,1,27,,14685,28,4,,1
203,'CPWeekday',229,,14794,28,4,,1,25,,14793,28,4,,1,66,,14791,28,4,,1,26,,14792,28,4,,1,66,,14795,28,4,,1,27,,14788,28,4,,1,66,,14787,28,4,,1,41,,14776,28,4,,1,12,,14760,28,4,,1,51,,14762,28,4,,1,13,,14759,28,4,,1,14,,14758,28,4,,1,13,,14752,28,4,,1,52,,14775,28,4,,1,13,,14742,28,4,,1,12,,14763,28,4,,1,13,,14743,28,4,,1,13,,14744,28,4,,1,50,,14755,28,4,,1,10,,14739,28,4,,1,10,,14740,28,4,,1,12,,14778,28,4,,1,10,,14741,28,4,,1,13,,14765,28,4,,1,53,,14735,28,4,,1,12,,14736,28,4,,1,11,,14747,28,4,,1,11,,14738,28,4,,1,10,,14737,28,4,,1,50,,14779,28,4,,1,10,,14723,28,4,,1,12,,14766,28,4,,1,11,,14727,28,4,,1,12,,14724,28,4,,1,52,,14745,28,4,,1,12,,14728,28,4,,1,10,,14725,28,4,,1,10,,14780,28,4,,1,10,,14726,28,4,,1,10,,14764,28,4,,1,53,,14720,28,4,,1,13,,14721,28,4,,1,12,,14746,28,4,,1,12,,14714,28,4,,1,13,,14715,28,4,,1,52,,14777,28,4,,1,12,,14729,28,4,,1,12,,14767,28,4,,1,12,,14716,28,4,,1,12,,14712,28,4,,1,53,,14748,28,4,,1,12,,14717,28,4,,1,12,,14713,28,4,,1,12,,14781,28,4,,1,12,,14731,28,4,,1,53,,14769,28,4,,1,10,,14711,28,4,,1,11,,14710,28,4,,1,10,,14707,28,4,,1,10,,14757,28,4,,1,50,,14719,28,4,,1,9,,14706,28,4,,1,10,,14703,28,4,,1,10,,14782,28,4,,1,10,,14733,28,4,,1,10,,14768,28,4,,1,9,,14708,28,4,,1,50,,14699,28,4,,1,10,,14702,28,4,,1,10,,14750,28,4,,1,8,,14718,28,4,,1,10,,14700,28,4,,1,9,,14701,28,4,,1,50,,14783,28,4,,1,10,,14732,28,4,,1,10,,14770,28,4,,1,10,,14709,28,4,,1,10,,14695,28,4,,1,10,,14697,28,4,,1,50,,14749,28,4,,1,8,,14698,28,4,,1,10,,14694,28,4,,1,9,,14774,28,4,,1,9,,14722,28,4,,1,9,,14761,28,4,,1,50,,14704,28,4,,1,10,,14693,28,4,,1,9,,14696,28,4,,1,10,,14751,28,4,,1,10,,14692,28,4,,1,10,,14691,28,4,,1,50,,14730,28,4,,1,11,,14771,28,4,,1,12,,14705,28,4,,1,12,,14690,28,4,,1,11,,14756,28,4,,1,13,,14688,28,4,,1,54,,14734,28,4,,1,14,,14772,28,4,,1,17,,14687,28,4,,1,58,,14753,28,4,,1,17,,14689,28,4,,1,18,,14773,28,4,,1,16,,14686,28,4,,1,60,,14754,28,4,,1,25,,14789,28,4,,1,65,,14784,28,4,,1,25,,14785,28,4,,1,25,,14786,28,4,,1,58,,14790,28,4,,1
204,'CPHoliday1',555,,14796,1,0,46 47 7,1,60,,14797,1,0,46 47 7,1,20,,14798,1,0,46 47 7,1,20,,14799,1,0,46 47 7,1,60,,14800,1,0,46 47 7,1,22,,14801,1,0,46 47 7,1,22,,14802,1,0,46 47 7,1,64,,14803,1,0,46 47 7,1,24,,14804,1,0,46 47 7,1,64,,14805,1,0,46 47 7,1,24,,14806,1,0,46 47 7,1,24,,14807,1,0,46 47 7,1,66,,14808,1,0,46 47 7,1,26,,14809,1,0,46 47 7,1,52,,14810,1,0,46 47 7,1,12,,14811,1,0,46 47 7,1,15,,14812,1,0,46 47 7,1,15,,14813,1,0,46 47 7,1,55,,14814,1,0,46 47 7,1,15,,14815,1,0,46 47 7,1,15,,14816,1,0,46 47 7,1,15,,14817,1,0,46 47 7,1,55,,14818,1,0,46 47 7,1,15,,14819,1,0,46 47 7,1,15,,14820,1,0,46 47 7,1,15,,14821,1,0,46 47 7,1,55,,14822,1,0,46 47 7,1,15,,14823,1,0,46 47 7,1,15,,14824,1,0,46 47 7,1,15,,14825,1,0,46 47 7,1,55,,14826,1,0,46 47 7,1,15,,14827,1,0,46 47 7,1,15,,14828,1,0,46 47 7,1,15,,14829,1,0,46 47 7,1,55,,14830,1,0,46 47 7,1,15,,14831,1,0,46 47 7,1,15,,14832,1,0,46 47 7,1,15,,14833,1,0,46 47 7,1,55,,14834,1,0,46 47 7,1,15,,14835,1,0,46 47 7,1,15,,14836,1,0,46 47 7,1,14,,14837,1,0,46 47 7,1,14,,14838,1,0,46 47 7,1,56,,14839,1,0,46 47 7,1,16,,14840,1,0,46 47 7,1,18,,14841,1,0,46 47 7,1,58,,14842,1,0,46 47 7,1,20,,14843,1,0,46 47 7,1,20,,14844,1,0,46 47 7,1,62,,14845,1,0,46 47 7,1,22,,14846,1,0,46 47 7,1,20,,14847,1,0,46 47 7,1,58,,14848,1,0,46 47 7,1,18,,14849,1,0,46 47 7,1,18,,14850,1,0,46 47 7,1,58,,14851,1,0,46 47 7,1,20,,14852,1,0,46 47 7,1,32,,14853,1,0,46 47 7,1,72,,14854,1,0,46 47 7,1,30,,14855,1,0,46 47 7,1,68,,14856,1,0,46 47 7,1,26,,14857,1,0,46 47 7,1
204,'CPSaturday',505,,14858,1,0,46 47 7,1,20,,14859,1,0,46 47 7,1,20,,14860,1,0,46 47 7,1,60,,14861,1,0,46 47 7,1,20,,14862,1,0,46 47 7,1,20,,14863,1,0,46 47 7,1,60,,14864,1,0,46 47 7,1,20,,14865,1,0,46 47 7,1,20,,14866,1,0,46 47 7,1,60,,14867,1,0,46 47 7,1,20,,14868,1,0,46 47 7,1,20,,14869,1,0,46 47 7,1,60,,14870,1,0,46 47 7,1,20,,14871,1,0,46 47 7,1,20,,14872,1,0,46 47 7,1,60,,14873,1,0,46 47 7,1,20,,14874,1,0,46 47 7,1,20,,14875,1,0,46 47 7,1,14,,14876,1,0,46 47 7,1,54,,14877,1,0,46 47 7,1,14,,14878,1,0,46 47 7,1,14,,14879,1,0,46 47 7,1,12,,14880,1,0,46 47 7,1,52,,14881,1,0,46 47 7,1,12,,14882,1,0,46 47 7,1,14,,14883,1,0,46 47 7,1,14,,14884,1,0,46 47 7,1,14,,14885,1,0,46 47 7,1,54,,14886,1,0,46 47 7,1,14,,14887,1,0,46 47 7,1,14,,14888,1,0,46 47 7,1,14,,14889,1,0,46 47 7,1,54,,14890,1,0,46 47 7,1,14,,14891,1,0,46 47 7,1,14,,14892,1,0,46 47 7,1,14,,14893,1,0,46 47 7,1,54,,14894,1,0,46 47 7,1,14,,14895,1,0,46 47 7,1,14,,14896,1,0,46 47 7,1,14,,14897,1,0,46 47 7,1,54,,14898,1,0,46 47 7,1,14,,14899,1,0,46 47 7,1,14,,14900,1,0,46 47 7,1,14,,14901,1,0,46 47 7,1,14,,14902,1,0,46 47 7,1,54,,14903,1,0,46 47 7,1,14,,14904,1,0,46 47 7,1,14,,14905,1,0,46 47 7,1,14,,14906,1,0,46 47 7,1,54,,14907,1,0,46 47 7,1,14,,14908,1,0,46 47 7,1,14,,14909,1,0,46 47 7,1,14,,14910,1,0,46 47 7,1,54,,14911,1,0,46 47 7,1,14,,14912,1,0,46 47 7,1,22,,14913,1,0,46 47 7,1,62,,14914,1,0,46 47 7,1,22,,14915,1,0,46 47 7,1,20,,14916,1,0,46 47 7,1,60,,14917,1,0,46 47 7,1,20,,14918,1,0,46 47 7,1,20,,14919,1,0,46 47 7,1,60,,14920,1,0,46 47 7,1,18,,14921,1,0,46 47 7,1,18,,14922,1,0,46 47 7,1,66,,14923,1,0,46 47 7,1,26,,14924,1,0,46 47 7,1,22,,14925,1,0,46 47 7,1,62,,14926,1,0,46 47 7,1,20,,14927,1,0,46 47 7,1,20,,14928,1,0,46 47 7,1,60,,14929,1,0,46 47 7,1,20,,14930,1,0,46 47 7,1,20,,14931,1,0,46 47 7,1,60,,14932,1,0,46 47 7,1,20,,14933,1,0,46 47 7,1
204,'CPSunday',555,,14934,1,0,46 47 7,1,60,,14935,1,0,46 47 7,1,20,,14936,1,0,46 47 7,1,20,,14937,1,0,46 47 7,1,60,,14938,1,0,46 47 7,1,22,,14939,1,0,46 47 7,1,22,,14940,1,0,46 47 7,1,64,,14941,1,0,46 47 7,1,24,,14942,1,0,46 47 7,1,64,,14943,1,0,46 47 7,1,24,,14944,1,0,46 47 7,1,24,,14945,1,0,46 47 7,1,66,,14946,1,0,46 47 7,1,26,,14947,1,0,46 47 7,1,52,,14948,1,0,46 47 7,1,12,,14949,1,0,46 47 7,1,15,,14950,1,0,46 47 7,1,15,,14951,1,0,46 47 7,1,55,,14952,1,0,46 47 7,1,15,,14953,1,0,46 47 7,1,15,,14954,1,0,46 47 7,1,15,,14955,1,0,46 47 7,1,55,,14956,1,0,46 47 7,1,15,,14957,1,0,46 47 7,1,15,,14958,1,0,46 47 7,1,15,,14959,1,0,46 47 7,1,55,,14960,1,0,46 47 7,1,15,,14961,1,0,46 47 7,1,15,,14962,1,0,46 47 7,1,15,,14963,1,0,46 47 7,1,55,,14964,1,0,46 47 7,1,15,,14965,1,0,46 47 7,1,15,,14966,1,0,46 47 7,1,15,,14967,1,0,46 47 7,1,55,,14968,1,0,46 47 7,1,15,,14969,1,0,46 47 7,1,15,,14970,1,0,46 47 7,1,15,,14971,1,0,46 47 7,1,55,,14972,1,0,46 47 7,1,15,,14973,1,0,46 47 7,1,15,,14974,1,0,46 47 7,1,14,,14975,1,0,46 47 7,1,14,,14976,1,0,46 47 7,1,56,,14977,1,0,46 47 7,1,16,,14978,1,0,46 47 7,1,18,,14979,1,0,46 47 7,1,58,,14980,1,0,46 47 7,1,20,,14981,1,0,46 47 7,1,20,,14982,1,0,46 47 7,1,62,,14983,1,0,46 47 7,1,22,,14984,1,0,46 47 7,1,20,,14985,1,0,46 47 7,1,58,,14986,1,0,46 47 7,1,18,,14987,1,0,46 47 7,1,18,,14988,1,0,46 47 7,1,58,,14989,1,0,46 47 7,1,20,,14990,1,0,46 47 7,1,32,,14991,1,0,46 47 7,1,72,,14992,1,0,46 47 7,1,30,,14993,1,0,46 47 7,1,68,,14994,1,0,46 47 7,1,26,,14995,1,0,46 47 7,1
204,'CPWeekday',234,,15102,1,0,46 47 7,1,20,,15101,1,0,46 47 7,1,65,,15104,1,0,46 47 7,1,25,,15099,1,0,46 47 7,1,67,,15098,1,0,46 47 7,1,25,,15103,1,0,46 47 7,1,65,,15105,1,0,46 47 7,1,9,,15075,1,0,46 47 7,1,20,,15069,1,0,46 47 7,1,12,,15067,1,0,46 47 7,1,12,,15084,1,0,46 47 7,1,52,,15068,1,0,46 47 7,1,12,,15074,1,0,46 47 7,1,12,,15054,1,0,46 47 7,1,10,,15058,1,0,46 47 7,1,10,,15053,1,0,46 47 7,1,50,,15057,1,0,46 47 7,1,12,,15087,1,0,46 47 7,1,12,,15055,1,0,46 47 7,1,12,,15073,1,0,46 47 7,1,12,,15050,1,0,46 47 7,1,52,,15048,1,0,46 47 7,1,12,,15059,1,0,46 47 7,1,12,,15049,1,0,46 47 7,1,10,,15046,1,0,46 47 7,1,10,,15086,1,0,46 47 7,1,10,,15047,1,0,46 47 7,1,52,,15076,1,0,46 47 7,1,12,,15045,1,0,46 47 7,1,12,,15044,1,0,46 47 7,1,12,,15056,1,0,46 47 7,1,12,,15037,1,0,46 47 7,1,50,,15035,1,0,46 47 7,1,10,,15088,1,0,46 47 7,1,10,,15036,1,0,46 47 7,1,10,,15077,1,0,46 47 7,1,12,,15038,1,0,46 47 7,1,12,,15030,1,0,46 47 7,1,52,,15060,1,0,46 47 7,1,12,,15031,1,0,46 47 7,1,12,,15032,1,0,46 47 7,1,10,,15089,1,0,46 47 7,1,10,,15034,1,0,46 47 7,1,52,,15078,1,0,46 47 7,1,12,,15025,1,0,46 47 7,1,12,,15024,1,0,46 47 7,1,12,,15061,1,0,46 47 7,1,12,,15027,1,0,46 47 7,1,52,,15028,1,0,46 47 7,1,12,,15090,1,0,46 47 7,1,12,,15040,1,0,46 47 7,1,12,,15080,1,0,46 47 7,1,12,,15022,1,0,46 47 7,1,52,,15021,1,0,46 47 7,1,12,,15062,1,0,46 47 7,1,12,,15023,1,0,46 47 7,1,10,,15019,1,0,46 47 7,1,10,,15020,1,0,46 47 7,1,50,,15091,1,0,46 47 7,1,10,,15039,1,0,46 47 7,1,10,,15079,1,0,46 47 7,1,10,,15016,1,0,46 47 7,1,10,,15013,1,0,46 47 7,1,10,,15014,1,0,46 47 7,1,50,,15063,1,0,46 47 7,1,10,,15026,1,0,46 47 7,1,10,,15009,1,0,46 47 7,1,10,,15010,1,0,46 47 7,1,10,,15092,1,0,46 47 7,1,10,,15042,1,0,46 47 7,1,50,,15081,1,0,46 47 7,1,10,,15018,1,0,46 47 7,1,10,,15011,1,0,46 47 7,1,10,,15012,1,0,46 47 7,1,10,,15066,1,0,46 47 7,1,8,,15029,1,0,46 47 7,1,8,,15008,1,0,46 47 7,1,50,,15007,1,0,46 47 7,1,10,,15085,1,0,46 47 7,1,10,,15033,1,0,46 47 7,1,10,,15072,1,0,46 47 7,1,10,,15015,1,0,46 47 7,1,10,,15005,1,0,46 47 7,1,50,,15006,1,0,46 47 7,1,10,,15065,1,0,46 47 7,1,10,,15003,1,0,46 47 7,1,10,,15004,1,0,46 47 7,1,12,,15041,1,0,46 47 7,1,52,,15082,1,0,46 47 7,1,12,,15017,1,0,46 47 7,1,12,,15000,1,0,46 47 7,1,12,,15064,1,0,46 47 7,1,12,,15001,1,0,46 47 7,1,10,,15002,1,0,46 47 7,1,50,,15043,1,0,46 47 7,1,16,,15083,1,0,46 47 7,1,18,,14997,1,0,46 47 7,1,58,,15051,1,0,46 47 7,1,18,,14999,1,0,46 47 7,1,18,,15070,1,0,46 47 7,1,18,,14996,1,0,46 47 7,1,56,,15052,1,0,46 47 7,1,16,,14998,1,0,46 47 7,1,22,,15071,1,0,46 47 7,1,65,,15093,1,0,46 47 7,1,24,,15095,1,0,46 47 7,1,64,,15097,1,0,46 47 7,1,25,,15100,1,0,46 47 7,1,25,,15094,1,0,46 47 7,1,63,,15096,1,0,46 47 7,1
1703,'CPHoliday1',600,,18460,1,0,39 40,1,24,,18461,1,0,39 40,1,22,,18462,1,0,39 40,1,60,,18463,1,0,39 40,1,20,,18464,1,0,39 40,1,21,,18465,1,0,39 40,1,61,,18466,1,0,39 40,1,21,,18467,1,0,39 40,1,21,,18468,1,0,39 40,1,61,,18469,1,0,39 40,1,21,,18470,1,0,39 40,1,21,,18471,1,0,39 40,1,62,,18472,1,0,39 40,1,22,,18473,1,0,39 40,1,22,,18474,1,0,39 40,1,58,,18475,1,0,39 40,1,18,,18476,1,0,39 40,1,18,,18477,1,0,39 40,1,58,,18478,1,0,39 40,1,18,,18479,1,0,39 40,1,18,,18480,1,0,39 40,1,58,,18481,1,0,39 40,1,18,,18482,1,0,39 40,1,18,,18483,1,0,39 40,1,59,,18484,1,0,39 40,1,19,,18485,1,0,39 40,1,19,,18486,1,0,39 40,1,19,,18487,1,0,39 40,1,59,,18488,1,0,39 40,1,19,,18489,1,0,39 40,1,19,,18490,1,0,39 40,1,59,,18491,1,0,39 40,1,19,,18492,1,0,39 40,1,19,,18493,1,0,39 40,1,59,,18494,1,0,39 40,1,19,,18495,1,0,39 40,1,18,,18496,1,0,39 40,1,58,,18497,1,0,39 40,1,18,,18498,1,0,39 40,1,18,,18499,1,0,39 40,1,18,,18500,1,0,39 40,1,58,,18501,1,0,39 40,1,18,,18502,1,0,39 40,1,18,,18503,1,0,39 40,1,74,,18504,1,0,39 40,1,74,,18505,1,0,39 40,1,30,,18506,1,0,39 40,1,70,,18507,1,0,39 40,1,30,,18508,1,0,39 40,1,70,,18509,1,0,39 40,1,28,,18510,1,0,39 40,1,28,,18511,1,0,39 40,1,63,,18512,1,0,39 40,1
1703,'CPSaturday',450,,18566,1,0,39 40,1,60,,18567,1,0,39 40,1,20,,18568,1,0,39 40,1,20,,18569,1,0,39 40,1,60,,18570,1,0,39 40,1,20,,18539,1,0,39 40,1,22,,18540,1,0,39 40,1,62,,18541,1,0,39 40,1,22,,18542,1,0,39 40,1,22,,18543,1,0,39 40,1,62,,18544,1,0,39 40,1,22,,18545,1,0,39 40,1,62,,18546,1,0,39 40,1,22,,18547,1,0,39 40,1,22,,18548,1,0,39 40,1,58,,18549,1,0,39 40,1,18,,18550,1,0,39 40,1,18,,18551,1,0,39 40,1,60,,18552,1,0,39 40,1,20,,18553,1,0,39 40,1,20,,18554,1,0,39 40,1,60,,18555,1,0,39 40,1,20,,18556,1,0,39 40,1,20,,18557,1,0,39 40,1,60,,18558,1,0,39 40,1,20,,18559,1,0,39 40,1,20,,18560,1,0,39 40,1,60,,18561,1,0,39 40,1,20,,18562,1,0,39 40,1,20,,18563,1,0,39 40,1,60,,18564,1,0,39 40,1,20,,18565,1,0,39 40,1,20,,18513,1,0,39 40,1,60,,18514,1,0,39 40,1,20,,18515,1,0,39 40,1,20,,18516,1,0,39 40,1,60,,18517,1,0,39 40,1,20,,18518,1,0,39 40,1,20,,18519,1,0,39 40,1,62,,18520,1,0,39 40,1,22,,18521,1,0,39 40,1,22,,18522,1,0,39 40,1,60,,18523,1,0,39 40,1,20,,18524,1,0,39 40,1,18,,18525,1,0,39 40,1,58,,18526,1,0,39 40,1,18,,18527,1,0,39 40,1,18,,18528,1,0,39 40,1,18,,18529,1,0,39 40,1,58,,18530,1,0,39 40,1,18,,18531,1,0,39 40,1,74,,18532,1,0,39 40,1,34,,18533,1,0,39 40,1,72,,18534,1,0,39 40,1,30,,18535,1,0,39 40,1,70,,18536,1,0,39 40,1,30,,18537,1,0,39 40,1,70,,18538,1,0,39 40,1
1703,'CPSunday',600,,18571,1,0,39 40,1,24,,18572,1,0,39 40,1,22,,18573,1,0,39 40,1,60,,18574,1,0,39 40,1,20,,18575,1,0,39 40,1,21,,18576,1,0,39 40,1,61,,18577,1,0,39 40,1,21,,18578,1,0,39 40,1,21,,18579,1,0,39 40,1,61,,18580,1,0,39 40,1,21,,18581,1,0,39 40,1,21,,18582,1,0,39 40,1,62,,18583,1,0,39 40,1,22,,18584,1,0,39 40,1,22,,18585,1,0,39 40,1,58,,18586,1,0,39 40,1,18,,18587,1,0,39 40,1,18,,18588,1,0,39 40,1,58,,18589,1,0,39 40,1,18,,18590,1,0,39 40,1,18,,18591,1,0,39 40,1,58,,18592,1,0,39 40,1,18,,18593,1,0,39 40,1,18,,18594,1,0,39 40,1,59,,18595,1,0,39 40,1,19,,18596,1,0,39 40,1,19,,18597,1,0,39 40,1,19,,18598,1,0,39 40,1,59,,18599,1,0,39 40,1,19,,18600,1,0,39 40,1,19,,18601,1,0,39 40,1,59,,18602,1,0,39 40,1,19,,18603,1,0,39 40,1,19,,18604,1,0,39 40,1,59,,18605,1,0,39 40,1,19,,18606,1,0,39 40,1,18,,18607,1,0,39 40,1,58,,18608,1,0,39 40,1,18,,18609,1,0,39 40,1,18,,18610,1,0,39 40,1,18,,18611,1,0,39 40,1,58,,18612,1,0,39 40,1,18,,18613,1,0,39 40,1,18,,18614,1,0,39 40,1,74,,18615,1,0,39 40,1,74,,18616,1,0,39 40,1,30,,18617,1,0,39 40,1,70,,18618,1,0,39 40,1,30,,18619,1,0,39 40,1,70,,18620,1,0,39 40,1,28,,18621,1,0,39 40,1,28,,18622,1,0,39 40,1,63,,18623,1,0,39 40,1
1703,'CPWeekday',229,,18624,1,0,39 40,1,25,,18625,1,0,39 40,1,66,,18626,1,0,39 40,1,26,,18627,1,0,39 40,1,66,,18628,1,0,39 40,1,27,,18629,1,0,39 40,1,66,,18630,1,0,39 40,1,34,,18631,1,0,39 40,1,70,,18632,1,0,39 40,1,20,,18633,1,0,39 40,1,20,,18634,1,0,39 40,1,60,,18635,1,0,39 40,1,20,,18636,1,0,39 40,1,20,,18637,1,0,39 40,1,60,,18638,1,0,39 40,1,21,,18639,1,0,39 40,1,21,,18640,1,0,39 40,1,61,,18641,1,0,39 40,1,21,,18642,1,0,39 40,1,21,,18643,1,0,39 40,1,61,,18644,1,0,39 40,1,21,,18645,1,0,39 40,1,21,,18646,1,0,39 40,1,61,,18647,1,0,39 40,1,21,,18648,1,0,39 40,1,20,,18649,1,0,39 40,1,60,,18650,1,0,39 40,1,20,,18651,1,0,39 40,1,20,,18652,1,0,39 40,1,61,,18653,1,0,39 40,1,21,,18654,1,0,39 40,1,61,,18655,1,0,39 40,1,21,,18656,1,0,39 40,1,14,,18657,1,0,39 40,1,14,,18658,1,0,39 40,1,54,,18659,1,0,39 40,1,14,,18660,1,0,39 40,1,15,,18661,1,0,39 40,1,15,,18662,1,0,39 40,1,56,,18663,1,0,39 40,1,16,,18664,1,0,39 40,1,16,,18665,1,0,39 40,1,15,,18666,1,0,39 40,1,55,,18667,1,0,39 40,1,15,,18668,1,0,39 40,1,15,,18669,1,0,39 40,1,15,,18670,1,0,39 40,1,55,,18671,1,0,39 40,1,15,,18672,1,0,39 40,1,15,,18673,1,0,39 40,1,15,,18674,1,0,39 40,1,56,,18675,1,0,39 40,1,18,,18676,1,0,39 40,1,18,,18677,1,0,39 40,1,58,,18678,1,0,39 40,1,18,,18679,1,0,39 40,1,20,,18680,1,0,39 40,1,60,,18681,1,0,39 40,1,20,,18682,1,0,39 40,1,20,,18683,1,0,39 40,1,60,,18684,1,0,39 40,1,18,,18685,1,0,39 40,1,16,,18686,1,0,39 40,1,16,,18687,1,0,39 40,1,72,,18688,1,0,39 40,1,26,,18689,1,0,39 40,1,65,,18690,1,0,39 40,1,25,,18691,1,0,39 40,1,65,,18692,1,0,39 40,1,25,,18693,1,0,39 40,1,25,,18694,1,0,39 40,1,63,,18695,1,0,39 40,1
1704,'CPHoliday1',615,,18696,22,4,,1,19,,18697,22,4,,1,19,,18698,22,4,,1,60,,18699,22,4,,1,21,,18700,22,4,,1,21,,18701,22,4,,1,62,,18702,22,4,,1,22,,18703,22,4,,1,62,,18704,22,4,,1,22,,18705,22,4,,1,21,,18706,22,4,,1,63,,18707,22,4,,1,21,,18708,22,4,,1,24,,18709,22,4,,1,62,,18710,22,4,,1,22,,18711,22,4,,1,22,,18712,22,4,,1,60,,18713,22,4,,1,19,,18714,22,4,,1,18,,18715,22,4,,1,58,,18716,22,4,,1,19,,18717,22,4,,1,18,,18718,22,4,,1,58,,18719,22,4,,1,20,,18720,22,4,,1,19,,18721,22,4,,1,59,,18722,22,4,,1,18,,18723,22,4,,1,19,,18724,22,4,,1,58,,18725,22,4,,1,19,,18726,22,4,,1,19,,18727,22,4,,1,19,,18728,22,4,,1,59,,18729,22,4,,1,18,,18730,22,4,,1,19,,18731,22,4,,1,58,,18732,22,4,,1,19,,18733,22,4,,1,18,,18734,22,4,,1,58,,18735,22,4,,1,17,,18736,22,4,,1,18,,18737,22,4,,1,58,,18738,22,4,,1,17,,18739,22,4,,1,17,,18740,22,4,,1,18,,18741,22,4,,1,71,,18742,22,4,,1,31,,18743,22,4,,1,70,,18744,22,4,,1,30,,18745,22,4,,1,68,,18746,22,4,,1,27,,18747,22,4,,1,64,,18748,22,4,,1,26,,18749,22,4,,1,65,,18750,22,4,,1
1704,'CPSaturday',533,,18751,22,4,,1,22,,18752,22,4,,1,62,,18753,22,4,,1,22,,18754,22,4,,1,63,,18755,22,4,,1,23,,18756,22,4,,1,22,,18757,22,4,,1,62,,18758,22,4,,1,23,,18759,22,4,,1,23,,18760,22,4,,1,63,,18761,22,4,,1,23,,18762,22,4,,1,63,,18763,22,4,,1,22,,18764,22,4,,1,23,,18765,22,4,,1,60,,18766,22,4,,1,21,,18767,22,4,,1,20,,18768,22,4,,1,60,,18769,22,4,,1,21,,18770,22,4,,1,20,,18771,22,4,,1,60,,18772,22,4,,1,20,,18773,22,4,,1,20,,18774,22,4,,1,60,,18775,22,4,,1,21,,18776,22,4,,1,20,,18777,22,4,,1,60,,18778,22,4,,1,20,,18779,22,4,,1,20,,18780,22,4,,1,60,,18781,22,4,,1,20,,18782,22,4,,1,20,,18783,22,4,,1,59,,18784,22,4,,1,20,,18785,22,4,,1,22,,18786,22,4,,1,62,,18787,22,4,,1,21,,18788,22,4,,1,20,,18789,22,4,,1,60,,18790,22,4,,1,17,,18791,22,4,,1,19,,18792,22,4,,1,60,,18793,22,4,,1,18,,18794,22,4,,1,18,,18795,22,4,,1,58,,18796,22,4,,1,18,,18797,22,4,,1,16,,18798,22,4,,1,18,,18799,22,4,,1,58,,18800,22,4,,1,18,,18801,22,4,,1,70,,18802,22,4,,1,30,,18803,22,4,,1,70,,18804,22,4,,1,29,,18805,22,4,,1,68,,18806,22,4,,1,29,,18807,22,4,,1,28,,18808,22,4,,1
1704,'CPSunday',615,,18809,22,4,,1,19,,18810,22,4,,1,19,,18811,22,4,,1,60,,18812,22,4,,1,21,,18813,22,4,,1,21,,18814,22,4,,1,62,,18815,22,4,,1,22,,18816,22,4,,1,62,,18817,22,4,,1,22,,18818,22,4,,1,21,,18819,22,4,,1,63,,18820,22,4,,1,21,,18821,22,4,,1,24,,18822,22,4,,1,62,,18823,22,4,,1,22,,18824,22,4,,1,22,,18825,22,4,,1,60,,18826,22,4,,1,19,,18827,22,4,,1,18,,18828,22,4,,1,58,,18829,22,4,,1,19,,18830,22,4,,1,18,,18831,22,4,,1,58,,18832,22,4,,1,20,,18833,22,4,,1,19,,18834,22,4,,1,59,,18835,22,4,,1,18,,18836,22,4,,1,19,,18837,22,4,,1,58,,18838,22,4,,1,19,,18839,22,4,,1,19,,18840,22,4,,1,19,,18841,22,4,,1,59,,18842,22,4,,1,18,,18843,22,4,,1,19,,18844,22,4,,1,58,,18845,22,4,,1,19,,18846,22,4,,1,18,,18847,22,4,,1,58,,18848,22,4,,1,17,,18849,22,4,,1,18,,18850,22,4,,1,58,,18851,22,4,,1,17,,18852,22,4,,1,17,,18853,22,4,,1,18,,18854,22,4,,1,71,,18855,22,4,,1,31,,18856,22,4,,1,70,,18857,22,4,,1,30,,18858,22,4,,1,68,,18859,22,4,,1,27,,18860,22,4,,1,64,,18861,22,4,,1,26,,18862,22,4,,1,65,,18863,22,4,,1
1704,'CPWeekday',234,,18864,22,4,,1,20,,18865,22,4,,1,65,,18866,22,4,,1,25,,18867,22,4,,1,67,,18868,22,4,,1,25,,18869,22,4,,1,65,,18870,22,4,,1,28,,18871,22,4,,1,71,,18872,22,4,,1,32,,18873,22,4,,1,21,,18874,22,4,,1,63,,18875,22,4,,1,20,,18876,22,4,,1,21,,18877,22,4,,1,62,,18878,22,4,,1,22,,18879,22,4,,1,61,,18880,22,4,,1,20,,18881,22,4,,1,21,,18882,22,4,,1,60,,18883,22,4,,1,21,,18884,22,4,,1,21,,18885,22,4,,1,60,,18886,22,4,,1,20,,18887,22,4,,1,20,,18888,22,4,,1,61,,18889,22,4,,1,21,,18890,22,4,,1,21,,18891,22,4,,1,61,,18892,22,4,,1,21,,18893,22,4,,1,21,,18894,22,4,,1,62,,18895,22,4,,1,21,,18896,22,4,,1,21,,18897,22,4,,1,54,,18898,22,4,,1,14,,18899,22,4,,1,17,,18900,22,4,,1,15,,18901,22,4,,1,55,,18902,22,4,,1,15,,18903,22,4,,1,15,,18904,22,4,,1,15,,18905,22,4,,1,55,,18906,22,4,,1,14,,18907,22,4,,1,16,,18908,22,4,,1,15,,18909,22,4,,1,55,,18910,22,4,,1,14,,18911,22,4,,1,14,,18912,22,4,,1,13,,18913,22,4,,1,54,,18914,22,4,,1,14,,18915,22,4,,1,15,,18916,22,4,,1,18,,18917,22,4,,1,59,,18918,22,4,,1,20,,18919,22,4,,1,19,,18920,22,4,,1,59,,18921,22,4,,1,19,,18922,22,4,,1,20,,18923,22,4,,1,58,,18924,22,4,,1,18,,18925,22,4,,1,20,,18926,22,4,,1,68,,18927,22,4,,1,30,,18928,22,4,,1,71,,18929,22,4,,1,24,,18930,22,4,,1,64,,18931,22,4,,1,25,,18932,22,4,,1,25,,18933,22,4,,1,63,,18934,22,4,,1
