1004,'CPHoliday1',738,,17300,27,0,21 22 23 19 24,1,70,,17299,27,0,21 22 23 19 24,1,30,,17298,27,0,21 22 23 19 24,1,72,,17297,27,0,21 22 23 19 24,1,34,,17296,27,0,21 22 23 19 24,1,74,,17295,27,0,21 22 23 19 24,1,33,,17294,27,0,21 22 23 19 24,1,74,,17293,27,0,21 22 23 19 24,1,75,,17292,27,0,21 22 23 19 24,1,35,,17290,27,0,21 22 23 19 24,1,75,,17291,27,0,21 22 23 19 24,1,35,,17289,27,0,21 22 23 19 24,1,75,,17288,27,0,21 22 23 19 24,1,35,,17286,27,0,21 22 23 19 24,1,76,,17287,27,0,21 22 23 19 24,1,76,,17285,27,0,21 22 23 19 24,1,37,,17281,27,0,21 22 23 19 24,1,76,,17283,27,0,21 22 23 19 24,1,36,,17279,27,0,21 22 23 19 24,1,76,,17278,27,0,21 22 23 19 24,1,74,,17282,27,0,21 22 23 19 24,1,34,,17275,27,0,21 22 23 19 24,1,73,,17276,27,0,21 22 23 19 24,1,34,,17273,27,0,21 22 23 19 24,1,73,,17280,27,0,21 22 23 19 24,1,34,,17277,27,0,21 22 23 19 24,1,73,,17272,27,0,21 22 23 19 24,1,32,,17271,27,0,21 22 23 19 24,1,71,,17284,27,0,21 22 23 19 24,1,29,,17274,27,0,21 22 23 19 24,1
1004,'CPSaturday',631,,17340,27,0,21 22 23 19 24,1,26,,17338,27,0,21 22 23 19 24,1,66,,17339,27,0,21 22 23 19 24,1,25,,17336,27,0,21 22 23 19 24,1,65,,17337,27,0,21 22 23 19 24,1,27,,17333,27,0,21 22 23 19 24,1,65,,17334,27,0,21 22 23 19 24,1,27,,17332,27,0,21 22 23 19 24,1,27,,17335,27,0,21 22 23 19 24,1,67,,17330,27,0,21 22 23 19 24,1,27,,17331,27,0,21 22 23 19 24,1,68,,17329,27,0,21 22 23 19 24,1,28,,17328,27,0,21 22 23 19 24,1,68,,17327,27,0,21 22 23 19 24,1,28,,17326,27,0,21 22 23 19 24,1,70,,17325,27,0,21 22 23 19 24,1,29,,17324,27,0,21 22 23 19 24,1,69,,17322,27,0,21 22 23 19 24,1,28,,17323,27,0,21 22 23 19 24,1,69,,17321,27,0,21 22 23 19 24,1,29,,17320,27,0,21 22 23 19 24,1,70,,17315,27,0,21 22 23 19 24,1,30,,17316,27,0,21 22 23 19 24,1,69,,17311,27,0,21 22 23 19 24,1,30,,17310,27,0,21 22 23 19 24,1,67,,17314,27,0,21 22 23 19 24,1,28,,17309,27,0,21 22 23 19 24,1,67,,17319,27,0,21 22 23 19 24,1,28,,17308,27,0,21 22 23 19 24,1,27,,17305,27,0,21 22 23 19 24,1,68,,17312,27,0,21 22 23 19 24,1,26,,17302,27,0,21 22 23 19 24,1,66,,17318,27,0,21 22 23 19 24,1,25,,17306,27,0,21 22 23 19 24,1,66,,17304,27,0,21 22 23 19 24,1,26,,17313,27,0,21 22 23 19 24,1,26,,17303,27,0,21 22 23 19 24,1,66,,17317,27,0,21 22 23 19 24,1,23,,17307,27,0,21 22 23 19 24,1,64,,17301,27,0,21 22 23 19 24,1
1004,'CPSunday',738,,17370,27,0,21 22 23 19 24,1,70,,17369,27,0,21 22 23 19 24,1,30,,17368,27,0,21 22 23 19 24,1,72,,17367,27,0,21 22 23 19 24,1,34,,17366,27,0,21 22 23 19 24,1,74,,17365,27,0,21 22 23 19 24,1,33,,17364,27,0,21 22 23 19 24,1,74,,17363,27,0,21 22 23 19 24,1,75,,17362,27,0,21 22 23 19 24,1,35,,17360,27,0,21 22 23 19 24,1,75,,17361,27,0,21 22 23 19 24,1,35,,17359,27,0,21 22 23 19 24,1,75,,17358,27,0,21 22 23 19 24,1,35,,17356,27,0,21 22 23 19 24,1,76,,17357,27,0,21 22 23 19 24,1,76,,17355,27,0,21 22 23 19 24,1,37,,17351,27,0,21 22 23 19 24,1,76,,17353,27,0,21 22 23 19 24,1,36,,17349,27,0,21 22 23 19 24,1,76,,17348,27,0,21 22 23 19 24,1,74,,17352,27,0,21 22 23 19 24,1,34,,17345,27,0,21 22 23 19 24,1,73,,17346,27,0,21 22 23 19 24,1,34,,17343,27,0,21 22 23 19 24,1,73,,17350,27,0,21 22 23 19 24,1,34,,17347,27,0,21 22 23 19 24,1,73,,17342,27,0,21 22 23 19 24,1,32,,17341,27,0,21 22 23 19 24,1,71,,17354,27,0,21 22 23 19 24,1,29,,17344,27,0,21 22 23 19 24,1
1004,'CPWeekday',458,,17420,27,0,21 22 23 19 24,1,62,,17416,27,0,21 22 23 19 24,1,20,,17419,27,0,21 22 23 19 24,1,63,,17418,27,0,21 22 23 19 24,1,22,,17417,27,0,21 22 23 19 24,1,22,,17414,27,0,21 22 23 19 24,1,66,,17415,27,0,21 22 23 19 24,1,25,,17413,27,0,21 22 23 19 24,1,65,,17412,27,0,21 22 23 19 24,1,27,,17411,27,0,21 22 23 19 24,1,26,,17410,27,0,21 22 23 19 24,1,64,,17408,27,0,21 22 23 19 24,1,25,,17409,27,0,21 22 23 19 24,1,64,,17407,27,0,21 22 23 19 24,1,26,,17406,27,0,21 22 23 19 24,1,65,,17405,27,0,21 22 23 19 24,1,24,,17404,27,0,21 22 23 19 24,1,25,,17403,27,0,21 22 23 19 24,1,65,,17402,27,0,21 22 23 19 24,1,25,,17401,27,0,21 22 23 19 24,1,65,,17400,27,0,21 22 23 19 24,1,25,,17399,27,0,21 22 23 19 24,1,25,,17398,27,0,21 22 23 19 24,1,66,,17396,27,0,21 22 23 19 24,1,28,,17397,27,0,21 22 23 19 24,1,67,,17391,27,0,21 22 23 19 24,1,27,,17388,27,0,21 22 23 19 24,1,67,,17390,27,0,21 22 23 19 24,1,27,,17389,27,0,21 22 23 19 24,1,64,,17383,27,0,21 22 23 19 24,1,22,,17382,27,0,21 22 23 19 24,1,21,,17393,27,0,21 22 23 19 24,1,62,,17387,27,0,21 22 23 19 24,1,22,,17380,27,0,21 22 23 19 24,1,22,,17379,27,0,21 22 23 19 24,1,63,,17381,27,0,21 22 23 19 24,1,23,,17378,27,0,21 22 23 19 24,1,19,,17377,27,0,21 22 23 19 24,1,60,,17395,27,0,21 22 23 19 24,1,22,,17384,27,0,21 22 23 19 24,1,22,,17376,27,0,21 22 23 19 24,1,63,,17374,27,0,21 22 23 19 24,1,34,,17375,27,0,21 22 23 19 24,1,73,,17392,27,0,21 22 23 19 24,1,31,,17386,27,0,21 22 23 19 24,1,72,,17372,27,0,21 22 23 19 24,1,71,,17373,27,0,21 22 23 19 24,1,28,,17394,27,0,21 22 23 19 24,1,29,,17385,27,0,21 22 23 19 24,1,67,,17371,27,0,21 22 23 19 24,1
3901,'CPHoliday1',618,,22243,36,0,18 12,1,38,,22237,36,0,18 12,1,82,,22232,36,0,18 12,1,78,,22228,36,0,18 12,1,41,,22244,36,0,18 12,1,82,,22235,36,0,18 12,1,82,,22233,36,0,18 12,1,83,,22227,36,0,18 12,1,43,,22242,36,0,18 12,1,84,,22236,36,0,18 12,1,86,,22229,36,0,18 12,1,85,,22226,36,0,18 12,1,45,,22245,36,0,18 12,1,85,,22239,36,0,18 12,1,85,,22230,36,0,18 12,1,84,,22225,36,0,18 12,1,45,,22246,36,0,18 12,1,85,,22238,36,0,18 12,1,83,,22231,36,0,18 12,1,44,,22224,36,0,18 12,1,82,,22241,36,0,18 12,1,80,,22240,36,0,18 12,1,81,,22234,36,0,18 12,1,35,,22223,36,0,18 12,1
3901,'CPSaturday',825,,22251,36,0,18 12,1,285,,22250,36,0,18 12,1,299,,22249,36,0,18 12,1,231,,22252,36,0,18 12,1,70,,22248,36,0,18 12,1,226,,22253,36,0,18 12,1,69,,22247,36,0,18 12,1,210,,22254,36,0,18 12,1
3901,'CPSunday',618,,22275,36,0,18 12,1,38,,22269,36,0,18 12,1,82,,22264,36,0,18 12,1,78,,22260,36,0,18 12,1,41,,22276,36,0,18 12,1,82,,22267,36,0,18 12,1,82,,22265,36,0,18 12,1,83,,22259,36,0,18 12,1,43,,22274,36,0,18 12,1,84,,22268,36,0,18 12,1,86,,22261,36,0,18 12,1,85,,22258,36,0,18 12,1,45,,22277,36,0,18 12,1,85,,22271,36,0,18 12,1,85,,22262,36,0,18 12,1,84,,22257,36,0,18 12,1,45,,22278,36,0,18 12,1,85,,22270,36,0,18 12,1,83,,22263,36,0,18 12,1,44,,22256,36,0,18 12,1,82,,22273,36,0,18 12,1,80,,22272,36,0,18 12,1,81,,22266,36,0,18 12,1,35,,22255,36,0,18 12,1
3901,'MASaturday',618,,22302,36,0,18 12,1,25,,22301,36,0,18 12,1,67,,22295,36,0,18 12,1,25,,22294,36,0,18 12,1,65,,22305,36,0,18 12,1,51,,22296,36,0,18 12,1,67,,22289,36,0,18 12,1,26,,22287,36,0,18 12,1,69,,22288,36,0,18 12,1,28,,22304,36,0,18 12,1,97,,22300,36,0,18 12,1,71,,22290,36,0,18 12,1,30,,22284,36,0,18 12,1,70,,22282,36,0,18 12,1,30,,22303,36,0,18 12,1,100,,22299,36,0,18 12,1,70,,22293,36,0,18 12,1,31,,22285,36,0,18 12,1,70,,22280,36,0,18 12,1,129,,22297,36,0,18 12,1,70,,22292,36,0,18 12,1,30,,22283,36,0,18 12,1,70,,22279,36,0,18 12,1,125,,22298,36,0,18 12,1,25,,22291,36,0,18 12,1,66,,22286,36,0,18 12,1,25,,22281,36,0,18 12,1
3901,'MAWeekday',446,,22306,3,0,18 12,1,91,,22307,36,0,18 12,1,63,,22308,36,0,18 12,1,24,,22309,36,0,18 12,1,20,,22310,36,0,18 12,1,58,,22311,36,0,18 12,1,21,,22312,36,0,18 12,1,19,,22313,36,0,18 12,1,60,,22314,36,0,18 12,1,23,,22315,36,0,18 12,1,23,,22316,36,0,18 12,1,61,,22317,36,0,18 12,1,31,,22318,36,0,18 12,1,77,,22319,36,0,18 12,1,37,,22320,36,0,18 12,1,78,,22321,36,0,18 12,1,77,,22322,36,0,18 12,1,37,,22323,36,0,18 12,1,75,,22324,36,0,18 12,1,34,,22325,36,0,18 12,1,66,,22326,36,0,18 12,1,28,,22327,36,0,18 12,1,59,,22328,36,0,18 12,1,20,,22329,36,0,18 12,1,21,,22330,36,0,18 12,1,62,,22331,36,0,18 12,1,18,,22332,36,0,18 12,1,19,,22333,36,0,18 12,1,58,,22334,36,0,18 12,1,19,,22335,36,0,18 12,1,22,,22336,36,0,18 12,1,62,,22337,36,0,18 12,1,21,,22338,36,0,18 12,1,23,,22339,36,0,18 12,1,58,,22340,36,0,18 12,1,22,,22341,36,0,18 12,1,23,,22342,36,0,18 12,1,59,,22343,36,0,18 12,1,35,,22344,36,0,18 12,1,78,,22345,36,0,18 12,1,81,,22346,36,0,18 12,1,41,,22347,36,0,18 12,1,77,,22348,36,0,18 12,1,74,,22349,36,0,18 12,1,33,,22350,36,0,18 12,1,75,,22351,36,0,18 12,1,34,,22352,36,0,18 12,1
4304,'CPWeekday',1446,,23037,28,0,18 12,1,82,,23035,28,0,18 12,1,82,,23040,28,0,18 12,1,40,,23042,28,0,18 12,1,80,,23038,28,0,18 12,1,81,,23036,28,0,18 12,1,42,,23041,28,0,18 12,1,81,,23043,28,0,18 12,1,79,,23039,28,0,18 12,1
