703,'CPWeekday',241,,16318,21,0,17,1,81,,16319,21,0,17,1,81,,16320,21,0,17,1,41,,16321,21,0,17,1,84,,16322,21,0,17,1,82,,16331,21,0,17,1,18,,16328,21,0,17,1,175,,16323,21,0,17,1,47,,16330,21,0,17,1,60,,16329,21,0,17,1,136,,16324,21,0,17,1,276,,16325,21,0,17,1,294,,16326,21,0,17,1,292,,16327,21,0,17,1
703,'MAHoliday1',438,,16332,21,0,17,1,62,,16333,21,0,17,1,20,,16334,21,0,17,1,22,,16335,21,0,17,1,62,,16336,21,0,17,1,22,,16337,21,0,17,1,21,,16338,21,0,17,1,62,,16339,21,0,17,1,22,,16340,21,0,17,1,22,,16341,21,0,17,1,62,,16342,21,0,17,1,21,,16343,21,0,17,1,22,,16344,21,0,17,1,63,,16345,21,0,17,1,23,,16346,21,0,17,1,62,,16347,21,0,17,1,23,,16348,21,0,17,1,24,,16349,21,0,17,1,64,,16350,21,0,17,1,25,,16351,21,0,17,1,64,,16352,21,0,17,1,25,,16353,21,0,17,1,24,,16354,21,0,17,1,64,,16355,21,0,17,1,23,,16356,21,0,17,1,64,,16357,21,0,17,1,24,,16358,21,0,17,1,24,,16359,21,0,17,1,64,,16360,21,0,17,1,24,,16361,21,0,17,1,65,,16362,21,0,17,1,24,,16363,21,0,17,1,23,,16364,21,0,17,1,65,,16365,21,0,17,1,24,,16366,21,0,17,1,64,,16367,21,0,17,1,22,,16368,21,0,17,1,22,,16369,21,0,17,1,64,,16370,21,0,17,1,21,,16371,21,0,17,1,21,,16372,21,0,17,1,62,,16373,21,0,17,1,22,,16374,21,0,17,1,63,,16375,21,0,17,1,21,,16376,21,0,17,1,22,,16377,21,0,17,1,62,,16378,21,0,17,1,21,,16379,21,0,17,1,22,,16380,21,0,17,1,63,,16381,21,0,17,1,25,,16382,21,0,17,1,63,,16383,21,0,17,1
703,'MASaturday',402,,16384,21,0,17,1,22,,16385,21,0,17,1,22,,16386,21,0,17,1,63,,16387,21,0,17,1,22,,16388,21,0,17,1,22,,16389,21,0,17,1,62,,16390,21,0,17,1,22,,16391,21,0,17,1,22,,16392,21,0,17,1,63,,16393,21,0,17,1,22,,16394,21,0,17,1,66,,16395,21,0,17,1,26,,16396,21,0,17,1,65,,16397,21,0,17,1,25,,16398,21,0,17,1,26,,16399,21,0,17,1,65,,16400,21,0,17,1,24,,16401,21,0,17,1,63,,16402,21,0,17,1,25,,16403,21,0,17,1,24,,16404,21,0,17,1,64,,16405,21,0,17,1,25,,16406,21,0,17,1,65,,16407,21,0,17,1,27,,16408,21,0,17,1,66,,16409,21,0,17,1,25,,16410,21,0,17,1,26,,16411,21,0,17,1,65,,16412,21,0,17,1,25,,16413,21,0,17,1,63,,16414,21,0,17,1,25,,16415,21,0,17,1,24,,16416,21,0,17,1,65,,16417,21,0,17,1,25,,16418,21,0,17,1,65,,16419,21,0,17,1,25,,16420,21,0,17,1,25,,16421,21,0,17,1,64,,16422,21,0,17,1,22,,16423,21,0,17,1,61,,16424,21,0,17,1,22,,16425,21,0,17,1,22,,16426,21,0,17,1,62,,16427,21,0,17,1,21,,16428,21,0,17,1,22,,16429,21,0,17,1,61,,16430,21,0,17,1,22,,16431,21,0,17,1,22,,16432,21,0,17,1,61,,16433,21,0,17,1,18,,16434,21,0,17,1,20,,16435,21,0,17,1,60,,16436,21,0,17,1,20,,16437,21,0,17,1,19,,16438,21,0,17,1,60,,16439,21,0,17,1
703,'MASunday',438,,16440,21,0,17,1,62,,16441,21,0,17,1,20,,16442,21,0,17,1,22,,16443,21,0,17,1,62,,16444,21,0,17,1,22,,16445,21,0,17,1,21,,16446,21,0,17,1,62,,16447,21,0,17,1,22,,16448,21,0,17,1,22,,16449,21,0,17,1,62,,16450,21,0,17,1,21,,16451,21,0,17,1,22,,16452,21,0,17,1,63,,16453,21,0,17,1,23,,16454,21,0,17,1,62,,16455,21,0,17,1,23,,16456,21,0,17,1,24,,16457,21,0,17,1,64,,16458,21,0,17,1,25,,16459,21,0,17,1,64,,16460,21,0,17,1,25,,16461,21,0,17,1,24,,16462,21,0,17,1,64,,16463,21,0,17,1,23,,16464,21,0,17,1,64,,16465,21,0,17,1,24,,16466,21,0,17,1,24,,16467,21,0,17,1,64,,16468,21,0,17,1,24,,16469,21,0,17,1,65,,16470,21,0,17,1,24,,16471,21,0,17,1,23,,16472,21,0,17,1,65,,16473,21,0,17,1,24,,16474,21,0,17,1,64,,16475,21,0,17,1,22,,16476,21,0,17,1,22,,16477,21,0,17,1,64,,16478,21,0,17,1,21,,16479,21,0,17,1,21,,16480,21,0,17,1,62,,16481,21,0,17,1,22,,16482,21,0,17,1,63,,16483,21,0,17,1,21,,16484,21,0,17,1,22,,16485,21,0,17,1,62,,16486,21,0,17,1,21,,16487,21,0,17,1,22,,16488,21,0,17,1,63,,16489,21,0,17,1,25,,16490,21,0,17,1,63,,16491,21,0,17,1
703,'MAWeekday',505,,16530,21,0,17,1,47,,16492,21,0,17,1,98,,16493,21,0,17,1,64,,16494,21,0,17,1,25,,16529,21,0,17,1,89,,16495,21,0,17,1,102,,16496,21,0,17,1,23,,16497,21,0,17,1,65,,16498,21,0,17,1,95,,16499,21,0,17,1,27,,16531,21,0,17,1,66,,16500,21,0,17,1,26,,16501,21,0,17,1,25,,16502,21,0,17,1,91,,16503,21,0,17,1,64,,16504,21,0,17,1,24,,16532,21,0,17,1,64,,16505,21,0,17,1,25,,16506,21,0,17,1,25,,16507,21,0,17,1,91,,16508,21,0,17,1,65,,16509,21,0,17,1,25,,16510,21,0,17,1,25,,16511,21,0,17,1,63,,16512,21,0,17,1,24,,16513,21,0,17,1,87,,16514,21,0,17,1,22,,16515,21,0,17,1,62,,16516,21,0,17,1,22,,16517,21,0,17,1,23,,16518,21,0,17,1,70,,16519,21,0,17,1,30,,16520,21,0,17,1,65,,16521,21,0,17,1,25,,16522,21,0,17,1,70,,16523,21,0,17,1,28,,16524,21,0,17,1,72,,16525,21,0,17,1,34,,16526,21,0,17,1,74,,16527,21,0,17,1,74,,16528,21,0,17,1
3901,'CPHoliday1',647,,22243,69,0,18 12,1,78,,22237,69,0,18 12,1,83,,22232,69,0,18 12,1,38,,22228,69,0,18 12,1,81,,22244,69,0,18 12,1,84,,22235,69,0,18 12,1,42,,22233,69,0,18 12,1,83,,22227,69,0,18 12,1,83,,22242,69,0,18 12,1,85,,22236,69,0,18 12,1,47,,22229,69,0,18 12,1,85,,22226,69,0,18 12,1,86,,22245,69,0,18 12,1,85,,22239,69,0,18 12,1,45,,22230,69,0,18 12,1,83,,22225,69,0,18 12,1,85,,22246,69,0,18 12,1,84,,22238,69,0,18 12,1,40,,22231,69,0,18 12,1,84,,22224,69,0,18 12,1,82,,22241,69,0,18 12,1,40,,22240,69,0,18 12,1,81,,22234,69,0,18 12,1,75,,22223,69,0,18 12,1
3901,'CPSaturday',856,,22251,69,0,18 12,1,287,,22250,69,0,18 12,1,301,,22249,69,0,18 12,1,272,,22252,69,0,18 12,1,30,,22248,69,0,18 12,1,261,,22253,69,0,18 12,1,28,,22247,69,0,18 12,1,206,,22254,69,0,18 12,1
3901,'CPSunday',647,,22275,69,0,18 12,1,78,,22269,69,0,18 12,1,83,,22264,69,0,18 12,1,38,,22260,69,0,18 12,1,81,,22276,69,0,18 12,1,84,,22267,69,0,18 12,1,42,,22265,69,0,18 12,1,83,,22259,69,0,18 12,1,83,,22274,69,0,18 12,1,85,,22268,69,0,18 12,1,47,,22261,69,0,18 12,1,85,,22258,69,0,18 12,1,86,,22277,69,0,18 12,1,85,,22271,69,0,18 12,1,45,,22262,69,0,18 12,1,83,,22257,69,0,18 12,1,85,,22278,69,0,18 12,1,84,,22270,69,0,18 12,1,40,,22263,69,0,18 12,1,84,,22256,69,0,18 12,1,82,,22273,69,0,18 12,1,40,,22272,69,0,18 12,1,81,,22266,69,0,18 12,1,75,,22255,69,0,18 12,1
3901,'MASaturday',646,,22302,69,0,18 12,1,66,,22301,69,0,18 12,1,28,,22295,69,0,18 12,1,66,,22294,69,0,18 12,1,25,,22305,69,0,18 12,1,91,,22296,69,0,18 12,1,28,,22289,69,0,18 12,1,66,,22287,69,0,18 12,1,30,,22288,69,0,18 12,1,68,,22304,69,0,18 12,1,98,,22300,69,0,18 12,1,31,,22290,69,0,18 12,1,70,,22284,69,0,18 12,1,30,,22282,69,0,18 12,1,71,,22303,69,0,18 12,1,100,,22299,69,0,18 12,1,30,,22293,69,0,18 12,1,71,,22285,69,0,18 12,1,30,,22280,69,0,18 12,1,170,,22297,69,0,18 12,1,27,,22292,69,0,18 12,1,69,,22283,69,0,18 12,1,30,,22279,69,0,18 12,1,162,,22298,69,0,18 12,1,25,,22291,69,0,18 12,1,26,,22286,69,0,18 12,1,64,,22281,69,0,18 12,1
3901,'MAWeekday',519,,22306,37,0,18 12,1,91,,22307,70,0,18 12,1,25,,22308,70,0,18 12,1,24,,22309,70,0,18 12,1,62,,22310,70,0,18 12,1,19,,22311,70,0,18 12,1,61,,22312,70,0,18 12,1,19,,22313,70,0,18 12,1,20,,22314,70,0,18 12,1,63,,22315,70,0,18 12,1,24,,22316,70,0,18 12,1,20,,22317,69,0,18 12,1,71,,22318,69,0,18 12,1,35,,22319,69,0,18 12,1,77,,22320,69,0,18 12,1,77,,22321,69,0,18 12,1,38,,22322,69,0,18 12,1,77,,22323,69,0,18 12,1,36,,22324,69,0,18 12,1,74,,22325,69,0,18 12,1,25,,22326,69,0,18 12,1,69,,22327,70,0,18 12,1,20,,22328,70,0,18 12,1,61,,22329,70,0,18 12,1,21,,22330,70,0,18 12,1,22,,22331,70,0,18 12,1,58,,22332,70,0,18 12,1,19,,22333,70,0,18 12,1,17,,22334,70,0,18 12,1,59,,22335,70,0,18 12,1,21,,22336,70,0,18 12,1,22,,22337,70,0,18 12,1,61,,22338,70,0,18 12,1,21,,22339,70,0,18 12,1,16,,22340,69,0,18 12,1,62,,22341,69,0,18 12,1,22,,22342,69,0,18 12,1,18,,22343,69,0,18 12,1,75,,22344,69,0,18 12,1,37,,22345,69,0,18 12,1,81,,22346,69,0,18 12,1,80,,22347,69,0,18 12,1,37,,22348,69,0,18 12,1,75,,22349,69,0,18 12,1,73,,22350,69,0,18 12,1,33,,22351,69,0,18 12,1,74,,22352,69,0,18 12,1
4304,'CPWeekday',1515,,23037,62,0,18 12,1,42,,23035,62,0,18 12,1,83,,23040,62,0,18 12,1,81,,23042,62,0,18 12,1,81,,23038,62,0,18 12,1,40,,23036,62,0,18 12,1,80,,23041,62,0,18 12,1,80,,23043,62,0,18 12,1,39,,23039,62,0,18 12,1
