3804,'CPHoliday1',809,,22127,4,0,57 7,1,50,,22125,4,0,57 7,1,95,,22131,4,0,57 7,1,95,,22128,4,0,57 7,1,95,,22126,4,0,57 7,1,95,,22136,4,0,57 7,1,95,,22130,4,0,57 7,1,95,,22129,4,0,57 7,1,95,,22135,4,0,57 7,1,95,,22133,4,0,57 7,1,95,,22134,4,0,57 7,1,95,,22137,4,0,57 7,1,95,,22132,4,0,57 7,1,55,,22138,4,0,57 7,1
3804,'CPSaturday',603,,22139,4,0,57 7,1,25,,22140,4,0,57 7,1,25,,22141,4,0,57 7,1,70,,22142,4,0,57 7,1,30,,22143,4,0,57 7,1,70,,22144,4,0,57 7,1,30,,22145,4,0,57 7,1,71,,22146,4,0,57 7,1,32,,22147,4,0,57 7,1,72,,22148,4,0,57 7,1,74,,22149,4,0,57 7,1,34,,22150,4,0,57 7,1,74,,22151,4,0,57 7,1,34,,22152,4,0,57 7,1,74,,22153,4,0,57 7,1,34,,22154,4,0,57 7,1,74,,22155,4,0,57 7,1,74,,22156,4,0,57 7,1,34,,22157,4,0,57 7,1,74,,22158,4,0,57 7,1,35,,22159,4,0,57 7,1,75,,22160,4,0,57 7,1,35,,22161,4,0,57 7,1,75,,22162,4,0,57 7,1,74,,22163,4,0,57 7,1,34,,22164,4,0,57 7,1,72,,22165,4,0,57 7,1,32,,22166,4,0,57 7,1,70,,22167,4,0,57 7,1,30,,22168,4,0,57 7,1,70,,22169,4,0,57 7,1,27,,22170,4,0,57 7,1,68,,22171,4,0,57 7,1,28,,22172,4,0,57 7,1
3804,'CPSunday',809,,22175,4,0,57 7,1,50,,22173,4,0,57 7,1,95,,22179,4,0,57 7,1,95,,22176,4,0,57 7,1,95,,22174,4,0,57 7,1,95,,22184,4,0,57 7,1,95,,22178,4,0,57 7,1,95,,22177,4,0,57 7,1,95,,22183,4,0,57 7,1,95,,22181,4,0,57 7,1,95,,22182,4,0,57 7,1,95,,22185,4,0,57 7,1,95,,22180,4,0,57 7,1,55,,22186,4,0,57 7,1
3804,'CPWeekday',513,,22210,4,0,57 7,1,30,,22218,4,0,57 7,1,67,,22211,4,0,57 7,1,28,,22208,4,0,57 7,1,68,,22201,4,0,57 7,1,30,,22200,4,0,57 7,1,70,,22209,4,0,57 7,1,30,,22220,4,0,57 7,1,72,,22215,4,0,57 7,1,35,,22203,4,0,57 7,1,75,,22199,4,0,57 7,1,40,,22195,4,0,57 7,1,80,,22222,4,0,57 7,1,80,,22214,4,0,57 7,1,40,,22202,4,0,57 7,1,70,,22196,4,0,57 7,1,26,,22194,4,0,57 7,1,66,,22193,4,0,57 7,1,30,,22219,4,0,57 7,1,70,,22212,4,0,57 7,1,30,,22191,4,0,57 7,1,68,,22207,4,0,57 7,1,28,,22198,4,0,57 7,1,70,,22190,4,0,57 7,1,30,,22192,4,0,57 7,1,70,,22221,4,0,57 7,1,28,,22213,4,0,57 7,1,68,,22188,4,0,57 7,1,28,,22206,4,0,57 7,1,70,,22197,4,0,57 7,1,40,,22187,4,0,57 7,1,90,,22216,4,0,57 7,1,89,,22204,4,0,57 7,1,86,,22189,4,0,57 7,1,86,,22217,4,0,57 7,1,41,,22205,4,0,57 7,1
3901,'CPHoliday1',549,,22243,4,0,18 12,1,78,,22237,4,0,18 12,1,79,,22232,4,0,18 12,1,38,,22228,4,0,18 12,1,80,,22244,4,0,18 12,1,82,,22235,4,0,18 12,1,42,,22233,4,0,18 12,1,82,,22227,4,0,18 12,1,82,,22242,4,0,18 12,1,44,,22236,4,0,18 12,1,85,,22229,4,0,18 12,1,85,,22226,4,0,18 12,1,85,,22245,4,0,18 12,1,45,,22239,4,0,18 12,1,85,,22230,4,0,18 12,1,85,,22225,4,0,18 12,1,85,,22246,4,0,18 12,1,45,,22238,4,0,18 12,1,85,,22231,4,0,18 12,1,84,,22224,4,0,18 12,1,84,,22241,4,0,18 12,1,42,,22240,4,0,18 12,1,81,,22234,4,0,18 12,1,75,,22223,4,0,18 12,1
3901,'CPSaturday',753,,22251,4,0,18 12,1,282,,22250,4,0,18 12,1,298,,22249,4,0,18 12,1,270,,22252,4,0,18 12,1,30,,22248,4,0,18 12,1,270,,22253,4,0,18 12,1,30,,22247,4,0,18 12,1,214,,22254,4,0,18 12,1
3901,'CPSunday',549,,22275,4,0,18 12,1,78,,22269,4,0,18 12,1,79,,22264,4,0,18 12,1,38,,22260,4,0,18 12,1,80,,22276,4,0,18 12,1,82,,22267,4,0,18 12,1,42,,22265,4,0,18 12,1,82,,22259,4,0,18 12,1,82,,22274,4,0,18 12,1,44,,22268,4,0,18 12,1,85,,22261,4,0,18 12,1,85,,22258,4,0,18 12,1,85,,22277,4,0,18 12,1,45,,22271,4,0,18 12,1,85,,22262,4,0,18 12,1,85,,22257,4,0,18 12,1,85,,22278,4,0,18 12,1,45,,22270,4,0,18 12,1,85,,22263,4,0,18 12,1,84,,22256,4,0,18 12,1,84,,22273,4,0,18 12,1,42,,22272,4,0,18 12,1,81,,22266,4,0,18 12,1,75,,22255,4,0,18 12,1
3901,'MASaturday',547,,22302,4,0,18 12,1,65,,22301,4,0,18 12,1,26,,22295,4,0,18 12,1,65,,22294,4,0,18 12,1,25,,22305,4,0,18 12,1,91,,22296,4,0,18 12,1,26,,22289,4,0,18 12,1,66,,22287,4,0,18 12,1,28,,22288,4,0,18 12,1,68,,22304,4,0,18 12,1,96,,22300,4,0,18 12,1,30,,22290,4,0,18 12,1,70,,22284,4,0,18 12,1,30,,22282,4,0,18 12,1,70,,22303,4,0,18 12,1,100,,22299,4,0,18 12,1,30,,22293,4,0,18 12,1,70,,22285,4,0,18 12,1,30,,22280,4,0,18 12,1,170,,22297,4,0,18 12,1,30,,22292,4,0,18 12,1,70,,22283,4,0,18 12,1,30,,22279,4,0,18 12,1,170,,22298,4,0,18 12,1,27,,22291,4,0,18 12,1,26,,22286,4,0,18 12,1,66,,22281,4,0,18 12,1
3901,'MAWeekday',506,,22307,4,0,18 12,1,22,,22308,4,0,18 12,1,21,,22309,4,0,18 12,1,59,,22310,4,0,18 12,1,18,,22311,4,0,18 12,1,18,,22312,4,0,18 12,1,59,,22313,4,0,18 12,1,20,,22314,4,0,18 12,1,22,,22315,4,0,18 12,1,63,,22316,4,0,18 12,1,24,,22317,4,0,18 12,1,70,,22318,4,0,18 12,1,38,,22319,4,0,18 12,1,77,,22320,4,0,18 12,1,38,,22321,4,0,18 12,1,77,,22322,4,0,18 12,1,77,,22323,4,0,18 12,1,35,,22324,4,0,18 12,1,74,,22325,4,0,18 12,1,26,,22326,4,0,18 12,1,66,,22327,4,0,18 12,1,18,,22328,4,0,18 12,1,18,,22329,4,0,18 12,1,61,,22330,4,0,18 12,1,22,,22331,4,0,18 12,1,18,,22332,4,0,18 12,1,58,,22333,4,0,18 12,1,18,,22334,4,0,18 12,1,19,,22335,4,0,18 12,1,62,,22336,4,0,18 12,1,22,,22337,4,0,18 12,1,22,,22338,4,0,18 12,1,63,,22339,4,0,18 12,1,23,,22340,4,0,18 12,1,23,,22341,4,0,18 12,1,63,,22342,4,0,18 12,1,19,,22343,4,0,18 12,1,76,,22344,4,0,18 12,1,42,,22345,4,0,18 12,1,82,,22346,4,0,18 12,1,81,,22347,4,0,18 12,1,37,,22348,4,0,18 12,1,75,,22349,4,0,18 12,1,75,,22350,4,0,18 12,1,35,,22351,4,0,18 12,1,74,,22352,4,0,18 12,1
4304,'CPWeekday',1422,,23037,4,0,18 12,1,80,,23035,4,0,18 12,1,40,,23040,4,0,18 12,1,80,,23042,4,0,18 12,1,80,,23038,4,0,18 12,1,42,,23036,4,0,18 12,1,82,,23041,4,0,18 12,1,82,,23043,4,0,18 12,1,40,,23039,4,0,18 12,1
9002,'CPWeekday',437,,25867,4,0,5,1,65,,25868,4,0,5,1,25,,25869,4,0,5,1,30,,25870,4,0,5,1,70,,25871,4,0,5,1,30,,25872,4,0,5,1,70,,25873,4,0,5,1,30,,25874,4,0,5,1,70,,25875,4,0,5,1,28,,25876,4,0,5,1,90,,25877,4,0,5,1,91,,25878,4,0,5,1,90,,25879,4,0,5,1,90,,25880,4,0,5,1,90,,25881,4,0,5,1,50,,25882,4,0,5,1,72,,25883,4,0,5,1,30,,25884,4,0,5,1,70,,25885,4,0,5,1,30,,25886,4,0,5,1,70,,25887,4,0,5,1,30,,25888,4,0,5,1,70,,25889,4,0,5,1,30,,25890,4,0,5,1,70,,25891,4,0,5,1,30,,25892,4,0,5,1,70,,25893,4,0,5,1,72,,25894,4,0,5,1,33,,25895,4,0,5,1,86,,25896,4,0,5,1,85,,25897,4,0,5,1,47,,25898,4,0,5,1,84,,25899,4,0,5,1
