1104,'MAHoliday1',701,,17737,17,4,,1,22,,17718,17,4,,1,22,,17705,17,4,,1,62,,17733,17,4,,1,23,,17719,17,4,,1,24,,17704,17,4,,1,62,,17735,17,4,,1,23,,17720,17,4,,1,63,,17706,17,4,,1,25,,17736,17,4,,1,24,,17725,17,4,,1,58,,17708,17,4,,1,17,,17694,17,4,,1,18,,17743,17,4,,1,59,,17726,17,4,,1,18,,17711,17,4,,1,18,,17696,17,4,,1,18,,17744,17,4,,1,58,,17728,17,4,,1,18,,17710,17,4,,1,18,,17695,17,4,,1,59,,17742,17,4,,1,18,,17727,17,4,,1,18,,17712,17,4,,1,59,,17697,17,4,,1,19,,17741,17,4,,1,18,,17724,17,4,,1,59,,17713,17,4,,1,19,,17698,17,4,,1,19,,17740,17,4,,1,19,,17723,17,4,,1,58,,17714,17,4,,1,18,,17699,17,4,,1,19,,17745,17,4,,1,59,,17729,17,4,,1,18,,17707,17,4,,1,18,,17700,17,4,,1,58,,17749,17,4,,1,18,,17730,17,4,,1,17,,17716,17,4,,1,18,,17702,17,4,,1,59,,17748,17,4,,1,17,,17732,17,4,,1,17,,17715,17,4,,1,58,,17703,17,4,,1,18,,17747,17,4,,1,17,,17731,17,4,,1,57,,17709,17,4,,1,16,,17701,17,4,,1,23,,17746,17,4,,1,63,,17721,17,4,,1,21,,17691,17,4,,1,23,,17738,17,4,,1,63,,17722,17,4,,1,22,,17692,17,4,,1,23,,17739,17,4,,1,62,,17717,17,4,,1,21,,17693,17,4,,1,62,,17734,17,4,,1
1104,'MASaturday',541,,17750,17,4,,1,64,,17751,17,4,,1,24,,17752,17,4,,1,24,,17753,17,4,,1,63,,17754,17,4,,1,20,,17755,17,4,,1,17,,17756,17,4,,1,58,,17757,17,4,,1,18,,17758,17,4,,1,18,,17759,17,4,,1,58,,17760,17,4,,1,18,,17761,17,4,,1,5,,17762,17,4,,1,18,,17763,17,4,,1,59,,17764,17,4,,1,18,,17765,17,4,,1,17,,17766,17,4,,1,18,,17767,17,4,,1,60,,17768,17,4,,1,18,,17769,17,4,,1,18,,17770,17,4,,1,58,,17771,17,4,,1,18,,17772,17,4,,1,18,,17773,17,4,,1,58,,17774,17,4,,1,19,,17775,17,4,,1,18,,17776,17,4,,1,59,,17777,17,4,,1,19,,17778,17,4,,1,19,,17779,17,4,,1,19,,17780,17,4,,1,59,,17781,17,4,,1,20,,17782,17,4,,1,19,,17783,17,4,,1,59,,17784,17,4,,1,19,,17785,17,4,,1,19,,17786,17,4,,1,59,,17787,17,4,,1,19,,17788,17,4,,1,19,,17789,17,4,,1,58,,17790,17,4,,1,20,,17791,17,4,,1,19,,17792,17,4,,1,59,,17793,17,4,,1,19,,17794,17,4,,1,18,,17795,17,4,,1,57,,17796,17,4,,1,19,,17797,17,4,,1,18,,17798,17,4,,1,17,,17799,17,4,,1,58,,17800,17,4,,1,18,,17801,17,4,,1,18,,17802,17,4,,1,57,,17803,17,4,,1,16,,17804,17,4,,1,17,,17805,17,4,,1,16,,17806,17,4,,1,57,,17807,17,4,,1,18,,17808,17,4,,1,20,,17809,17,4,,1,62,,17810,17,4,,1,20,,17811,17,4,,1,20,,17812,17,4,,1,61,,17813,17,4,,1,21,,17814,17,4,,1,18,,17815,17,4,,1
1104,'MASunday',701,,17862,17,4,,1,22,,17843,17,4,,1,22,,17830,17,4,,1,62,,17858,17,4,,1,23,,17844,17,4,,1,24,,17829,17,4,,1,62,,17860,17,4,,1,23,,17845,17,4,,1,63,,17831,17,4,,1,25,,17861,17,4,,1,24,,17850,17,4,,1,58,,17833,17,4,,1,17,,17819,17,4,,1,18,,17868,17,4,,1,59,,17851,17,4,,1,18,,17836,17,4,,1,18,,17821,17,4,,1,18,,17869,17,4,,1,58,,17853,17,4,,1,18,,17835,17,4,,1,18,,17820,17,4,,1,59,,17867,17,4,,1,18,,17852,17,4,,1,18,,17837,17,4,,1,59,,17822,17,4,,1,19,,17866,17,4,,1,18,,17849,17,4,,1,59,,17838,17,4,,1,19,,17823,17,4,,1,19,,17865,17,4,,1,19,,17848,17,4,,1,58,,17839,17,4,,1,18,,17824,17,4,,1,19,,17870,17,4,,1,59,,17854,17,4,,1,18,,17832,17,4,,1,18,,17825,17,4,,1,58,,17874,17,4,,1,18,,17855,17,4,,1,17,,17841,17,4,,1,18,,17827,17,4,,1,59,,17873,17,4,,1,17,,17857,17,4,,1,17,,17840,17,4,,1,58,,17828,17,4,,1,18,,17872,17,4,,1,17,,17856,17,4,,1,57,,17834,17,4,,1,16,,17826,17,4,,1,23,,17871,17,4,,1,63,,17846,17,4,,1,21,,17816,17,4,,1,23,,17863,17,4,,1,63,,17847,17,4,,1,22,,17817,17,4,,1,23,,17864,17,4,,1,62,,17842,17,4,,1,21,,17818,17,4,,1,62,,17859,17,4,,1
1104,'MAWeekday',450,,17875,17,4,,1,72,,17876,17,4,,1,13,,17877,17,4,,1,16,,17878,17,4,,1,55,,17879,17,4,,1,13,,17880,17,4,,1,12,,17881,17,4,,1,10,,17882,17,4,,1,10,,17883,17,4,,1,51,,17884,17,4,,1,10,,17885,17,4,,1,10,,17886,17,4,,1,12,,17887,17,4,,1,11,,17888,17,4,,1,9,,17889,17,4,,1,51,,17890,17,4,,1,10,,17891,17,4,,1,10,,17892,17,4,,1,11,,17893,17,4,,1,15,,17894,17,4,,1,55,,17895,17,4,,1,15,,17896,17,4,,1,14,,17897,17,4,,1,15,,17898,17,4,,1,55,,17899,17,4,,1,15,,17900,17,4,,1,15,,17901,17,4,,1,15,,17902,17,4,,1,55,,17903,17,4,,1,15,,17904,17,4,,1,15,,17905,17,4,,1,15,,17906,17,4,,1,56,,17907,17,4,,1,15,,17908,17,4,,1,15,,17909,17,4,,1,15,,17910,17,4,,1,55,,17911,17,4,,1,15,,17912,17,4,,1,15,,17913,17,4,,1,15,,17914,17,4,,1,55,,17915,17,4,,1,17,,17916,17,4,,1,15,,17917,17,4,,1,15,,17918,17,4,,1,54,,17919,17,4,,1,12,,17920,17,4,,1,11,,17921,17,4,,1,12,,17922,17,4,,1,12,,17923,17,4,,1,55,,17924,17,4,,1,13,,17925,17,4,,1,12,,17926,17,4,,1,12,,17927,17,4,,1,12,,17928,17,4,,1,52,,17929,17,4,,1,13,,17930,17,4,,1,12,,17931,17,4,,1,12,,17932,17,4,,1,11,,17933,17,4,,1,53,,17934,17,4,,1,11,,17935,17,4,,1,11,,17936,17,4,,1,12,,17937,17,4,,1,12,,17938,17,4,,1,58,,17939,17,4,,1,18,,17940,17,4,,1,18,,17941,17,4,,1,59,,17942,17,4,,1,18,,17943,17,4,,1,18,,17944,17,4,,1,58,,17945,17,4,,1,18,,17946,17,4,,1,16,,17947,17,4,,1,18,,17948,17,4,,1,64,,17949,17,4,,1,24,,17950,17,4,,1,62,,17951,17,4,,1,22,,17952,17,4,,1,23,,17953,17,4,,1,63,,17954,17,4,,1,21,,17955,17,4,,1,23,,17956,17,4,,1,62,,17957,17,4,,1,29,,17958,17,4,,1,70,,17959,17,4,,1,30,,17960,17,4,,1,69,,17961,17,4,,1
2001,'CPHoliday1',800,,19025,39,4,,1,25,,19026,39,4,,1,27,,19027,39,4,,1,67,,19028,39,4,,1,28,,19029,39,4,,1,68,,19030,39,4,,1,28,,19031,39,4,,1,69,,19032,39,4,,1,30,,19033,39,4,,1,69,,19034,39,4,,1,33,,19035,39,4,,1,74,,19036,39,4,,1,33,,19037,39,4,,1,72,,19038,39,4,,1,32,,19039,39,4,,1,72,,19040,39,4,,1,32,,19041,39,4,,1,72,,19042,39,4,,1,72,,19043,39,4,,1,32,,19044,39,4,,1,72,,19045,39,4,,1,29,,19046,39,4,,1,69,,19047,39,4,,1,29,,19048,39,4,,1,67,,19049,39,4,,1,22,,19050,39,4,,1,28,,19051,39,4,,1
2001,'CPSaturday',644,,19063,39,4,,1,66,,19064,39,4,,1,26,,19075,39,4,,1,70,,19062,39,4,,1,28,,19060,39,4,,1,70,,19058,39,4,,1,32,,19076,39,4,,1,70,,19061,39,4,,1,33,,19059,39,4,,1,71,,19077,39,4,,1,33,,19057,39,4,,1,73,,19056,39,4,,1,33,,19078,39,4,,1,72,,19055,39,4,,1,32,,19054,39,4,,1,72,,19079,39,4,,1,32,,19053,39,4,,1,72,,19052,39,4,,1,72,,19074,39,4,,1,32,,19080,39,4,,1,72,,19071,39,4,,1,32,,19072,39,4,,1,72,,19084,39,4,,1,32,,19073,39,4,,1,72,,19068,39,4,,1,30,,19083,39,4,,1,71,,19069,39,4,,1,32,,19070,39,4,,1,72,,19082,39,4,,1,32,,19065,39,4,,1,68,,19066,39,4,,1,28,,19067,39,4,,1,76,,19081,39,4,,1
2001,'CPSunday',800,,19085,39,4,,1,25,,19086,39,4,,1,27,,19087,39,4,,1,67,,19088,39,4,,1,28,,19089,39,4,,1,68,,19090,39,4,,1,28,,19091,39,4,,1,69,,19092,39,4,,1,30,,19093,39,4,,1,69,,19094,39,4,,1,33,,19095,39,4,,1,74,,19096,39,4,,1,33,,19097,39,4,,1,72,,19098,39,4,,1,32,,19099,39,4,,1,72,,19100,39,4,,1,32,,19101,39,4,,1,72,,19102,39,4,,1,72,,19103,39,4,,1,32,,19104,39,4,,1,72,,19105,39,4,,1,29,,19106,39,4,,1,69,,19107,39,4,,1,29,,19108,39,4,,1,67,,19109,39,4,,1,22,,19110,39,4,,1,28,,19111,39,4,,1
2001,'CPWeekday',510,,19151,39,4,,1,21,,19150,39,4,,1,20,,19156,39,4,,1,63,,19149,39,4,,1,24,,19148,39,4,,1,65,,19141,39,4,,1,22,,19157,39,4,,1,24,,19144,39,4,,1,65,,19138,39,4,,1,25,,19137,39,4,,1,63,,19152,39,4,,1,25,,19140,39,4,,1,22,,19136,39,4,,1,64,,19133,39,4,,1,24,,19154,39,4,,1,64,,19142,39,4,,1,24,,19124,39,4,,1,24,,19126,39,4,,1,64,,19153,39,4,,1,24,,19139,39,4,,1,64,,19127,39,4,,1,25,,19123,39,4,,1,24,,19155,39,4,,1,66,,19143,39,4,,1,24,,19128,39,4,,1,66,,19121,39,4,,1,25,,19160,39,4,,1,20,,19122,39,4,,1,60,,19147,39,4,,1,19,,19129,39,4,,1,25,,19118,39,4,,1,63,,19158,39,4,,1,22,,19117,39,4,,1,62,,19145,39,4,,1,21,,19125,39,4,,1,20,,19119,39,4,,1,60,,19159,39,4,,1,20,,19116,39,4,,1,18,,19146,39,4,,1,17,,19134,39,4,,1,55,,19120,39,4,,1,35,,19115,39,4,,1,79,,19130,39,4,,1,80,,19114,39,4,,1,40,,19131,39,4,,1,77,,19113,39,4,,1,80,,19135,39,4,,1,35,,19112,39,4,,1,76,,19132,39,4,,1
7001,'CPWeekday',1518,,25734,30,4,,1,21,,25735,30,4,,1,61,,25736,30,4,,1,24,,25737,30,4,,1,14,,25738,30,4,,1,17,,25739,30,4,,1,56,,25740,30,4,,1,15,,25741,30,4,,1,14,,25742,30,4,,1,14,,25743,30,4,,1,53,,25744,30,4,,1,12,,25745,30,4,,1,19,,25746,30,4,,1,19,,25747,30,4,,1,59,,25748,30,4,,1
7101,'CPWeekday',1716,,25766,30,4,,1,20,,25762,30,4,,1,22,,25765,30,4,,1,60,,25763,30,4,,1,28,,25764,30,4,,1
10804,'CPWeekday',1614,,27016,29,4,,1,34,,27017,29,4,,1,60,,27018,29,4,,1,19,,27019,29,4,,1,8,,27028,29,4,,1,13,,27020,29,4,,1,61,,27021,29,4,,1,18,,27022,29,4,,1,23,,27023,29,4,,1,65,,27024,29,4,,1,26,,27025,29,4,,1,70,,27026,29,4,,1,29,,27027,29,4,,1
12601,'CPWeekday',734,,27784,15,4,,1,21,,27785,15,4,,1,62,,27786,15,4,,1,20,,27787,15,4,,1,20,,27788,15,4,,1,60,,27789,15,4,,1,19,,27790,15,4,,1,20,,27791,15,4,,1,58,,27792,15,4,,1,433,,27793,15,4,,1,61,,27794,15,4,,1,21,,27795,15,4,,1,22,,27796,15,4,,1,60,,27797,15,4,,1,20,,27798,15,4,,1,22,,27799,15,4,,1,63,,27800,15,4,,1,22,,27801,15,4,,1,63,,27802,15,4,,1,20,,27803,15,4,,1,18,,27804,15,4,,1,19,,27805,15,4,,1,60,,27806,15,4,,1,19,,27807,15,4,,1,20,,27808,15,4,,1
