3804,'CPHoliday1',830,,36402,25,0,57 7,1,90,,36400,25,0,57 7,1,97,,36406,25,0,57 7,1,95,,36403,25,0,57 7,1,96,,36401,25,0,57 7,1,95,,36411,25,0,57 7,1,56,,36405,25,0,57 7,1,96,,36404,25,0,57 7,1,95,,36410,25,0,57 7,1,96,,36408,25,0,57 7,1,93,,36409,25,0,57 7,1,93,,36412,25,0,57 7,1,94,,36407,25,0,57 7,1,93,,36413,25,0,57 7,1
3804,'CPSaturday',623,,36414,25,0,57 7,1,25,,36415,25,0,57 7,1,65,,36416,25,0,57 7,1,33,,36417,25,0,57 7,1,70,,36418,25,0,57 7,1,30,,36419,25,0,57 7,1,70,,36420,25,0,57 7,1,31,,36421,25,0,57 7,1,73,,36422,25,0,57 7,1,34,,36423,25,0,57 7,1,74,,36424,25,0,57 7,1,74,,36425,25,0,57 7,1,34,,36426,25,0,57 7,1,75,,36427,25,0,57 7,1,34,,36428,25,0,57 7,1,74,,36429,25,0,57 7,1,34,,36430,25,0,57 7,1,74,,36431,25,0,57 7,1,74,,36432,25,0,57 7,1,34,,36433,25,0,57 7,1,75,,36434,25,0,57 7,1,34,,36435,25,0,57 7,1,74,,36436,25,0,57 7,1,34,,36437,25,0,57 7,1,73,,36438,25,0,57 7,1,34,,36439,25,0,57 7,1,72,,36440,25,0,57 7,1,71,,36441,25,0,57 7,1,29,,36442,25,0,57 7,1,70,,36443,25,0,57 7,1,30,,36444,25,0,57 7,1,27,,36445,25,0,57 7,1,66,,36446,25,0,57 7,1,28,,36447,25,0,57 7,1
3804,'CPSunday',830,,36450,25,0,57 7,1,90,,36448,25,0,57 7,1,97,,36454,25,0,57 7,1,95,,36451,25,0,57 7,1,96,,36449,25,0,57 7,1,95,,36459,25,0,57 7,1,56,,36453,25,0,57 7,1,96,,36452,25,0,57 7,1,95,,36458,25,0,57 7,1,96,,36456,25,0,57 7,1,93,,36457,25,0,57 7,1,93,,36460,25,0,57 7,1,94,,36455,25,0,57 7,1,93,,36461,25,0,57 7,1
3804,'CPWeekday',536,,36486,30,0,57 7,1,73,,36494,30,0,57 7,1,28,,36487,30,0,57 7,1,70,,36484,30,0,57 7,1,30,,36477,30,0,57 7,1,71,,36476,30,0,57 7,1,32,,36485,30,0,57 7,1,70,,36496,30,0,57 7,1,32,,36491,30,0,57 7,1,74,,36479,30,0,57 7,1,36,,36475,30,0,57 7,1,77,,36471,30,0,57 7,1,79,,36498,30,0,57 7,1,40,,36490,30,0,57 7,1,80,,36478,30,0,57 7,1,72,,36472,30,0,57 7,1,19,,36462,30,0,57 7,1,8,,36470,30,0,57 7,1,26,,36469,30,0,57 7,1,72,,36495,30,0,57 7,1,31,,36488,30,0,57 7,1,71,,36467,30,0,57 7,1,31,,36483,30,0,57 7,1,68,,36474,30,0,57 7,1,28,,36466,30,0,57 7,1,69,,36468,30,0,57 7,1,27,,36497,30,0,57 7,1,67,,36489,30,0,57 7,1,26,,36464,30,0,57 7,1,68,,36482,30,0,57 7,1,28,,36473,30,0,57 7,1,78,,36463,30,0,57 7,1,89,,36492,30,0,57 7,1,47,,36480,30,0,57 7,1,85,,36465,30,0,57 7,1,85,,36493,30,0,57 7,1,80,,36481,30,0,57 7,1
4304,'CPWeekday',1445,,37311,20,0,18 12,1,75,,37312,20,0,18 12,1,39,,37313,20,0,18 12,1,83,,37314,20,0,18 12,1,82,,37315,20,0,18 12,1,82,,37316,20,0,18 12,1,39,,37317,20,0,18 12,1,76,,37318,20,0,18 12,1,36,,37319,20,0,18 12,1
4404,'CPHoliday1',740,,37457,12,0,36,1,85,,37458,12,0,36,1,86,,37459,12,0,36,1,45,,37460,12,0,36,1,85,,37461,12,0,36,1,70,,37462,12,0,36,1,30,,37463,12,0,36,1,70,,37464,12,0,36,1,30,,37465,12,0,36,1,70,,37466,12,0,36,1,30,,37467,12,0,36,1,70,,37468,12,0,36,1,30,,37469,12,0,36,1,69,,37470,12,0,36,1,30,,37471,12,0,36,1,70,,37472,12,0,36,1,30,,37473,12,0,36,1,70,,37474,12,0,36,1,30,,37475,12,0,36,1,70,,37476,12,0,36,1,45,,37477,12,0,36,1,85,,37478,12,0,36,1,85,,37479,12,0,36,1,85,,37480,12,0,36,1,40,,37481,12,0,36,1,80,,37482,12,0,36,1
4404,'CPSaturday',741,,37483,12,0,36,1,85,,37484,12,0,36,1,85,,37485,12,0,36,1,45,,37486,12,0,36,1,85,,37487,12,0,36,1,85,,37488,12,0,36,1,85,,37489,12,0,36,1,30,,37490,12,0,36,1,70,,37491,12,0,36,1,30,,37492,12,0,36,1,70,,37493,12,0,36,1,30,,37494,12,0,36,1,70,,37495,12,0,36,1,30,,37496,12,0,36,1,70,,37497,12,0,36,1,30,,37498,12,0,36,1,70,,37499,12,0,36,1,29,,37500,12,0,36,1,70,,37501,12,0,36,1,30,,37502,12,0,36,1,70,,37503,12,0,36,1,30,,37504,12,0,36,1,70,,37505,12,0,36,1,40,,37506,12,0,36,1,80,,37507,12,0,36,1,80,,37508,12,0,36,1,40,,37509,12,0,36,1
4404,'CPSunday',740,,37510,12,0,36,1,85,,37511,12,0,36,1,86,,37512,12,0,36,1,45,,37513,12,0,36,1,85,,37514,12,0,36,1,70,,37515,12,0,36,1,30,,37516,12,0,36,1,70,,37517,12,0,36,1,30,,37518,12,0,36,1,70,,37519,12,0,36,1,30,,37520,12,0,36,1,70,,37521,12,0,36,1,30,,37522,12,0,36,1,69,,37523,12,0,36,1,30,,37524,12,0,36,1,70,,37525,12,0,36,1,30,,37526,12,0,36,1,70,,37527,12,0,36,1,30,,37528,12,0,36,1,70,,37529,12,0,36,1,45,,37530,12,0,36,1,85,,37531,12,0,36,1,85,,37532,12,0,36,1,85,,37533,12,0,36,1,40,,37534,12,0,36,1,80,,37535,12,0,36,1
4404,'CPWeekday',500,,37536,12,0,36,1,28,,37537,12,0,36,1,13,,37538,12,0,36,1,13,,37539,12,0,36,1,56,,37540,12,0,36,1,16,,37541,12,0,36,1,15,,37542,12,0,36,1,12,,37543,12,0,36,1,55,,37544,12,0,36,1,14,,37545,12,0,36,1,14,,37546,12,0,36,1,14,,37547,12,0,36,1,54,,37548,12,0,36,1,6,,37549,12,0,36,1,6,,37550,12,0,36,1,12,,37551,12,0,36,1,14,,37552,12,0,36,1,14,,37553,12,0,36,1,54,,37554,12,0,36,1,14,,37555,12,0,36,1,10,,37556,12,0,36,1,9,,37557,12,0,36,1,10,,37558,12,0,36,1,58,,37559,12,0,36,1,18,,37560,12,0,36,1,18,,37561,12,0,36,1,58,,37562,12,0,36,1,18,,37563,12,0,36,1,18,,37564,12,0,36,1,60,,37565,12,0,36,1,20,,37566,12,0,36,1,20,,37567,12,0,36,1,60,,37568,12,0,36,1,20,,37569,12,0,36,1,20,,37570,12,0,36,1,60,,37571,12,0,36,1,21,,37572,12,0,36,1,20,,37573,12,0,36,1,60,,37574,12,0,36,1,20,,37575,12,0,36,1,21,,37576,12,0,36,1,60,,37577,12,0,36,1,20,,37578,12,0,36,1,22,,37579,12,0,36,1,62,,37580,12,0,36,1,22,,37581,12,0,36,1,20,,37582,12,0,36,1,60,,37583,12,0,36,1,20,,37584,12,0,36,1,19,,37585,12,0,36,1,60,,37586,12,0,36,1,20,,37587,12,0,36,1,20,,37588,12,0,36,1,60,,37589,12,0,36,1,20,,37590,12,0,36,1,83,,37591,12,0,36,1,44,,37592,12,0,36,1,83,,37593,12,0,36,1,84,,37594,12,0,36,1,83,,37595,12,0,36,1,44,,37596,12,0,36,1,85,,37597,12,0,36,1
10803,'CPWeekday',547,,41416,23,0,41 27 28 42 30,1,67,,41417,23,0,41 27 28 42 30,1,33,,41418,23,0,41 27 28 42 30,1,71,,41419,23,0,41 27 28 42 30,1,29,,41420,23,0,41 27 28 42 30,1,59,,41421,23,0,41 27 28 42 30,1,17,,41422,23,0,41 27 28 42 30,1,14,,41423,23,0,41 27 28 42 30,1,8,,41415,23,0,41 27 28 42 30,1,4,,41424,23,0,41 27 28 42 30,1,9,,41425,23,0,41 27 28 42 30,1,56,,41426,23,0,41 27 28 42 30,1,15,,41427,23,0,41 27 28 42 30,1,25,,41428,23,0,41 27 28 42 30,1,72,,41429,23,0,41 27 28 42 30,1,28,,41430,23,0,41 27 28 42 30,1
