3902,'CPHoliday1',736,,22372,36,0,5,1,80,,22367,36,0,5,1,40,,22361,36,0,5,1,82,,22358,36,0,5,1,82,,22373,36,0,5,1,83,,22370,36,0,5,1,44,,22362,36,0,5,1,86,,22357,36,0,5,1,85,,22374,36,0,5,1,85,,22368,36,0,5,1,44,,22363,36,0,5,1,86,,22356,36,0,5,1,85,,22375,36,0,5,1,86,,22369,36,0,5,1,45,,22364,36,0,5,1,84,,22355,36,0,5,1,84,,22376,36,0,5,1,42,,22365,36,0,5,1,81,,22360,36,0,5,1,82,,22354,36,0,5,1,79,,22371,36,0,5,1,40,,22366,36,0,5,1,76,,22359,36,0,5,1,30,,22353,36,0,5,1
3902,'CPSaturday',949,,22381,36,0,5,1,291,,22380,36,0,5,1,273,,22382,36,0,5,1,28,,22379,36,0,5,1,266,,22383,36,0,5,1,30,,22378,36,0,5,1,263,,22384,36,0,5,1,26,,22377,36,0,5,1
3902,'CPSunday',736,,22404,36,0,5,1,80,,22399,36,0,5,1,40,,22393,36,0,5,1,82,,22390,36,0,5,1,82,,22405,36,0,5,1,83,,22402,36,0,5,1,44,,22394,36,0,5,1,86,,22389,36,0,5,1,85,,22406,36,0,5,1,85,,22400,36,0,5,1,44,,22395,36,0,5,1,86,,22388,36,0,5,1,85,,22407,36,0,5,1,86,,22401,36,0,5,1,45,,22396,36,0,5,1,84,,22387,36,0,5,1,84,,22408,36,0,5,1,42,,22397,36,0,5,1,81,,22392,36,0,5,1,82,,22386,36,0,5,1,79,,22403,36,0,5,1,40,,22398,36,0,5,1,76,,22391,36,0,5,1,30,,22385,36,0,5,1
3902,'MASaturday',731,,22429,36,0,5,1,26,,22425,36,0,5,1,67,,22424,36,0,5,1,27,,22418,36,0,5,1,70,,22433,36,0,5,1,96,,22426,36,0,5,1,28,,22421,36,0,5,1,68,,22417,36,0,5,1,28,,22415,36,0,5,1,69,,22432,36,0,5,1,98,,22427,36,0,5,1,32,,22422,36,0,5,1,72,,22413,36,0,5,1,31,,22409,36,0,5,1,167,,22428,36,0,5,1,30,,22419,36,0,5,1,69,,22414,36,0,5,1,28,,22410,36,0,5,1,169,,22430,36,0,5,1,29,,22420,36,0,5,1,69,,22412,36,0,5,1,28,,22411,36,0,5,1,118,,22431,36,0,5,1,63,,22423,36,0,5,1,20,,22416,36,0,5,1
3902,'MAWeekday',502,,22434,37,0,5,1,17,,22435,37,0,5,1,16,,22436,37,0,5,1,17,,22437,37,0,5,1,57,,22438,37,0,5,1,19,,22439,37,0,5,1,21,,22440,37,0,5,1,64,,22441,37,0,5,1,24,,22442,37,0,5,1,66,,22443,37,0,5,1,22,,22444,37,0,5,1,21,,22445,37,0,5,1,58,,22446,37,0,5,1,19,,22447,37,0,5,1,19,,22448,37,0,5,1,62,,22449,36,0,5,1,34,,22450,36,0,5,1,76,,22451,36,0,5,1,35,,22452,36,0,5,1,75,,22453,36,0,5,1,35,,22454,36,0,5,1,75,,22455,36,0,5,1,79,,22456,36,0,5,1,25,,22457,37,0,5,1,65,,22458,37,0,5,1,20,,22459,37,0,5,1,22,,22460,37,0,5,1,63,,22461,37,0,5,1,21,,22462,37,0,5,1,24,,22463,37,0,5,1,62,,22464,37,0,5,1,22,,22465,37,0,5,1,17,,22466,37,0,5,1,56,,22467,37,0,5,1,16,,22468,37,0,5,1,18,,22469,37,0,5,1,59,,22470,37,0,5,1,18,,22471,37,0,5,1,21,,22472,37,0,5,1,60,,22473,36,0,5,1,21,,22474,36,0,5,1,32,,22475,36,0,5,1,79,,22476,36,0,5,1,77,,22477,36,0,5,1,38,,22478,36,0,5,1,77,,22479,36,0,5,1,77,,22480,36,0,5,1,37,,22481,36,0,5,1,78,,22482,36,0,5,1
4303,'CPWeekday',521,,23026,40,0,5,1,80,,23033,40,0,5,1,41,,23029,40,0,5,1,80,,23031,40,0,5,1,80,,23027,40,0,5,1,40,,23034,40,0,5,1,80,,23030,40,0,5,1,36,,23032,40,0,5,1,80,,23028,40,0,5,1
6803,'CPHoliday1',1011,,25630,24,0,62,1,106,,25631,24,0,62,1,107,,25632,24,0,62,1,106,,25633,24,0,62,1,110,,25634,24,0,62,1,112,,25635,24,0,62,1,150,,25636,24,0,62,1,109,,25637,24,0,62,1,109,,25638,24,0,62,1,105,,25639,24,0,62,1
6803,'CPSaturday',736,,25640,24,0,62,1,107,,25641,24,0,62,1,106,,25642,24,0,62,1,110,,25643,24,0,62,1,151,,25644,24,0,62,1,111,,25645,24,0,62,1,111,,25646,24,0,62,1,110,,25647,24,0,62,1,110,,25648,24,0,62,1,151,,25649,24,0,62,1,111,,25650,24,0,62,1,108,,25651,24,0,62,1,108,,25652,24,0,62,1,110,,25653,24,0,62,1,108,,25654,24,0,62,1
6803,'CPSunday',1011,,25655,24,0,62,1,106,,25656,24,0,62,1,107,,25657,24,0,62,1,106,,25658,24,0,62,1,110,,25659,24,0,62,1,112,,25660,24,0,62,1,150,,25661,24,0,62,1,109,,25662,24,0,62,1,109,,25663,24,0,62,1,105,,25664,24,0,62,1
6803,'CPWeekday',532,,25665,24,0,62,1,111,,25666,24,0,62,1,113,,25667,24,0,62,1,149,,25668,24,0,62,1,115,,25669,24,0,62,1,114,,25670,24,0,62,1,116,,25671,24,0,62,1,157,,25672,24,0,62,1,117,,25673,24,0,62,1,116,,25674,24,0,62,1,114,,25675,24,0,62,1,153,,25676,24,0,62,1,114,,25677,24,0,62,1,114,,25678,24,0,62,1,113,,25679,24,0,62,1,153,,25680,24,0,62,1,114,,25681,24,0,62,1
