3804,'CPHoliday1',831,,22127,26,0,57 7,1,90,,22125,26,0,57 7,1,97,,22131,26,0,57 7,1,95,,22128,26,0,57 7,1,96,,22126,26,0,57 7,1,95,,22136,26,0,57 7,1,96,,22130,26,0,57 7,1,56,,22129,26,0,57 7,1,95,,22135,26,0,57 7,1,96,,22133,26,0,57 7,1,93,,22134,26,0,57 7,1,93,,22137,26,0,57 7,1,94,,22132,26,0,57 7,1,93,,22138,26,0,57 7,1
3804,'CPSaturday',624,,22139,26,0,57 7,1,25,,22140,26,0,57 7,1,65,,22141,26,0,57 7,1,33,,22142,26,0,57 7,1,70,,22143,26,0,57 7,1,30,,22144,26,0,57 7,1,70,,22145,26,0,57 7,1,31,,22146,26,0,57 7,1,73,,22147,26,0,57 7,1,34,,22148,26,0,57 7,1,74,,22149,26,0,57 7,1,74,,22150,26,0,57 7,1,34,,22151,26,0,57 7,1,75,,22152,26,0,57 7,1,34,,22153,26,0,57 7,1,74,,22154,26,0,57 7,1,34,,22155,26,0,57 7,1,74,,22156,26,0,57 7,1,74,,22157,26,0,57 7,1,34,,22158,26,0,57 7,1,75,,22159,26,0,57 7,1,34,,22160,26,0,57 7,1,74,,22161,26,0,57 7,1,34,,22162,26,0,57 7,1,73,,22163,26,0,57 7,1,74,,22164,26,0,57 7,1,32,,22165,26,0,57 7,1,71,,22166,26,0,57 7,1,29,,22167,26,0,57 7,1,70,,22168,26,0,57 7,1,30,,22169,26,0,57 7,1,27,,22170,26,0,57 7,1,66,,22171,26,0,57 7,1,28,,22172,26,0,57 7,1
3804,'CPSunday',831,,22175,26,0,57 7,1,90,,22173,26,0,57 7,1,97,,22179,26,0,57 7,1,95,,22176,26,0,57 7,1,96,,22174,26,0,57 7,1,95,,22184,26,0,57 7,1,96,,22178,26,0,57 7,1,56,,22177,26,0,57 7,1,95,,22183,26,0,57 7,1,96,,22181,26,0,57 7,1,93,,22182,26,0,57 7,1,93,,22185,26,0,57 7,1,94,,22180,26,0,57 7,1,93,,22186,26,0,57 7,1
3804,'CPWeekday',537,,22210,31,0,57 7,1,73,,22218,31,0,57 7,1,28,,22211,31,0,57 7,1,70,,22208,31,0,57 7,1,30,,22201,31,0,57 7,1,71,,22200,31,0,57 7,1,32,,22209,31,0,57 7,1,70,,22220,31,0,57 7,1,32,,22215,31,0,57 7,1,74,,22203,31,0,57 7,1,36,,22199,31,0,57 7,1,77,,22195,31,0,57 7,1,79,,22222,31,0,57 7,1,40,,22214,31,0,57 7,1,80,,22202,31,0,57 7,1,72,,22196,31,0,57 7,1,27,,22194,31,0,57 7,1,26,,22193,31,0,57 7,1,72,,22219,31,0,57 7,1,31,,22212,31,0,57 7,1,71,,22191,31,0,57 7,1,31,,22207,31,0,57 7,1,68,,22198,31,0,57 7,1,28,,22190,31,0,57 7,1,69,,22192,31,0,57 7,1,27,,22221,31,0,57 7,1,67,,22213,31,0,57 7,1,26,,22188,31,0,57 7,1,68,,22206,31,0,57 7,1,28,,22197,31,0,57 7,1,78,,22187,31,0,57 7,1,89,,22216,31,0,57 7,1,47,,22204,31,0,57 7,1,85,,22189,31,0,57 7,1,85,,22217,31,0,57 7,1,80,,22205,31,0,57 7,1
4304,'CPWeekday',1438,,23037,21,0,18 12,1,82,,23035,21,0,18 12,1,80,,23040,21,0,18 12,1,40,,23042,21,0,18 12,1,80,,23038,21,0,18 12,1,82,,23036,21,0,18 12,1,42,,23041,21,0,18 12,1,82,,23043,21,0,18 12,1,79,,23039,21,0,18 12,1
4404,'CPHoliday1',737,,23193,13,0,36,1,82,,23194,13,0,36,1,82,,23192,13,0,36,1,44,,23191,13,0,36,1,84,,23190,13,0,36,1,72,,23188,13,0,36,1,34,,23189,13,0,36,1,71,,23186,13,0,36,1,31,,23187,13,0,36,1,71,,23184,13,0,36,1,31,,23185,13,0,36,1,71,,23183,13,0,36,1,31,,23182,13,0,36,1,71,,23181,13,0,36,1,31,,23180,13,0,36,1,71,,23179,13,0,36,1,31,,23178,13,0,36,1,70,,23177,13,0,36,1,31,,23172,13,0,36,1,71,,23173,13,0,36,1,85,,23171,13,0,36,1,44,,23176,13,0,36,1,82,,23170,13,0,36,1,81,,23174,13,0,36,1,42,,23169,13,0,36,1,80,,23175,13,0,36,1
4404,'CPSaturday',742,,23220,13,0,36,1,85,,23218,13,0,36,1,86,,23219,13,0,36,1,45,,23216,13,0,36,1,85,,23217,13,0,36,1,85,,23215,13,0,36,1,85,,23213,13,0,36,1,30,,23214,13,0,36,1,70,,23211,13,0,36,1,30,,23212,13,0,36,1,70,,23210,13,0,36,1,32,,23209,13,0,36,1,72,,23208,13,0,36,1,32,,23207,13,0,36,1,72,,23206,13,0,36,1,32,,23203,13,0,36,1,72,,23202,13,0,36,1,32,,23204,13,0,36,1,72,,23201,13,0,36,1,72,,23199,13,0,36,1,31,,23205,13,0,36,1,68,,23197,13,0,36,1,44,,23196,13,0,36,1,84,,23198,13,0,36,1,82,,23195,13,0,36,1,42,,23200,13,0,36,1
4404,'CPSunday',737,,23245,13,0,36,1,82,,23246,13,0,36,1,82,,23244,13,0,36,1,44,,23243,13,0,36,1,84,,23242,13,0,36,1,72,,23240,13,0,36,1,34,,23241,13,0,36,1,71,,23238,13,0,36,1,31,,23239,13,0,36,1,71,,23236,13,0,36,1,31,,23237,13,0,36,1,71,,23235,13,0,36,1,31,,23234,13,0,36,1,71,,23233,13,0,36,1,31,,23232,13,0,36,1,71,,23231,13,0,36,1,31,,23230,13,0,36,1,70,,23229,13,0,36,1,31,,23224,13,0,36,1,71,,23225,13,0,36,1,85,,23223,13,0,36,1,44,,23228,13,0,36,1,82,,23222,13,0,36,1,81,,23226,13,0,36,1,42,,23221,13,0,36,1,80,,23227,13,0,36,1
4404,'CPWeekday',501,,23247,13,0,36,1,20,,23248,13,0,36,1,22,,23249,13,0,36,1,62,,23250,13,0,36,1,17,,23251,13,0,36,1,15,,23252,13,0,36,1,15,,23253,13,0,36,1,56,,23254,13,0,36,1,16,,23255,13,0,36,1,16,,23256,13,0,36,1,16,,23257,13,0,36,1,56,,23258,13,0,36,1,16,,23259,13,0,36,1,16,,23260,13,0,36,1,56,,23261,13,0,36,1,16,,23262,13,0,36,1,15,,23263,13,0,36,1,15,,23264,13,0,36,1,55,,23265,13,0,36,1,15,,23266,13,0,36,1,15,,23267,13,0,36,1,22,,23268,13,0,36,1,66,,23269,13,0,36,1,26,,23270,13,0,36,1,66,,23271,13,0,36,1,26,,23272,13,0,36,1,66,,23273,13,0,36,1,26,,23274,13,0,36,1,26,,23275,13,0,36,1,66,,23276,13,0,36,1,28,,23277,13,0,36,1,68,,23278,13,0,36,1,28,,23279,13,0,36,1,68,,23280,13,0,36,1,26,,23281,13,0,36,1,66,,23282,13,0,36,1,26,,23283,13,0,36,1,26,,23284,13,0,36,1,66,,23285,13,0,36,1,26,,23286,13,0,36,1,66,,23287,13,0,36,1,26,,23288,13,0,36,1,66,,23289,13,0,36,1,26,,23290,13,0,36,1,70,,23291,13,0,36,1,40,,23292,13,0,36,1,85,,23293,13,0,36,1,83,,23294,13,0,36,1,45,,23295,13,0,36,1,90,,23296,13,0,36,1,90,,23297,13,0,36,1
10803,'CPWeekday',548,,27003,24,0,41 27 28 42 30,1,72,,27004,24,0,41 27 28 42 30,1,33,,27005,24,0,41 27 28 42 30,1,72,,27006,24,0,41 27 28 42 30,1,23,,27007,24,0,41 27 28 42 30,1,65,,27008,24,0,41 27 28 42 30,1,22,,27009,24,0,41 27 28 42 30,1,12,,27015,24,0,41 27 28 42 30,1,11,,27010,24,0,41 27 28 42 30,1,63,,27011,24,0,41 27 28 42 30,1,28,,27012,24,0,41 27 28 42 30,1,68,,27013,24,0,41 27 28 42 30,1,26,,27014,24,0,41 27 28 42 30,1
