703,'CPWeekday',241,,16318,20,0,17,1,81,,16319,20,0,17,1,80,,16320,20,0,17,1,42,,16321,20,0,17,1,84,,16322,20,0,17,1,81,,16331,20,0,17,1,18,,16328,20,0,17,1,175,,16323,20,0,17,1,47,,16330,20,0,17,1,60,,16329,20,0,17,1,137,,16324,20,0,17,1,276,,16325,20,0,17,1,293,,16326,20,0,17,1,293,,16327,20,0,17,1
703,'MAHoliday1',437,,16332,20,0,17,1,22,,16333,20,0,17,1,60,,16334,20,0,17,1,23,,16335,20,0,17,1,62,,16336,20,0,17,1,22,,16337,20,0,17,1,21,,16338,20,0,17,1,62,,16339,20,0,17,1,21,,16340,20,0,17,1,22,,16341,20,0,17,1,62,,16342,20,0,17,1,22,,16343,20,0,17,1,22,,16344,20,0,17,1,63,,16345,20,0,17,1,22,,16346,20,0,17,1,62,,16347,20,0,17,1,23,,16348,20,0,17,1,24,,16349,20,0,17,1,65,,16350,20,0,17,1,25,,16351,20,0,17,1,64,,16352,20,0,17,1,24,,16353,20,0,17,1,24,,16354,20,0,17,1,64,,16355,20,0,17,1,23,,16356,20,0,17,1,64,,16357,20,0,17,1,24,,16358,20,0,17,1,24,,16359,20,0,17,1,64,,16360,20,0,17,1,24,,16361,20,0,17,1,65,,16362,20,0,17,1,24,,16363,20,0,17,1,23,,16364,20,0,17,1,65,,16365,20,0,17,1,24,,16366,20,0,17,1,64,,16367,20,0,17,1,22,,16368,20,0,17,1,22,,16369,20,0,17,1,64,,16370,20,0,17,1,22,,16371,20,0,17,1,21,,16372,20,0,17,1,62,,16373,20,0,17,1,22,,16374,20,0,17,1,62,,16375,20,0,17,1,21,,16376,20,0,17,1,22,,16377,20,0,17,1,62,,16378,20,0,17,1,21,,16379,20,0,17,1,22,,16380,20,0,17,1,63,,16381,20,0,17,1,25,,16382,20,0,17,1,64,,16383,20,0,17,1
703,'MASaturday',402,,16384,20,0,17,1,22,,16385,20,0,17,1,22,,16386,20,0,17,1,63,,16387,20,0,17,1,22,,16388,20,0,17,1,22,,16389,20,0,17,1,62,,16390,20,0,17,1,22,,16391,20,0,17,1,22,,16392,20,0,17,1,62,,16393,20,0,17,1,22,,16394,20,0,17,1,66,,16395,20,0,17,1,27,,16396,20,0,17,1,65,,16397,20,0,17,1,25,,16398,20,0,17,1,26,,16399,20,0,17,1,64,,16400,20,0,17,1,24,,16401,20,0,17,1,64,,16402,20,0,17,1,25,,16403,20,0,17,1,24,,16404,20,0,17,1,64,,16405,20,0,17,1,25,,16406,20,0,17,1,65,,16407,20,0,17,1,27,,16408,20,0,17,1,66,,16409,20,0,17,1,25,,16410,20,0,17,1,25,,16411,20,0,17,1,65,,16412,20,0,17,1,25,,16413,20,0,17,1,64,,16414,20,0,17,1,25,,16415,20,0,17,1,24,,16416,20,0,17,1,65,,16417,20,0,17,1,24,,16418,20,0,17,1,65,,16419,20,0,17,1,25,,16420,20,0,17,1,25,,16421,20,0,17,1,64,,16422,20,0,17,1,22,,16423,20,0,17,1,62,,16424,20,0,17,1,22,,16425,20,0,17,1,22,,16426,20,0,17,1,62,,16427,20,0,17,1,21,,16428,20,0,17,1,22,,16429,20,0,17,1,61,,16430,20,0,17,1,22,,16431,20,0,17,1,22,,16432,20,0,17,1,60,,16433,20,0,17,1,19,,16434,20,0,17,1,20,,16435,20,0,17,1,60,,16436,20,0,17,1,19,,16437,20,0,17,1,19,,16438,20,0,17,1,60,,16439,20,0,17,1
703,'MASunday',437,,16440,20,0,17,1,22,,16441,20,0,17,1,60,,16442,20,0,17,1,23,,16443,20,0,17,1,62,,16444,20,0,17,1,22,,16445,20,0,17,1,21,,16446,20,0,17,1,62,,16447,20,0,17,1,21,,16448,20,0,17,1,22,,16449,20,0,17,1,62,,16450,20,0,17,1,22,,16451,20,0,17,1,22,,16452,20,0,17,1,63,,16453,20,0,17,1,22,,16454,20,0,17,1,62,,16455,20,0,17,1,23,,16456,20,0,17,1,24,,16457,20,0,17,1,65,,16458,20,0,17,1,25,,16459,20,0,17,1,64,,16460,20,0,17,1,24,,16461,20,0,17,1,24,,16462,20,0,17,1,64,,16463,20,0,17,1,23,,16464,20,0,17,1,64,,16465,20,0,17,1,24,,16466,20,0,17,1,24,,16467,20,0,17,1,64,,16468,20,0,17,1,24,,16469,20,0,17,1,65,,16470,20,0,17,1,24,,16471,20,0,17,1,23,,16472,20,0,17,1,65,,16473,20,0,17,1,24,,16474,20,0,17,1,64,,16475,20,0,17,1,22,,16476,20,0,17,1,22,,16477,20,0,17,1,64,,16478,20,0,17,1,22,,16479,20,0,17,1,21,,16480,20,0,17,1,62,,16481,20,0,17,1,22,,16482,20,0,17,1,62,,16483,20,0,17,1,21,,16484,20,0,17,1,22,,16485,20,0,17,1,62,,16486,20,0,17,1,21,,16487,20,0,17,1,22,,16488,20,0,17,1,63,,16489,20,0,17,1,25,,16490,20,0,17,1,64,,16491,20,0,17,1
703,'MAWeekday',505,,16530,20,0,17,1,46,,16492,20,0,17,1,98,,16493,20,0,17,1,64,,16494,20,0,17,1,25,,16529,20,0,17,1,89,,16495,20,0,17,1,103,,16496,20,0,17,1,23,,16497,20,0,17,1,65,,16498,20,0,17,1,95,,16499,20,0,17,1,27,,16531,20,0,17,1,66,,16500,20,0,17,1,26,,16501,20,0,17,1,25,,16502,20,0,17,1,90,,16503,20,0,17,1,64,,16504,20,0,17,1,24,,16532,20,0,17,1,24,,16505,20,0,17,1,65,,16506,20,0,17,1,25,,16507,20,0,17,1,91,,16508,20,0,17,1,65,,16509,20,0,17,1,25,,16510,20,0,17,1,25,,16511,20,0,17,1,63,,16512,20,0,17,1,25,,16513,20,0,17,1,87,,16514,20,0,17,1,22,,16515,20,0,17,1,62,,16516,20,0,17,1,22,,16517,20,0,17,1,23,,16518,20,0,17,1,69,,16519,20,0,17,1,30,,16520,20,0,17,1,65,,16521,20,0,17,1,25,,16522,20,0,17,1,70,,16523,20,0,17,1,29,,16524,20,0,17,1,72,,16525,20,0,17,1,34,,16526,20,0,17,1,74,,16527,20,0,17,1,73,,16528,20,0,17,1
3901,'CPHoliday1',647,,22243,68,0,18 12,1,78,,22237,68,0,18 12,1,83,,22232,68,0,18 12,1,38,,22228,68,0,18 12,1,81,,22244,68,0,18 12,1,83,,22235,68,0,18 12,1,42,,22233,68,0,18 12,1,84,,22227,68,0,18 12,1,83,,22242,68,0,18 12,1,85,,22236,68,0,18 12,1,47,,22229,68,0,18 12,1,85,,22226,68,0,18 12,1,85,,22245,68,0,18 12,1,85,,22239,68,0,18 12,1,45,,22230,68,0,18 12,1,83,,22225,68,0,18 12,1,85,,22246,68,0,18 12,1,84,,22238,68,0,18 12,1,40,,22231,68,0,18 12,1,84,,22224,68,0,18 12,1,82,,22241,68,0,18 12,1,40,,22240,68,0,18 12,1,81,,22234,68,0,18 12,1,75,,22223,68,0,18 12,1
3901,'CPSaturday',855,,22251,68,0,18 12,1,287,,22250,68,0,18 12,1,302,,22249,68,0,18 12,1,272,,22252,68,0,18 12,1,30,,22248,68,0,18 12,1,260,,22253,68,0,18 12,1,28,,22247,68,0,18 12,1,207,,22254,68,0,18 12,1
3901,'CPSunday',647,,22275,68,0,18 12,1,78,,22269,68,0,18 12,1,83,,22264,68,0,18 12,1,38,,22260,68,0,18 12,1,81,,22276,68,0,18 12,1,83,,22267,68,0,18 12,1,42,,22265,68,0,18 12,1,84,,22259,68,0,18 12,1,83,,22274,68,0,18 12,1,85,,22268,68,0,18 12,1,47,,22261,68,0,18 12,1,85,,22258,68,0,18 12,1,85,,22277,68,0,18 12,1,85,,22271,68,0,18 12,1,45,,22262,68,0,18 12,1,83,,22257,68,0,18 12,1,85,,22278,68,0,18 12,1,84,,22270,68,0,18 12,1,40,,22263,68,0,18 12,1,84,,22256,68,0,18 12,1,82,,22273,68,0,18 12,1,40,,22272,68,0,18 12,1,81,,22266,68,0,18 12,1,75,,22255,68,0,18 12,1
3901,'MASaturday',646,,22302,68,0,18 12,1,65,,22301,68,0,18 12,1,28,,22295,68,0,18 12,1,66,,22294,68,0,18 12,1,25,,22305,68,0,18 12,1,91,,22296,68,0,18 12,1,28,,22289,68,0,18 12,1,66,,22287,68,0,18 12,1,30,,22288,68,0,18 12,1,68,,22304,68,0,18 12,1,98,,22300,68,0,18 12,1,31,,22290,68,0,18 12,1,71,,22284,68,0,18 12,1,30,,22282,68,0,18 12,1,71,,22303,68,0,18 12,1,100,,22299,68,0,18 12,1,30,,22293,68,0,18 12,1,71,,22285,68,0,18 12,1,30,,22280,68,0,18 12,1,169,,22297,68,0,18 12,1,27,,22292,68,0,18 12,1,69,,22283,68,0,18 12,1,30,,22279,68,0,18 12,1,162,,22298,68,0,18 12,1,25,,22291,68,0,18 12,1,26,,22286,68,0,18 12,1,64,,22281,68,0,18 12,1
3901,'MAWeekday',518,,22306,36,0,18 12,1,92,,22307,69,0,18 12,1,25,,22308,69,0,18 12,1,24,,22309,69,0,18 12,1,62,,22310,69,0,18 12,1,19,,22311,69,0,18 12,1,61,,22312,69,0,18 12,1,19,,22313,69,0,18 12,1,20,,22314,69,0,18 12,1,63,,22315,69,0,18 12,1,24,,22316,69,0,18 12,1,20,,22317,68,0,18 12,1,71,,22318,68,0,18 12,1,35,,22319,68,0,18 12,1,77,,22320,68,0,18 12,1,77,,22321,68,0,18 12,1,38,,22322,68,0,18 12,1,77,,22323,68,0,18 12,1,36,,22324,68,0,18 12,1,74,,22325,68,0,18 12,1,25,,22326,68,0,18 12,1,69,,22327,69,0,18 12,1,20,,22328,69,0,18 12,1,61,,22329,69,0,18 12,1,21,,22330,69,0,18 12,1,22,,22331,69,0,18 12,1,58,,22332,69,0,18 12,1,19,,22333,69,0,18 12,1,17,,22334,69,0,18 12,1,59,,22335,69,0,18 12,1,21,,22336,69,0,18 12,1,22,,22337,69,0,18 12,1,60,,22338,69,0,18 12,1,21,,22339,69,0,18 12,1,16,,22340,68,0,18 12,1,62,,22341,68,0,18 12,1,22,,22342,68,0,18 12,1,18,,22343,68,0,18 12,1,75,,22344,68,0,18 12,1,37,,22345,68,0,18 12,1,81,,22346,68,0,18 12,1,80,,22347,68,0,18 12,1,37,,22348,68,0,18 12,1,75,,22349,68,0,18 12,1,73,,22350,68,0,18 12,1,33,,22351,68,0,18 12,1,74,,22352,68,0,18 12,1
4304,'CPWeekday',1514,,23037,61,0,18 12,1,42,,23035,61,0,18 12,1,83,,23040,61,0,18 12,1,81,,23042,61,0,18 12,1,81,,23038,61,0,18 12,1,40,,23036,61,0,18 12,1,80,,23041,61,0,18 12,1,80,,23043,61,0,18 12,1,39,,23039,61,0,18 12,1
