4503,'CPHoliday1',818,,37598,20,0,5,1,35,,37599,20,0,5,1,75,,37600,20,0,5,1,75,,37601,20,0,5,1,36,,37602,20,0,5,1,75,,37603,20,0,5,1,40,,37604,20,0,5,1,80,,37605,20,0,5,1,81,,37606,20,0,5,1,40,,37607,20,0,5,1,81,,37608,20,0,5,1,80,,37609,20,0,5,1,40,,37610,20,0,5,1,80,,37611,20,0,5,1,80,,37612,20,0,5,1,38,,37613,20,0,5,1,80,,37614,20,0,5,1,80,,37615,20,0,5,1,40,,37616,20,0,5,1,80,,37617,20,0,5,1,79,,37618,20,0,5,1,35,,37619,20,0,5,1,75,,37620,20,0,5,1
4503,'CPSaturday',644,,37621,20,0,5,1,75,,37622,20,0,5,1,35,,37623,20,0,5,1,75,,37624,20,0,5,1,80,,37625,20,0,5,1,40,,37626,20,0,5,1,80,,37627,20,0,5,1,80,,37628,20,0,5,1,40,,37629,20,0,5,1,83,,37630,20,0,5,1,83,,37631,20,0,5,1,42,,37632,20,0,5,1,82,,37633,20,0,5,1,83,,37634,20,0,5,1,82,,37635,20,0,5,1,42,,37636,20,0,5,1,82,,37637,20,0,5,1,82,,37638,20,0,5,1,41,,37639,20,0,5,1,80,,37640,20,0,5,1,78,,37641,20,0,5,1,37,,37642,20,0,5,1,78,,37643,20,0,5,1,35,,37644,20,0,5,1,84,,37645,20,0,5,1
4503,'CPSunday',818,,37646,20,0,5,1,35,,37647,20,0,5,1,75,,37648,20,0,5,1,75,,37649,20,0,5,1,36,,37650,20,0,5,1,75,,37651,20,0,5,1,40,,37652,20,0,5,1,80,,37653,20,0,5,1,81,,37654,20,0,5,1,40,,37655,20,0,5,1,81,,37656,20,0,5,1,80,,37657,20,0,5,1,40,,37658,20,0,5,1,80,,37659,20,0,5,1,80,,37660,20,0,5,1,38,,37661,20,0,5,1,80,,37662,20,0,5,1,80,,37663,20,0,5,1,40,,37664,20,0,5,1,80,,37665,20,0,5,1,79,,37666,20,0,5,1,35,,37667,20,0,5,1,75,,37668,20,0,5,1
4503,'CPWeekday',504,,37670,20,0,5,1,40,,37671,20,0,5,1,70,,37673,20,0,5,1,39,,37675,20,0,5,1,84,,37677,20,0,5,1,80,,37679,20,0,5,1,34,,37681,20,0,5,1,82,,37683,20,0,5,1,18,,37684,20,0,5,1,64,,37685,20,0,5,1,32,,37686,20,0,5,1,72,,37687,20,0,5,1,32,,37688,20,0,5,1,72,,37689,20,0,5,1,32,,37690,20,0,5,1,70,,37691,20,0,5,1,30,,37692,20,0,5,1,89,,37694,20,0,5,1,75,,37696,20,0,5,1,81,,37698,20,0,5,1,38,,37700,20,0,5,1,65,,37669,20,0,5,1,11,,37702,20,0,5,1,35,,37704,20,0,5,1,74,,37706,20,0,5,1,82,,37708,20,0,5,1,22,,37709,20,0,5,1,21,,37710,20,0,5,1,62,,37711,20,0,5,1,22,,37712,20,0,5,1,23,,37713,20,0,5,1,68,,37714,20,0,5,1,28,,37715,20,0,5,1,66,,37716,20,0,5,1,28,,37717,20,0,5,1,68,,37718,20,0,5,1,30,,37719,20,0,5,1,69,,37720,20,0,5,1
4504,'CPHoliday1',818,,37721,33,0,6 7,1,35,,37722,33,0,6 7,1,76,,37723,33,0,6 7,1,76,,37724,33,0,6 7,1,35,,37725,33,0,6 7,1,77,,37726,33,0,6 7,1,40,,37727,33,0,6 7,1,80,,37728,33,0,6 7,1,80,,37729,33,0,6 7,1,41,,37730,33,0,6 7,1,80,,37731,33,0,6 7,1,80,,37732,33,0,6 7,1,40,,37733,33,0,6 7,1,80,,37734,33,0,6 7,1,80,,37735,33,0,6 7,1,38,,37736,33,0,6 7,1,79,,37737,33,0,6 7,1,80,,37738,33,0,6 7,1,40,,37739,33,0,6 7,1,79,,37740,33,0,6 7,1,79,,37741,33,0,6 7,1,39,,37742,33,0,6 7,1
4504,'CPSaturday',609,,37743,33,0,6 7,1,36,,37744,33,0,6 7,1,77,,37745,33,0,6 7,1,35,,37746,33,0,6 7,1,79,,37747,33,0,6 7,1,74,,37748,33,0,6 7,1,41,,37749,33,0,6 7,1,81,,37750,33,0,6 7,1,80,,37751,33,0,6 7,1,42,,37752,33,0,6 7,1,83,,37753,33,0,6 7,1,82,,37754,33,0,6 7,1,83,,37755,33,0,6 7,1,41,,37756,33,0,6 7,1,82,,37757,33,0,6 7,1,81,,37758,33,0,6 7,1,42,,37759,33,0,6 7,1,79,,37760,33,0,6 7,1,82,,37761,33,0,6 7,1,42,,37762,33,0,6 7,1,79,,37763,33,0,6 7,1,79,,37764,33,0,6 7,1,40,,37765,33,0,6 7,1,75,,37766,33,0,6 7,1,34,,37767,33,0,6 7,1
4504,'CPSunday',818,,37768,33,0,6 7,1,35,,37769,33,0,6 7,1,76,,37770,33,0,6 7,1,76,,37771,33,0,6 7,1,35,,37772,33,0,6 7,1,77,,37773,33,0,6 7,1,40,,37774,33,0,6 7,1,80,,37775,33,0,6 7,1,80,,37776,33,0,6 7,1,41,,37777,33,0,6 7,1,80,,37778,33,0,6 7,1,80,,37779,33,0,6 7,1,40,,37780,33,0,6 7,1,80,,37781,33,0,6 7,1,80,,37782,33,0,6 7,1,38,,37783,33,0,6 7,1,79,,37784,33,0,6 7,1,80,,37785,33,0,6 7,1,40,,37786,33,0,6 7,1,79,,37787,33,0,6 7,1,79,,37788,33,0,6 7,1,39,,37789,33,0,6 7,1
4504,'CPWeekday',504,,37790,33,0,6 7,1,33,,37791,33,0,6 7,1,73,,37792,33,0,6 7,1,43,,37794,33,0,6 7,1,81,,37796,33,0,6 7,1,77,,37798,33,0,6 7,1,42,,37800,33,0,6 7,1,76,,37802,33,0,6 7,1,82,,37804,33,0,6 7,1,98,,37806,33,0,6 7,1,31,,37807,33,0,6 7,1,73,,37808,33,0,6 7,1,33,,37809,33,0,6 7,1,72,,37810,33,0,6 7,1,32,,37811,33,0,6 7,1,60,,37812,33,0,6 7,1,23,,37813,33,0,6 7,1,20,,37814,33,0,6 7,1,61,,37815,33,0,6 7,1,34,,37817,33,0,6 7,1,80,,37819,33,0,6 7,1,76,,37821,33,0,6 7,1,35,,37823,33,0,6 7,1,76,,37825,33,0,6 7,1,34,,37827,33,0,6 7,1,75,,37829,33,0,6 7,1,31,,37831,33,0,6 7,1,56,,37832,33,0,6 7,1,19,,37833,33,0,6 7,1,19,,37834,33,0,6 7,1,62,,37835,33,0,6 7,1,28,,37836,33,0,6 7,1,69,,37837,33,0,6 7,1,30,,37838,33,0,6 7,1,70,,37839,33,0,6 7,1,30,,37840,33,0,6 7,1
7101,'CPWeekday',1626,,40156,7,0,43 44,1,20,,40157,7,0,43 44,1,60,,40160,7,0,43 44,1,20,,40158,7,0,43 44,1,30,,40159,7,0,43 44,1
7102,'CPWeekday',802,,40161,24,0,63 64,1,26,,40163,24,0,63 64,1,24,,40162,24,0,63 64,1
