902,'CPHoliday1',613,,17015,2,0,8 9 10,1,45,,17014,2,0,8 9 10,1,86,,17013,2,0,8 9 10,1,89,,17012,2,0,8 9 10,1,89,,17006,2,0,8 9 10,1,89,,17005,2,0,8 9 10,1,48,,17011,2,0,8 9 10,1,77,,17002,2,0,8 9 10,1,76,,17000,2,0,8 9 10,1,36,,17010,2,0,8 9 10,1,76,,17003,2,0,8 9 10,1,77,,17004,2,0,8 9 10,1,37,,17007,2,0,8 9 10,1,78,,16995,2,0,8 9 10,1,38,,16996,2,0,8 9 10,1,77,,17009,2,0,8 9 10,1,77,,16994,2,0,8 9 10,1,37,,16998,2,0,8 9 10,1,77,,17008,2,0,8 9 10,1,78,,16993,2,0,8 9 10,1,47,,16997,2,0,8 9 10,1,94,,16992,2,0,8 9 10,1,90,,16999,2,0,8 9 10,1,90,,16991,2,0,8 9 10,1,90,,17001,2,0,8 9 10,1
902,'CPSaturday',603,,17049,2,0,8 9 10,1,30,,17050,2,0,8 9 10,1,71,,17048,2,0,8 9 10,1,31,,17046,2,0,8 9 10,1,73,,17047,2,0,8 9 10,1,34,,17035,2,0,8 9 10,1,74,,17043,2,0,8 9 10,1,35,,17034,2,0,8 9 10,1,73,,17026,2,0,8 9 10,1,35,,17037,2,0,8 9 10,1,76,,17030,2,0,8 9 10,1,77,,17023,2,0,8 9 10,1,37,,17038,2,0,8 9 10,1,78,,17029,2,0,8 9 10,1,77,,17022,2,0,8 9 10,1,40,,17039,2,0,8 9 10,1,79,,17031,2,0,8 9 10,1,78,,17021,2,0,8 9 10,1,38,,17040,2,0,8 9 10,1,79,,17032,2,0,8 9 10,1,37,,17020,2,0,8 9 10,1,77,,17041,2,0,8 9 10,1,75,,17024,2,0,8 9 10,1,35,,17019,2,0,8 9 10,1,75,,17042,2,0,8 9 10,1,35,,17027,2,0,8 9 10,1,74,,17018,2,0,8 9 10,1,74,,17044,2,0,8 9 10,1,34,,17025,2,0,8 9 10,1,73,,17017,2,0,8 9 10,1,34,,17036,2,0,8 9 10,1,74,,17028,2,0,8 9 10,1,30,,17016,2,0,8 9 10,1,67,,17045,2,0,8 9 10,1,27,,17033,2,0,8 9 10,1
902,'CPSunday',613,,17075,2,0,8 9 10,1,45,,17074,2,0,8 9 10,1,86,,17073,2,0,8 9 10,1,89,,17072,2,0,8 9 10,1,89,,17066,2,0,8 9 10,1,89,,17065,2,0,8 9 10,1,48,,17071,2,0,8 9 10,1,77,,17062,2,0,8 9 10,1,76,,17060,2,0,8 9 10,1,36,,17070,2,0,8 9 10,1,76,,17063,2,0,8 9 10,1,77,,17064,2,0,8 9 10,1,37,,17067,2,0,8 9 10,1,78,,17055,2,0,8 9 10,1,38,,17056,2,0,8 9 10,1,77,,17069,2,0,8 9 10,1,77,,17054,2,0,8 9 10,1,37,,17058,2,0,8 9 10,1,77,,17068,2,0,8 9 10,1,78,,17053,2,0,8 9 10,1,47,,17057,2,0,8 9 10,1,94,,17052,2,0,8 9 10,1,90,,17059,2,0,8 9 10,1,90,,17051,2,0,8 9 10,1,90,,17061,2,0,8 9 10,1
902,'CPWeekday',501,,17120,2,0,8 9 10,1,26,,17121,2,0,8 9 10,1,22,,17122,2,0,8 9 10,1,61,,17123,2,0,8 9 10,1,23,,17124,2,0,8 9 10,1,19,,17114,2,0,8 9 10,1,63,,17116,2,0,8 9 10,1,22,,17118,2,0,8 9 10,1,67,,17117,2,0,8 9 10,1,20,,17119,2,0,8 9 10,1,28,,17115,2,0,8 9 10,1,67,,17109,2,0,8 9 10,1,25,,17112,2,0,8 9 10,1,65,,17111,2,0,8 9 10,1,20,,17113,2,0,8 9 10,1,19,,17108,2,0,8 9 10,1,69,,17110,2,0,8 9 10,1,30,,17106,2,0,8 9 10,1,70,,17107,2,0,8 9 10,1,30,,17104,2,0,8 9 10,1,69,,17105,2,0,8 9 10,1,28,,17103,2,0,8 9 10,1,59,,17102,2,0,8 9 10,1,19,,17101,2,0,8 9 10,1,27,,17100,2,0,8 9 10,1,70,,17099,2,0,8 9 10,1,30,,17098,2,0,8 9 10,1,65,,17097,2,0,8 9 10,1,25,,17096,2,0,8 9 10,1,67,,17095,2,0,8 9 10,1,20,,17094,2,0,8 9 10,1,28,,17093,2,0,8 9 10,1,70,,17092,2,0,8 9 10,1,28,,17086,2,0,8 9 10,1,65,,17087,2,0,8 9 10,1,24,,17083,2,0,8 9 10,1,72,,17082,2,0,8 9 10,1,29,,17081,2,0,8 9 10,1,71,,17088,2,0,8 9 10,1,29,,17084,2,0,8 9 10,1,67,,17078,2,0,8 9 10,1,27,,17077,2,0,8 9 10,1,67,,17089,2,0,8 9 10,1,25,,17085,2,0,8 9 10,1,27,,17079,2,0,8 9 10,1,66,,17076,2,0,8 9 10,1,27,,17090,2,0,8 9 10,1,84,,17080,2,0,8 9 10,1,84,,17091,2,0,8 9 10,1
2804,'CPHoliday1',801,,20556,2,0,48,1,28,,20557,2,0,48,1,28,,20558,2,0,48,1,68,,20559,2,0,48,1,29,,20560,2,0,48,1,68,,20561,2,0,48,1,30,,20562,2,0,48,1,70,,20563,2,0,48,1,30,,20564,2,0,48,1,70,,20565,2,0,48,1,30,,20566,2,0,48,1,70,,20567,2,0,48,1,30,,20568,2,0,48,1,70,,20569,2,0,48,1,30,,20570,2,0,48,1,70,,20571,2,0,48,1,30,,20572,2,0,48,1,70,,20573,2,0,48,1,30,,20574,2,0,48,1,70,,20575,2,0,48,1,30,,20576,2,0,48,1,70,,20577,2,0,48,1,25,,20578,2,0,48,1,65,,20579,2,0,48,1,25,,20580,2,0,48,1
2804,'CPSaturday',731,,20602,2,0,48,1,28,,20601,2,0,48,1,68,,20595,2,0,48,1,28,,20596,2,0,48,1,69,,20588,2,0,48,1,28,,20603,2,0,48,1,70,,20584,2,0,48,1,30,,20607,2,0,48,1,70,,20590,2,0,48,1,30,,20604,2,0,48,1,70,,20581,2,0,48,1,30,,20605,2,0,48,1,70,,20589,2,0,48,1,30,,20598,2,0,48,1,70,,20587,2,0,48,1,30,,20606,2,0,48,1,70,,20591,2,0,48,1,30,,20608,2,0,48,1,70,,20582,2,0,48,1,30,,20599,2,0,48,1,70,,20583,2,0,48,1,30,,20597,2,0,48,1,70,,20592,2,0,48,1,30,,20600,2,0,48,1,70,,20593,2,0,48,1,30,,20609,2,0,48,1,70,,20585,2,0,48,1,30,,20610,2,0,48,1,70,,20586,2,0,48,1,30,,20611,2,0,48,1,74,,20594,2,0,48,1,75,,20612,2,0,48,1
2804,'CPSunday',801,,20613,2,0,48,1,28,,20614,2,0,48,1,28,,20615,2,0,48,1,68,,20616,2,0,48,1,29,,20617,2,0,48,1,68,,20618,2,0,48,1,30,,20619,2,0,48,1,70,,20620,2,0,48,1,30,,20621,2,0,48,1,70,,20622,2,0,48,1,30,,20623,2,0,48,1,70,,20624,2,0,48,1,30,,20625,2,0,48,1,70,,20626,2,0,48,1,30,,20627,2,0,48,1,70,,20628,2,0,48,1,30,,20629,2,0,48,1,70,,20630,2,0,48,1,30,,20631,2,0,48,1,70,,20632,2,0,48,1,30,,20633,2,0,48,1,70,,20634,2,0,48,1,25,,20635,2,0,48,1,65,,20636,2,0,48,1,25,,20637,2,0,48,1
2804,'CPWeekday',511,,20638,2,0,48,1,14,,20639,2,0,48,1,15,,20640,2,0,48,1,14,,20641,2,0,48,1,52,,20642,2,0,48,1,12,,20643,2,0,48,1,16,,20644,2,0,48,1,15,,20645,2,0,48,1,55,,20646,2,0,48,1,14,,20647,2,0,48,1,14,,20648,2,0,48,1,17,,20649,2,0,48,1,57,,20650,2,0,48,1,16,,20651,2,0,48,1,15,,20652,2,0,48,1,20,,20653,2,0,48,1,60,,20654,2,0,48,1,20,,20655,2,0,48,1,20,,20656,2,0,48,1,60,,20657,2,0,48,1,20,,20658,2,0,48,1,20,,20659,2,0,48,1,60,,20660,2,0,48,1,20,,20661,2,0,48,1,20,,20662,2,0,48,1,60,,20663,2,0,48,1,20,,20664,2,0,48,1,20,,20665,2,0,48,1,60,,20666,2,0,48,1,20,,20667,2,0,48,1,20,,20668,2,0,48,1,60,,20669,2,0,48,1,20,,20670,2,0,48,1,20,,20671,2,0,48,1,60,,20672,2,0,48,1,15,,20673,2,0,48,1,16,,20674,2,0,48,1,58,,20675,2,0,48,1,18,,20676,2,0,48,1,18,,20677,2,0,48,1,58,,20678,2,0,48,1,18,,20679,2,0,48,1,18,,20680,2,0,48,1,18,,20681,2,0,48,1,60,,20682,2,0,48,1,16,,20683,2,0,48,1,18,,20684,2,0,48,1,58,,20685,2,0,48,1,18,,20686,2,0,48,1,18,,20687,2,0,48,1,60,,20688,2,0,48,1,20,,20689,2,0,48,1,20,,20690,2,0,48,1,60,,20691,2,0,48,1,28,,20692,2,0,48,1,27,,20693,2,0,48,1,66,,20694,2,0,48,1,26,,20695,2,0,48,1,64,,20696,2,0,48,1,24,,20697,2,0,48,1,22,,20698,2,0,48,1,62,,20699,2,0,48,1
6103,'CPHoliday1',541,,24410,2,0,15 16,1,80,,24411,2,0,15 16,1,83,,24412,2,0,15 16,1,42,,24413,2,0,15 16,1,62,,24414,2,0,15 16,1,22,,24415,2,0,15 16,1,18,,24416,2,0,15 16,1,58,,24417,2,0,15 16,1,18,,24418,2,0,15 16,1,20,,24419,2,0,15 16,1,62,,24420,2,0,15 16,1,22,,24421,2,0,15 16,1,20,,24422,2,0,15 16,1,60,,24423,2,0,15 16,1,20,,24424,2,0,15 16,1,22,,24425,2,0,15 16,1,62,,24426,2,0,15 16,1,22,,24427,2,0,15 16,1,24,,24428,2,0,15 16,1,64,,24429,2,0,15 16,1,15,,24430,2,0,15 16,1,15,,24431,2,0,15 16,1,55,,24432,2,0,15 16,1,15,,24433,2,0,15 16,1,18,,24434,2,0,15 16,1,18,,24435,2,0,15 16,1,60,,24436,2,0,15 16,1,18,,24437,2,0,15 16,1,18,,24438,2,0,15 16,1,56,,24439,2,0,15 16,1,16,,24440,2,0,15 16,1,16,,24441,2,0,15 16,1,8,,24442,2,0,15 16,1,8,,24443,2,0,15 16,1,56,,24444,2,0,15 16,1,9,,24445,2,0,15 16,1,9,,24446,2,0,15 16,1,6,,24447,2,0,15 16,1,12,,24448,2,0,15 16,1,58,,24449,2,0,15 16,1,16,,24450,2,0,15 16,1,16,,24451,2,0,15 16,1,16,,24452,2,0,15 16,1,56,,24453,2,0,15 16,1,16,,24454,2,0,15 16,1,16,,24455,2,0,15 16,1,56,,24456,2,0,15 16,1,16,,24457,2,0,15 16,1,16,,24458,2,0,15 16,1,16,,24459,2,0,15 16,1,56,,24460,2,0,15 16,1,15,,24461,2,0,15 16,1,15,,24462,2,0,15 16,1,14,,24463,2,0,15 16,1,54,,24464,2,0,15 16,1,14,,24465,2,0,15 16,1,14,,24466,2,0,15 16,1,14,,24467,2,0,15 16,1,14,,24468,2,0,15 16,1,54,,24469,2,0,15 16,1,15,,24470,2,0,15 16,1,15,,24471,2,0,15 16,1,15,,24472,2,0,15 16,1,63,,24473,2,0,15 16,1,24,,24474,2,0,15 16,1,80,,24475,2,0,15 16,1,80,,24476,2,0,15 16,1
6103,'CPSaturday',526,,24543,2,0,15 16,1,30,,24542,2,0,15 16,1,70,,24547,2,0,15 16,1,20,,24541,2,0,15 16,1,61,,24540,2,0,15 16,1,20,,24534,2,0,15 16,1,20,,24533,2,0,15 16,1,60,,24546,2,0,15 16,1,20,,24532,2,0,15 16,1,20,,24527,2,0,15 16,1,60,,24526,2,0,15 16,1,20,,24525,2,0,15 16,1,20,,24544,2,0,15 16,1,60,,24529,2,0,15 16,1,20,,24516,2,0,15 16,1,20,,24515,2,0,15 16,1,60,,24520,2,0,15 16,1,20,,24514,2,0,15 16,1,18,,24545,2,0,15 16,1,58,,24531,2,0,15 16,1,20,,24513,2,0,15 16,1,20,,24512,2,0,15 16,1,60,,24517,2,0,15 16,1,20,,24506,2,0,15 16,1,15,,24507,2,0,15 16,1,15,,24548,2,0,15 16,1,55,,24530,2,0,15 16,1,15,,24505,2,0,15 16,1,15,,24503,2,0,15 16,1,18,,24504,2,0,15 16,1,58,,24522,2,0,15 16,1,18,,24498,2,0,15 16,1,15,,24509,2,0,15 16,1,56,,24549,2,0,15 16,1,12,,24494,2,0,15 16,1,12,,24537,2,0,15 16,1,14,,24495,2,0,15 16,1,14,,24493,2,0,15 16,1,54,,24502,2,0,15 16,1,15,,24523,2,0,15 16,1,14,,24491,2,0,15 16,1,15,,24510,2,0,15 16,1,55,,24550,2,0,15 16,1,14,,24490,2,0,15 16,1,14,,24536,2,0,15 16,1,14,,24489,2,0,15 16,1,52,,24492,2,0,15 16,1,12,,24501,2,0,15 16,1,12,,24524,2,0,15 16,1,14,,24486,2,0,15 16,1,18,,24511,2,0,15 16,1,58,,24483,2,0,15 16,1,16,,24538,2,0,15 16,1,16,,24487,2,0,15 16,1,56,,24500,2,0,15 16,1,15,,24521,2,0,15 16,1,15,,24482,2,0,15 16,1,15,,24508,2,0,15 16,1,55,,24481,2,0,15 16,1,15,,24539,2,0,15 16,1,15,,24488,2,0,15 16,1,15,,24497,2,0,15 16,1,55,,24518,2,0,15 16,1,15,,24479,2,0,15 16,1,16,,24478,2,0,15 16,1,16,,24528,2,0,15 16,1,56,,24484,2,0,15 16,1,16,,24496,2,0,15 16,1,15,,24519,2,0,15 16,1,14,,24480,2,0,15 16,1,54,,24477,2,0,15 16,1,14,,24535,2,0,15 16,1,14,,24485,2,0,15 16,1,18,,24499,2,0,15 16,1
6103,'CPSunday',541,,24551,2,0,15 16,1,80,,24552,2,0,15 16,1,83,,24553,2,0,15 16,1,42,,24554,2,0,15 16,1,62,,24555,2,0,15 16,1,22,,24556,2,0,15 16,1,18,,24557,2,0,15 16,1,58,,24558,2,0,15 16,1,18,,24559,2,0,15 16,1,20,,24560,2,0,15 16,1,62,,24561,2,0,15 16,1,22,,24562,2,0,15 16,1,20,,24563,2,0,15 16,1,60,,24564,2,0,15 16,1,20,,24565,2,0,15 16,1,22,,24566,2,0,15 16,1,62,,24567,2,0,15 16,1,22,,24568,2,0,15 16,1,24,,24569,2,0,15 16,1,64,,24570,2,0,15 16,1,15,,24571,2,0,15 16,1,15,,24572,2,0,15 16,1,55,,24573,2,0,15 16,1,15,,24574,2,0,15 16,1,18,,24575,2,0,15 16,1,18,,24576,2,0,15 16,1,60,,24577,2,0,15 16,1,18,,24578,2,0,15 16,1,18,,24579,2,0,15 16,1,56,,24580,2,0,15 16,1,16,,24581,2,0,15 16,1,16,,24582,2,0,15 16,1,8,,24583,2,0,15 16,1,8,,24584,2,0,15 16,1,56,,24585,2,0,15 16,1,9,,24586,2,0,15 16,1,9,,24587,2,0,15 16,1,6,,24588,2,0,15 16,1,12,,24589,2,0,15 16,1,58,,24590,2,0,15 16,1,16,,24591,2,0,15 16,1,16,,24592,2,0,15 16,1,16,,24593,2,0,15 16,1,56,,24594,2,0,15 16,1,16,,24595,2,0,15 16,1,16,,24596,2,0,15 16,1,56,,24597,2,0,15 16,1,16,,24598,2,0,15 16,1,16,,24599,2,0,15 16,1,16,,24600,2,0,15 16,1,56,,24601,2,0,15 16,1,15,,24602,2,0,15 16,1,15,,24603,2,0,15 16,1,14,,24604,2,0,15 16,1,54,,24605,2,0,15 16,1,14,,24606,2,0,15 16,1,14,,24607,2,0,15 16,1,14,,24608,2,0,15 16,1,14,,24609,2,0,15 16,1,54,,24610,2,0,15 16,1,15,,24611,2,0,15 16,1,15,,24612,2,0,15 16,1,15,,24613,2,0,15 16,1,63,,24614,2,0,15 16,1,24,,24615,2,0,15 16,1,80,,24616,2,0,15 16,1,80,,24617,2,0,15 16,1
6103,'CPWeekday',421,,24618,2,0,15 16,1,20,,24619,2,0,15 16,1,60,,24620,2,0,15 16,1,15,,24621,2,0,15 16,1,16,,24622,2,0,15 16,1,14,,24623,2,0,15 16,1,54,,24624,2,0,15 16,1,14,,24625,2,0,15 16,1,14,,24626,2,0,15 16,1,14,,24627,2,0,15 16,1,14,,24628,2,0,15 16,1,53,,24629,2,0,15 16,1,14,,24630,2,0,15 16,1,14,,24631,2,0,15 16,1,14,,24632,2,0,15 16,1,54,,24633,2,0,15 16,1,14,,24634,2,0,15 16,1,14,,24635,2,0,15 16,1,15,,24636,2,0,15 16,1,55,,24637,2,0,15 16,1,15,,24638,2,0,15 16,1,14,,24639,2,0,15 16,1,14,,24640,2,0,15 16,1,54,,24641,2,0,15 16,1,3,,24642,2,0,15 16,1,13,,24643,2,0,15 16,1,13,,24644,2,0,15 16,1,13,,24645,2,0,15 16,1,13,,24646,2,0,15 16,1,53,,24647,2,0,15 16,1,14,,24648,2,0,15 16,1,14,,24649,2,0,15 16,1,14,,24650,2,0,15 16,1,54,,24651,2,0,15 16,1,14,,24652,2,0,15 16,1,14,,24653,2,0,15 16,1,14,,24654,2,0,15 16,1,55,,24655,2,0,15 16,1,14,,24656,2,0,15 16,1,15,,24657,2,0,15 16,1,15,,24658,2,0,15 16,1,14,,24659,2,0,15 16,1,54,,24660,2,0,15 16,1,14,,24661,2,0,15 16,1,14,,24662,2,0,15 16,1,15,,24663,2,0,15 16,1,55,,24664,2,0,15 16,1,15,,24665,2,0,15 16,1,14,,24666,2,0,15 16,1,14,,24667,2,0,15 16,1,54,,24668,2,0,15 16,1,14,,24669,2,0,15 16,1,13,,24670,2,0,15 16,1,14,,24671,2,0,15 16,1,54,,24672,2,0,15 16,1,13,,24673,2,0,15 16,1,13,,24674,2,0,15 16,1,14,,24675,2,0,15 16,1,13,,24676,2,0,15 16,1,53,,24677,2,0,15 16,1,13,,24678,2,0,15 16,1,14,,24679,2,0,15 16,1,13,,24680,2,0,15 16,1,53,,24681,2,0,15 16,1,13,,24682,2,0,15 16,1,13,,24683,2,0,15 16,1,12,,24684,2,0,15 16,1,13,,24685,2,0,15 16,1,54,,24686,2,0,15 16,1,15,,24687,2,0,15 16,1,14,,24688,2,0,15 16,1,14,,24689,2,0,15 16,1,53,,24690,2,0,15 16,1,13,,24691,2,0,15 16,1,13,,24692,2,0,15 16,1,14,,24693,2,0,15 16,1,15,,24694,2,0,15 16,1,55,,24695,2,0,15 16,1,15,,24696,2,0,15 16,1,15,,24697,2,0,15 16,1,16,,24698,2,0,15 16,1,55,,24699,2,0,15 16,1,16,,24700,2,0,15 16,1,15,,24701,2,0,15 16,1,55,,24702,2,0,15 16,1,14,,24703,2,0,15 16,1,20,,24704,2,0,15 16,1,19,,24705,2,0,15 16,1,60,,24706,2,0,15 16,1,20,,24707,2,0,15 16,1,20,,24708,2,0,15 16,1,60,,24709,2,0,15 16,1,20,,24710,2,0,15 16,1
6603,'CPHoliday1',455,,25003,2,0,15 16,1,64,,25004,2,0,15 16,1,24,,25005,2,0,15 16,1,63,,25006,2,0,15 16,1,23,,25007,2,0,15 16,1,23,,25008,2,0,15 16,1,63,,25009,2,0,15 16,1,23,,25010,2,0,15 16,1,62,,25011,2,0,15 16,1,17,,25012,2,0,15 16,1,19,,25013,2,0,15 16,1,18,,25014,2,0,15 16,1,59,,25015,2,0,15 16,1,18,,25016,2,0,15 16,1,18,,25017,2,0,15 16,1,58,,25018,2,0,15 16,1,19,,25019,2,0,15 16,1,19,,25020,2,0,15 16,1,59,,25021,2,0,15 16,1,19,,25022,2,0,15 16,1,19,,25023,2,0,15 16,1,59,,25024,2,0,15 16,1,19,,25025,2,0,15 16,1,14,,25026,2,0,15 16,1,14,,25027,2,0,15 16,1,54,,25028,2,0,15 16,1,14,,25029,2,0,15 16,1,14,,25030,2,0,15 16,1,14,,25031,2,0,15 16,1,14,,25032,2,0,15 16,1,53,,25033,2,0,15 16,1,13,,25034,2,0,15 16,1,14,,25035,2,0,15 16,1,14,,25036,2,0,15 16,1,54,,25037,2,0,15 16,1,14,,25038,2,0,15 16,1,13,,25039,2,0,15 16,1,13,,25040,2,0,15 16,1,54,,25041,2,0,15 16,1,14,,25042,2,0,15 16,1,14,,25043,2,0,15 16,1,14,,25044,2,0,15 16,1,14,,25045,2,0,15 16,1,54,,25046,2,0,15 16,1,14,,25047,2,0,15 16,1,14,,25048,2,0,15 16,1,13,,25049,2,0,15 16,1,53,,25050,2,0,15 16,1,13,,25051,2,0,15 16,1,13,,25052,2,0,15 16,1,13,,25053,2,0,15 16,1,13,,25054,2,0,15 16,1,54,,25055,2,0,15 16,1,14,,25056,2,0,15 16,1,15,,25057,2,0,15 16,1,15,,25058,2,0,15 16,1,56,,25059,2,0,15 16,1,16,,25060,2,0,15 16,1,14,,25061,2,0,15 16,1,14,,25062,2,0,15 16,1,54,,25063,2,0,15 16,1,32,,25064,2,0,15 16,1,73,,25065,2,0,15 16,1,34,,25066,2,0,15 16,1,73,,25067,2,0,15 16,1,33,,25068,2,0,15 16,1,73,,25069,2,0,15 16,1,33,,25070,2,0,15 16,1
6603,'CPSaturday',443,,25071,2,0,15 16,1,63,,25088,2,0,15 16,1,23,,25103,2,0,15 16,1,24,,25072,2,0,15 16,1,64,,25091,2,0,15 16,1,24,,25101,2,0,15 16,1,64,,25073,2,0,15 16,1,25,,25090,2,0,15 16,1,25,,25102,2,0,15 16,1,66,,25074,2,0,15 16,1,20,,25145,2,0,15 16,1,16,,25089,2,0,15 16,1,56,,25111,2,0,15 16,1,16,,25147,2,0,15 16,1,16,,25075,2,0,15 16,1,56,,25146,2,0,15 16,1,16,,25092,2,0,15 16,1,14,,25114,2,0,15 16,1,13,,25141,2,0,15 16,1,13,,25143,2,0,15 16,1,53,,25076,2,0,15 16,1,13,,25137,2,0,15 16,1,13,,25093,2,0,15 16,1,14,,25113,2,0,15 16,1,54,,25139,2,0,15 16,1,14,,25144,2,0,15 16,1,14,,25077,2,0,15 16,1,14,,25138,2,0,15 16,1,54,,25087,2,0,15 16,1,14,,25104,2,0,15 16,1,14,,25140,2,0,15 16,1,14,,25142,2,0,15 16,1,14,,25078,2,0,15 16,1,54,,25135,2,0,15 16,1,14,,25094,2,0,15 16,1,14,,25100,2,0,15 16,1,14,,25133,2,0,15 16,1,54,,25136,2,0,15 16,1,15,,25079,2,0,15 16,1,15,,25134,2,0,15 16,1,15,,25096,2,0,15 16,1,55,,25106,2,0,15 16,1,15,,25132,2,0,15 16,1,15,,25131,2,0,15 16,1,15,,25080,2,0,15 16,1,55,,25130,2,0,15 16,1,15,,25097,2,0,15 16,1,15,,25105,2,0,15 16,1,15,,25128,2,0,15 16,1,55,,25129,2,0,15 16,1,15,,25081,2,0,15 16,1,15,,25127,2,0,15 16,1,15,,25095,2,0,15 16,1,54,,25108,2,0,15 16,1,14,,25124,2,0,15 16,1,14,,25120,2,0,15 16,1,14,,25082,2,0,15 16,1,54,,25121,2,0,15 16,1,14,,25098,2,0,15 16,1,14,,25109,2,0,15 16,1,14,,25119,2,0,15 16,1,13,,25118,2,0,15 16,1,53,,25083,2,0,15 16,1,13,,25125,2,0,15 16,1,13,,25099,2,0,15 16,1,13,,25112,2,0,15 16,1,60,,25117,2,0,15 16,1,18,,25084,2,0,15 16,1,18,,25123,2,0,15 16,1,58,,25110,2,0,15 16,1,18,,25116,2,0,15 16,1,18,,25085,2,0,15 16,1,18,,25122,2,0,15 16,1,55,,25107,2,0,15 16,1,16,,25115,2,0,15 16,1,16,,25086,2,0,15 16,1,16,,25126,2,0,15 16,1
6603,'CPSunday',455,,25148,2,0,15 16,1,64,,25149,2,0,15 16,1,24,,25150,2,0,15 16,1,63,,25151,2,0,15 16,1,23,,25152,2,0,15 16,1,23,,25153,2,0,15 16,1,63,,25154,2,0,15 16,1,23,,25155,2,0,15 16,1,62,,25156,2,0,15 16,1,17,,25157,2,0,15 16,1,19,,25158,2,0,15 16,1,18,,25159,2,0,15 16,1,59,,25160,2,0,15 16,1,18,,25161,2,0,15 16,1,18,,25162,2,0,15 16,1,58,,25163,2,0,15 16,1,19,,25164,2,0,15 16,1,19,,25165,2,0,15 16,1,59,,25166,2,0,15 16,1,19,,25167,2,0,15 16,1,19,,25168,2,0,15 16,1,59,,25169,2,0,15 16,1,19,,25170,2,0,15 16,1,14,,25171,2,0,15 16,1,14,,25172,2,0,15 16,1,54,,25173,2,0,15 16,1,14,,25174,2,0,15 16,1,14,,25175,2,0,15 16,1,14,,25176,2,0,15 16,1,14,,25177,2,0,15 16,1,53,,25178,2,0,15 16,1,13,,25179,2,0,15 16,1,14,,25180,2,0,15 16,1,14,,25181,2,0,15 16,1,54,,25182,2,0,15 16,1,14,,25183,2,0,15 16,1,13,,25184,2,0,15 16,1,13,,25185,2,0,15 16,1,54,,25186,2,0,15 16,1,14,,25187,2,0,15 16,1,14,,25188,2,0,15 16,1,14,,25189,2,0,15 16,1,14,,25190,2,0,15 16,1,54,,25191,2,0,15 16,1,14,,25192,2,0,15 16,1,14,,25193,2,0,15 16,1,13,,25194,2,0,15 16,1,53,,25195,2,0,15 16,1,13,,25196,2,0,15 16,1,13,,25197,2,0,15 16,1,13,,25198,2,0,15 16,1,13,,25199,2,0,15 16,1,54,,25200,2,0,15 16,1,14,,25201,2,0,15 16,1,15,,25202,2,0,15 16,1,15,,25203,2,0,15 16,1,56,,25204,2,0,15 16,1,16,,25205,2,0,15 16,1,14,,25206,2,0,15 16,1,14,,25207,2,0,15 16,1,54,,25208,2,0,15 16,1,32,,25209,2,0,15 16,1,73,,25210,2,0,15 16,1,34,,25211,2,0,15 16,1,73,,25212,2,0,15 16,1,33,,25213,2,0,15 16,1,73,,25214,2,0,15 16,1,33,,25215,2,0,15 16,1
6603,'CPWeekday',511,,25216,2,0,15 16,1,16,,25217,2,0,15 16,1,11,,25218,2,0,15 16,1,11,,25219,2,0,15 16,1,52,,25220,2,0,15 16,1,12,,25221,2,0,15 16,1,12,,25222,2,0,15 16,1,12,,25223,2,0,15 16,1,11,,25224,2,0,15 16,1,11,,25225,2,0,15 16,1,51,,25226,2,0,15 16,1,10,,25227,2,0,15 16,1,10,,25228,2,0,15 16,1,10,,25229,2,0,15 16,1,10,,25230,2,0,15 16,1,52,,25231,2,0,15 16,1,12,,25232,2,0,15 16,1,12,,25233,2,0,15 16,1,12,,25234,2,0,15 16,1,11,,25235,2,0,15 16,1,51,,25236,2,0,15 16,1,8,,25237,2,0,15 16,1,1,,25238,2,0,15 16,1,11,,25239,2,0,15 16,1,12,,25240,2,0,15 16,1,12,,25241,2,0,15 16,1,12,,25242,2,0,15 16,1,52,,25243,2,0,15 16,1,12,,25244,2,0,15 16,1,12,,25245,2,0,15 16,1,12,,25246,2,0,15 16,1,12,,25247,2,0,15 16,1,52,,25248,2,0,15 16,1,12,,25249,2,0,15 16,1,12,,25250,2,0,15 16,1,12,,25251,2,0,15 16,1,12,,25252,2,0,15 16,1,52,,25253,2,0,15 16,1,12,,25254,2,0,15 16,1,12,,25255,2,0,15 16,1,12,,25256,2,0,15 16,1,12,,25257,2,0,15 16,1,52,,25258,2,0,15 16,1,12,,25259,2,0,15 16,1,12,,25260,2,0,15 16,1,12,,25261,2,0,15 16,1,12,,25262,2,0,15 16,1,51,,25263,2,0,15 16,1,10,,25264,2,0,15 16,1,10,,25265,2,0,15 16,1,10,,25266,2,0,15 16,1,10,,25267,2,0,15 16,1,10,,25268,2,0,15 16,1,50,,25269,2,0,15 16,1,10,,25270,2,0,15 16,1,10,,25271,2,0,15 16,1,10,,25272,2,0,15 16,1,10,,25273,2,0,15 16,1,11,,25274,2,0,15 16,1,51,,25275,2,0,15 16,1,10,,25276,2,0,15 16,1,11,,25277,2,0,15 16,1,11,,25278,2,0,15 16,1,11,,25279,2,0,15 16,1,52,,25280,2,0,15 16,1,11,,25281,2,0,15 16,1,11,,25282,2,0,15 16,1,11,,25283,2,0,15 16,1,11,,25284,2,0,15 16,1,10,,25285,2,0,15 16,1,50,,25286,2,0,15 16,1,10,,25287,2,0,15 16,1,11,,25288,2,0,15 16,1,10,,25289,2,0,15 16,1,10,,25290,2,0,15 16,1,10,,25291,2,0,15 16,1,50,,25292,2,0,15 16,1,10,,25293,2,0,15 16,1,14,,25294,2,0,15 16,1,15,,25295,2,0,15 16,1,55,,25296,2,0,15 16,1,14,,25297,2,0,15 16,1,14,,25298,2,0,15 16,1,14,,25299,2,0,15 16,1,14,,25300,2,0,15 16,1,54,,25301,2,0,15 16,1,14,,25302,2,0,15 16,1,14,,25303,2,0,15 16,1,15,,25304,2,0,15 16,1,55,,25305,2,0,15 16,1,17,,25306,2,0,15 16,1,17,,25307,2,0,15 16,1,57,,25308,2,0,15 16,1,18,,25309,2,0,15 16,1,18,,25310,2,0,15 16,1,18,,25311,2,0,15 16,1,57,,25312,2,0,15 16,1,18,,25313,2,0,15 16,1,18,,25314,2,0,15 16,1,57,,25315,2,0,15 16,1
