1003,'CPHoliday1',824,,17152,45,0,5,1,31,,17151,45,0,5,1,72,,17150,45,0,5,1,73,,17149,45,0,5,1,33,,17148,45,0,5,1,73,,17147,45,0,5,1,36,,17146,45,0,5,1,75,,17145,45,0,5,1,35,,17144,45,0,5,1,75,,17143,45,0,5,1,76,,17142,45,0,5,1,35,,17141,45,0,5,1,77,,17140,45,0,5,1,35,,17139,45,0,5,1,75,,17138,45,0,5,1,75,,17137,45,0,5,1,36,,17133,45,0,5,1,74,,17135,45,0,5,1,36,,17132,45,0,5,1,75,,17131,45,0,5,1,33,,17130,45,0,5,1,74,,17136,45,0,5,1,74,,17129,45,0,5,1,34,,17127,45,0,5,1,73,,17126,45,0,5,1,31,,17134,45,0,5,1,72,,17128,45,0,5,1,30,,17125,45,0,5,1
1003,'CPSaturday',635,,17193,45,0,5,1,65,,17190,45,0,5,1,25,,17188,45,0,5,1,25,,17192,45,0,5,1,65,,17191,45,0,5,1,26,,17189,45,0,5,1,67,,17186,45,0,5,1,27,,17187,45,0,5,1,67,,17184,45,0,5,1,27,,17185,45,0,5,1,28,,17183,45,0,5,1,68,,17182,45,0,5,1,27,,17181,45,0,5,1,68,,17180,45,0,5,1,29,,17179,45,0,5,1,68,,17178,45,0,5,1,28,,17177,45,0,5,1,69,,17176,45,0,5,1,29,,17175,45,0,5,1,69,,17174,45,0,5,1,30,,17173,45,0,5,1,69,,17172,45,0,5,1,29,,17167,45,0,5,1,69,,17166,45,0,5,1,29,,17162,45,0,5,1,69,,17170,45,0,5,1,28,,17161,45,0,5,1,68,,17160,45,0,5,1,28,,17163,45,0,5,1,28,,17157,45,0,5,1,65,,17171,45,0,5,1,26,,17158,45,0,5,1,66,,17154,45,0,5,1,26,,17164,45,0,5,1,67,,17156,45,0,5,1,26,,17169,45,0,5,1,65,,17159,45,0,5,1,25,,17153,45,0,5,1,23,,17165,45,0,5,1,64,,17155,45,0,5,1,23,,17168,45,0,5,1
1003,'CPSunday',824,,17221,45,0,5,1,31,,17220,45,0,5,1,72,,17219,45,0,5,1,73,,17218,45,0,5,1,33,,17217,45,0,5,1,73,,17216,45,0,5,1,36,,17215,45,0,5,1,75,,17214,45,0,5,1,35,,17213,45,0,5,1,75,,17212,45,0,5,1,76,,17211,45,0,5,1,35,,17210,45,0,5,1,77,,17209,45,0,5,1,35,,17208,45,0,5,1,75,,17207,45,0,5,1,75,,17206,45,0,5,1,36,,17202,45,0,5,1,74,,17204,45,0,5,1,36,,17201,45,0,5,1,75,,17200,45,0,5,1,33,,17199,45,0,5,1,74,,17205,45,0,5,1,74,,17198,45,0,5,1,34,,17196,45,0,5,1,73,,17195,45,0,5,1,31,,17203,45,0,5,1,72,,17197,45,0,5,1,30,,17194,45,0,5,1
1003,'CPWeekday',533,,17268,45,0,5,1,21,,17267,45,0,5,1,62,,17269,45,0,5,1,26,,17270,45,0,5,1,63,,17266,45,0,5,1,24,,17265,45,0,5,1,26,,17264,45,0,5,1,66,,17262,45,0,5,1,26,,17263,45,0,5,1,66,,17261,45,0,5,1,26,,17260,45,0,5,1,66,,17258,45,0,5,1,25,,17259,45,0,5,1,24,,17257,45,0,5,1,65,,17256,45,0,5,1,25,,17255,45,0,5,1,65,,17254,45,0,5,1,25,,17253,45,0,5,1,25,,17252,45,0,5,1,65,,17251,45,0,5,1,25,,17250,45,0,5,1,66,,17249,45,0,5,1,27,,17247,45,0,5,1,65,,17248,45,0,5,1,27,,17241,45,0,5,1,25,,17238,45,0,5,1,61,,17237,45,0,5,1,21,,17245,45,0,5,1,62,,17236,45,0,5,1,23,,17234,45,0,5,1,24,,17232,45,0,5,1,64,,17233,45,0,5,1,25,,17231,45,0,5,1,20,,17229,45,0,5,1,59,,17244,45,0,5,1,21,,17240,45,0,5,1,20,,17228,45,0,5,1,61,,17227,45,0,5,1,22,,17230,45,0,5,1,63,,17226,45,0,5,1,34,,17242,45,0,5,1,70,,17239,45,0,5,1,32,,17223,45,0,5,1,73,,17224,45,0,5,1,31,,17243,45,0,5,1,70,,17235,45,0,5,1,29,,17222,45,0,5,1,69,,17225,45,0,5,1,25,,17246,45,0,5,1
3902,'CPHoliday1',740,,22372,39,0,5,1,80,,22367,39,0,5,1,80,,22361,39,0,5,1,42,,22358,39,0,5,1,82,,22373,39,0,5,1,83,,22370,39,0,5,1,44,,22362,39,0,5,1,86,,22357,39,0,5,1,85,,22374,39,0,5,1,85,,22368,39,0,5,1,44,,22363,39,0,5,1,86,,22356,39,0,5,1,85,,22375,39,0,5,1,86,,22369,39,0,5,1,45,,22364,39,0,5,1,84,,22355,39,0,5,1,84,,22376,39,0,5,1,82,,22365,39,0,5,1,41,,22360,39,0,5,1,82,,22354,39,0,5,1,78,,22371,39,0,5,1,40,,22366,39,0,5,1,76,,22359,39,0,5,1,30,,22353,39,0,5,1
3902,'CPSaturday',953,,22381,39,0,5,1,291,,22380,39,0,5,1,273,,22382,39,0,5,1,28,,22379,39,0,5,1,266,,22383,39,0,5,1,30,,22378,39,0,5,1,263,,22384,39,0,5,1,26,,22377,39,0,5,1
3902,'CPSunday',740,,22404,39,0,5,1,80,,22399,39,0,5,1,80,,22393,39,0,5,1,42,,22390,39,0,5,1,82,,22405,39,0,5,1,83,,22402,39,0,5,1,44,,22394,39,0,5,1,86,,22389,39,0,5,1,85,,22406,39,0,5,1,85,,22400,39,0,5,1,44,,22395,39,0,5,1,86,,22388,39,0,5,1,85,,22407,39,0,5,1,86,,22401,39,0,5,1,45,,22396,39,0,5,1,84,,22387,39,0,5,1,84,,22408,39,0,5,1,82,,22397,39,0,5,1,41,,22392,39,0,5,1,82,,22386,39,0,5,1,78,,22403,39,0,5,1,40,,22398,39,0,5,1,76,,22391,39,0,5,1,30,,22385,39,0,5,1
3902,'MASaturday',734,,22429,39,0,5,1,66,,22425,39,0,5,1,27,,22424,39,0,5,1,27,,22418,39,0,5,1,71,,22433,39,0,5,1,96,,22426,39,0,5,1,28,,22421,39,0,5,1,68,,22417,39,0,5,1,28,,22415,39,0,5,1,69,,22432,39,0,5,1,98,,22427,39,0,5,1,32,,22422,39,0,5,1,72,,22413,39,0,5,1,31,,22409,39,0,5,1,167,,22428,39,0,5,1,30,,22419,39,0,5,1,69,,22414,39,0,5,1,28,,22410,39,0,5,1,169,,22430,39,0,5,1,29,,22420,39,0,5,1,69,,22412,39,0,5,1,28,,22411,39,0,5,1,118,,22431,39,0,5,1,62,,22423,39,0,5,1,20,,22416,39,0,5,1
3902,'MAWeekday',505,,22434,40,0,5,1,17,,22435,40,0,5,1,16,,22436,40,0,5,1,17,,22437,40,0,5,1,57,,22438,40,0,5,1,19,,22439,40,0,5,1,21,,22440,40,0,5,1,65,,22441,40,0,5,1,24,,22442,40,0,5,1,66,,22443,40,0,5,1,22,,22444,40,0,5,1,21,,22445,40,0,5,1,58,,22446,40,0,5,1,19,,22447,40,0,5,1,19,,22448,40,0,5,1,62,,22449,39,0,5,1,34,,22450,39,0,5,1,76,,22451,39,0,5,1,35,,22452,39,0,5,1,75,,22453,39,0,5,1,75,,22454,39,0,5,1,35,,22455,39,0,5,1,79,,22456,39,0,5,1,25,,22457,40,0,5,1,65,,22458,40,0,5,1,20,,22459,40,0,5,1,22,,22460,40,0,5,1,64,,22461,40,0,5,1,21,,22462,40,0,5,1,24,,22463,40,0,5,1,62,,22464,40,0,5,1,22,,22465,40,0,5,1,17,,22466,40,0,5,1,55,,22467,40,0,5,1,16,,22468,40,0,5,1,18,,22469,40,0,5,1,59,,22470,40,0,5,1,18,,22471,40,0,5,1,21,,22472,40,0,5,1,60,,22473,39,0,5,1,21,,22474,39,0,5,1,32,,22475,39,0,5,1,79,,22476,39,0,5,1,77,,22477,39,0,5,1,38,,22478,39,0,5,1,77,,22479,39,0,5,1,76,,22480,39,0,5,1,36,,22481,39,0,5,1,78,,22482,39,0,5,1
4303,'CPWeekday',524,,23026,43,0,5,1,80,,23033,43,0,5,1,41,,23029,43,0,5,1,80,,23031,43,0,5,1,80,,23027,43,0,5,1,40,,23034,43,0,5,1,80,,23030,43,0,5,1,76,,23032,43,0,5,1,40,,23028,43,0,5,1
