1003,'CPHoliday1',827,,31323,46,0,5,1,30,,31324,46,0,5,1,70,,31325,46,0,5,1,31,,31326,46,0,5,1,72,,31327,46,0,5,1,72,,31328,46,0,5,1,33,,31329,46,0,5,1,72,,31330,46,0,5,1,36,,31331,46,0,5,1,75,,31332,46,0,5,1,36,,31333,46,0,5,1,75,,31334,46,0,5,1,76,,31335,46,0,5,1,35,,31336,46,0,5,1,75,,31337,46,0,5,1,35,,31338,46,0,5,1,75,,31339,46,0,5,1,75,,31340,46,0,5,1,35,,31341,46,0,5,1,74,,31342,46,0,5,1,35,,31343,46,0,5,1,73,,31344,46,0,5,1,35,,31345,46,0,5,1,74,,31346,46,0,5,1,74,,31347,46,0,5,1,33,,31348,46,0,5,1,72,,31349,46,0,5,1,33,,31350,46,0,5,1,74,,31351,46,0,5,1
1003,'CPSaturday',632,,31352,46,0,5,1,26,,31353,46,0,5,1,67,,31354,46,0,5,1,25,,31355,46,0,5,1,65,,31356,46,0,5,1,26,,31357,46,0,5,1,65,,31358,46,0,5,1,25,,31359,46,0,5,1,25,,31360,46,0,5,1,66,,31361,46,0,5,1,26,,31362,46,0,5,1,67,,31363,46,0,5,1,26,,31364,46,0,5,1,67,,31365,46,0,5,1,27,,31366,46,0,5,1,66,,31367,46,0,5,1,27,,31368,46,0,5,1,26,,31369,46,0,5,1,67,,31370,46,0,5,1,29,,31371,46,0,5,1,68,,31372,46,0,5,1,28,,31373,46,0,5,1,68,,31374,46,0,5,1,28,,31375,46,0,5,1,68,,31376,46,0,5,1,26,,31377,46,0,5,1,68,,31378,46,0,5,1,27,,31379,46,0,5,1,28,,31380,46,0,5,1,68,,31381,46,0,5,1,27,,31382,46,0,5,1,68,,31383,46,0,5,1,25,,31384,46,0,5,1,66,,31385,46,0,5,1,26,,31386,46,0,5,1,65,,31387,46,0,5,1,26,,31388,46,0,5,1,24,,31389,46,0,5,1,63,,31390,46,0,5,1,22,,31391,46,0,5,1,64,,31392,46,0,5,1,23,,31393,46,0,5,1
1003,'CPSunday',827,,31394,46,0,5,1,30,,31395,46,0,5,1,70,,31396,46,0,5,1,31,,31397,46,0,5,1,72,,31398,46,0,5,1,72,,31399,46,0,5,1,33,,31400,46,0,5,1,72,,31401,46,0,5,1,36,,31402,46,0,5,1,75,,31403,46,0,5,1,36,,31404,46,0,5,1,75,,31405,46,0,5,1,76,,31406,46,0,5,1,35,,31407,46,0,5,1,75,,31408,46,0,5,1,35,,31409,46,0,5,1,75,,31410,46,0,5,1,75,,31411,46,0,5,1,35,,31412,46,0,5,1,74,,31413,46,0,5,1,35,,31414,46,0,5,1,73,,31415,46,0,5,1,35,,31416,46,0,5,1,74,,31417,46,0,5,1,74,,31418,46,0,5,1,33,,31419,46,0,5,1,72,,31420,46,0,5,1,33,,31421,46,0,5,1,74,,31422,46,0,5,1
1003,'CPWeekday',511,,31424,46,0,5,1,20,,31425,46,0,5,1,20,,31426,46,0,5,1,63,,31427,46,0,5,1,24,,31428,46,0,5,1,64,,31429,46,0,5,1,25,,31430,46,0,5,1,25,,31431,46,0,5,1,66,,31432,46,0,5,1,24,,31433,46,0,5,1,65,,31434,46,0,5,1,24,,31435,46,0,5,1,25,,31436,46,0,5,1,64,,31437,46,0,5,1,25,,31438,46,0,5,1,66,,31439,46,0,5,1,25,,31440,46,0,5,1,65,,31441,46,0,5,1,25,,31442,46,0,5,1,25,,31443,46,0,5,1,65,,31444,46,0,5,1,25,,31445,46,0,5,1,66,,31446,46,0,5,1,28,,31447,46,0,5,1,18,,31448,46,0,5,1,48,,31423,46,0,5,1,12,,31449,46,0,5,1,22,,31450,46,0,5,1,22,,31451,46,0,5,1,65,,31452,46,0,5,1,23,,31453,46,0,5,1,63,,31454,46,0,5,1,24,,31455,46,0,5,1,24,,31456,46,0,5,1,62,,31457,46,0,5,1,23,,31458,46,0,5,1,66,,31459,46,0,5,1,23,,31460,46,0,5,1,25,,31461,46,0,5,1,64,,31462,46,0,5,1,25,,31463,46,0,5,1,69,,31464,46,0,5,1,35,,31465,46,0,5,1,74,,31466,46,0,5,1,30,,31467,46,0,5,1,69,,31468,46,0,5,1,28,,31469,46,0,5,1,67,,31470,46,0,5,1,30,,31471,46,0,5,1,70,,31472,46,0,5,1,24,,31473,46,0,5,1
3902,'CPHoliday1',741,,36648,40,0,5,1,80,,36643,40,0,5,1,80,,36637,40,0,5,1,42,,36634,40,0,5,1,83,,36649,40,0,5,1,83,,36646,40,0,5,1,44,,36638,40,0,5,1,86,,36633,40,0,5,1,85,,36650,40,0,5,1,85,,36644,40,0,5,1,44,,36639,40,0,5,1,86,,36632,40,0,5,1,85,,36651,40,0,5,1,86,,36645,40,0,5,1,45,,36640,40,0,5,1,83,,36631,40,0,5,1,84,,36652,40,0,5,1,82,,36641,40,0,5,1,41,,36636,40,0,5,1,82,,36630,40,0,5,1,78,,36647,40,0,5,1,40,,36642,40,0,5,1,76,,36635,40,0,5,1,30,,36629,40,0,5,1
3902,'CPSaturday',954,,36657,40,0,5,1,292,,36656,40,0,5,1,273,,36658,40,0,5,1,28,,36655,40,0,5,1,266,,36659,40,0,5,1,30,,36654,40,0,5,1,262,,36660,40,0,5,1,26,,36653,40,0,5,1
3902,'CPSunday',741,,36680,40,0,5,1,80,,36675,40,0,5,1,80,,36669,40,0,5,1,42,,36666,40,0,5,1,83,,36681,40,0,5,1,83,,36678,40,0,5,1,44,,36670,40,0,5,1,86,,36665,40,0,5,1,85,,36682,40,0,5,1,85,,36676,40,0,5,1,44,,36671,40,0,5,1,86,,36664,40,0,5,1,85,,36683,40,0,5,1,86,,36677,40,0,5,1,45,,36672,40,0,5,1,83,,36663,40,0,5,1,84,,36684,40,0,5,1,82,,36673,40,0,5,1,41,,36668,40,0,5,1,82,,36662,40,0,5,1,78,,36679,40,0,5,1,40,,36674,40,0,5,1,76,,36667,40,0,5,1,30,,36661,40,0,5,1
3902,'MASaturday',735,,36705,40,0,5,1,66,,36701,40,0,5,1,27,,36700,40,0,5,1,27,,36694,40,0,5,1,71,,36709,40,0,5,1,96,,36702,40,0,5,1,28,,36697,40,0,5,1,68,,36693,40,0,5,1,29,,36691,40,0,5,1,69,,36708,40,0,5,1,98,,36703,40,0,5,1,32,,36698,40,0,5,1,72,,36689,40,0,5,1,31,,36685,40,0,5,1,167,,36704,40,0,5,1,30,,36695,40,0,5,1,69,,36690,40,0,5,1,28,,36686,40,0,5,1,169,,36706,40,0,5,1,28,,36696,40,0,5,1,69,,36688,40,0,5,1,28,,36687,40,0,5,1,118,,36707,40,0,5,1,62,,36699,40,0,5,1,20,,36692,40,0,5,1
3902,'MAWeekday',506,,36710,41,0,5,1,17,,36711,41,0,5,1,16,,36712,41,0,5,1,17,,36713,41,0,5,1,57,,36714,41,0,5,1,19,,36715,41,0,5,1,21,,36716,41,0,5,1,65,,36717,41,0,5,1,24,,36718,41,0,5,1,67,,36719,41,0,5,1,22,,36720,41,0,5,1,21,,36721,41,0,5,1,58,,36722,41,0,5,1,19,,36723,41,0,5,1,18,,36724,41,0,5,1,63,,36725,40,0,5,1,33,,36726,40,0,5,1,76,,36727,40,0,5,1,35,,36728,40,0,5,1,75,,36729,40,0,5,1,75,,36730,40,0,5,1,35,,36731,40,0,5,1,80,,36732,40,0,5,1,25,,36733,41,0,5,1,65,,36734,41,0,5,1,20,,36735,41,0,5,1,22,,36736,41,0,5,1,64,,36737,41,0,5,1,21,,36738,41,0,5,1,64,,36739,41,0,5,1,22,,36740,41,0,5,1,22,,36741,41,0,5,1,57,,36742,41,0,5,1,15,,36743,41,0,5,1,16,,36744,41,0,5,1,18,,36745,41,0,5,1,59,,36746,41,0,5,1,18,,36747,41,0,5,1,21,,36748,41,0,5,1,59,,36749,40,0,5,1,21,,36750,40,0,5,1,72,,36751,40,0,5,1,39,,36752,40,0,5,1,77,,36753,40,0,5,1,38,,36754,40,0,5,1,77,,36755,40,0,5,1,76,,36756,40,0,5,1,36,,36757,40,0,5,1,78,,36758,40,0,5,1
4303,'CPWeekday',522,,37302,44,0,5,1,82,,37303,44,0,5,1,40,,37304,44,0,5,1,83,,37305,44,0,5,1,80,,37306,44,0,5,1,39,,37307,44,0,5,1,78,,37308,44,0,5,1,78,,37309,44,0,5,1,39,,37310,44,0,5,1
30504,'CPWeekday',750,,42454,13,0,25,1
