101,'CPHoliday1',553,,13963,28,0,43 44,1,70,,13964,28,0,43 44,1,30,,13965,28,0,43 44,1,70,,13966,28,0,43 44,1,30,,13967,28,0,43 44,1,70,,13968,28,0,43 44,1,30,,13969,28,0,43 44,1,72,,13970,28,0,43 44,1,30,,13971,28,0,43 44,1,60,,13972,28,0,43 44,1,20,,13973,28,0,43 44,1,20,,13974,28,0,43 44,1,60,,13975,28,0,43 44,1,20,,13976,28,0,43 44,1,20,,13977,28,0,43 44,1,62,,13978,28,0,43 44,1,21,,13979,28,0,43 44,1,20,,13980,28,0,43 44,1,60,,13981,28,0,43 44,1,20,,13982,28,0,43 44,1,20,,13983,28,0,43 44,1,60,,13984,28,0,43 44,1,20,,13985,28,0,43 44,1,20,,13986,28,0,43 44,1,60,,13987,28,0,43 44,1,20,,13988,28,0,43 44,1,20,,13989,28,0,43 44,1,60,,13990,28,0,43 44,1,20,,13991,28,0,43 44,1,20,,13992,28,0,43 44,1,60,,13993,28,0,43 44,1,20,,13994,28,0,43 44,1,20,,13995,28,0,43 44,1,59,,13996,28,0,43 44,1,19,,13997,28,0,43 44,1,20,,13998,28,0,43 44,1,60,,13999,28,0,43 44,1,20,,14000,28,0,43 44,1,65,,14001,28,0,43 44,1,25,,14002,28,0,43 44,1,26,,14003,28,0,43 44,1,65,,14004,28,0,43 44,1,26,,14005,28,0,43 44,1,66,,14006,28,0,43 44,1,25,,14007,28,0,43 44,1,22,,14008,28,0,43 44,1,62,,14009,28,0,43 44,1,25,,14010,28,0,43 44,1,72,,14011,28,0,43 44,1,31,,14012,28,0,43 44,1,72,,14013,28,0,43 44,1,32,,14014,28,0,43 44,1
101,'CPSaturday',221,,14079,28,0,43 44,1,30,,14080,28,0,43 44,1,70,,14081,28,0,43 44,1,30,,14082,28,0,43 44,1,65,,14083,28,0,43 44,1,25,,14015,28,0,43 44,1,60,,14016,28,0,43 44,1,20,,14017,28,0,43 44,1,20,,14018,28,0,43 44,1,61,,14019,28,0,43 44,1,18,,14020,28,0,43 44,1,18,,14021,28,0,43 44,1,18,,14022,28,0,43 44,1,60,,14023,28,0,43 44,1,19,,14024,28,0,43 44,1,20,,14025,28,0,43 44,1,60,,14026,28,0,43 44,1,20,,14027,28,0,43 44,1,20,,14028,28,0,43 44,1,60,,14029,28,0,43 44,1,20,,14030,28,0,43 44,1,20,,14031,28,0,43 44,1,61,,14032,28,0,43 44,1,22,,14033,28,0,43 44,1,20,,14034,28,0,43 44,1,60,,14035,28,0,43 44,1,20,,14036,28,0,43 44,1,20,,14037,28,0,43 44,1,60,,14038,28,0,43 44,1,20,,14039,28,0,43 44,1,20,,14040,28,0,43 44,1,61,,14041,28,0,43 44,1,20,,14042,28,0,43 44,1,20,,14043,28,0,43 44,1,60,,14044,28,0,43 44,1,20,,14045,28,0,43 44,1,20,,14046,28,0,43 44,1,60,,14047,28,0,43 44,1,20,,14048,28,0,43 44,1,20,,14049,28,0,43 44,1,59,,14050,28,0,43 44,1,20,,14051,28,0,43 44,1,20,,14052,28,0,43 44,1,60,,14053,28,0,43 44,1,20,,14054,28,0,43 44,1,20,,14055,28,0,43 44,1,60,,14056,28,0,43 44,1,20,,14057,28,0,43 44,1,20,,14058,28,0,43 44,1,58,,14059,28,0,43 44,1,19,,14060,28,0,43 44,1,20,,14061,28,0,43 44,1,60,,14062,28,0,43 44,1,20,,14063,28,0,43 44,1,20,,14064,28,0,43 44,1,60,,14065,28,0,43 44,1,20,,14066,28,0,43 44,1,20,,14067,28,0,43 44,1,60,,14068,28,0,43 44,1,25,,14069,28,0,43 44,1,63,,14070,28,0,43 44,1,20,,14071,28,0,43 44,1,25,,14072,28,0,43 44,1,65,,14073,28,0,43 44,1,25,,14074,28,0,43 44,1,65,,14075,28,0,43 44,1,25,,14076,28,0,43 44,1,25,,14077,28,0,43 44,1,70,,14078,28,0,43 44,1
101,'CPSunday',553,,14084,28,0,43 44,1,70,,14085,28,0,43 44,1,30,,14086,28,0,43 44,1,70,,14087,28,0,43 44,1,30,,14088,28,0,43 44,1,70,,14089,28,0,43 44,1,30,,14090,28,0,43 44,1,72,,14091,28,0,43 44,1,30,,14092,28,0,43 44,1,60,,14093,28,0,43 44,1,20,,14094,28,0,43 44,1,20,,14095,28,0,43 44,1,60,,14096,28,0,43 44,1,20,,14097,28,0,43 44,1,20,,14098,28,0,43 44,1,62,,14099,28,0,43 44,1,21,,14100,28,0,43 44,1,20,,14101,28,0,43 44,1,60,,14102,28,0,43 44,1,20,,14103,28,0,43 44,1,20,,14104,28,0,43 44,1,60,,14105,28,0,43 44,1,20,,14106,28,0,43 44,1,20,,14107,28,0,43 44,1,60,,14108,28,0,43 44,1,20,,14109,28,0,43 44,1,20,,14110,28,0,43 44,1,60,,14111,28,0,43 44,1,20,,14112,28,0,43 44,1,20,,14113,28,0,43 44,1,60,,14114,28,0,43 44,1,20,,14115,28,0,43 44,1,20,,14116,28,0,43 44,1,59,,14117,28,0,43 44,1,19,,14118,28,0,43 44,1,20,,14119,28,0,43 44,1,60,,14120,28,0,43 44,1,20,,14121,28,0,43 44,1,65,,14122,28,0,43 44,1,25,,14123,28,0,43 44,1,26,,14124,28,0,43 44,1,65,,14125,28,0,43 44,1,26,,14126,28,0,43 44,1,66,,14127,28,0,43 44,1,25,,14128,28,0,43 44,1,22,,14129,28,0,43 44,1,62,,14130,28,0,43 44,1,25,,14131,28,0,43 44,1,72,,14132,28,0,43 44,1,31,,14133,28,0,43 44,1,72,,14134,28,0,43 44,1,32,,14135,28,0,43 44,1
101,'CPWeekday',222,,14217,28,0,43 44,1,30,,14218,28,0,43 44,1,70,,14219,28,0,43 44,1,30,,14220,28,0,43 44,1,70,,14221,28,0,43 44,1,34,,14136,28,0,43 44,1,55,,14137,28,0,43 44,1,15,,14138,28,0,43 44,1,15,,14139,28,0,43 44,1,15,,14140,28,0,43 44,1,55,,14141,28,0,43 44,1,16,,14142,28,0,43 44,1,16,,14143,28,0,43 44,1,16,,14144,28,0,43 44,1,55,,14145,28,0,43 44,1,15,,14146,28,0,43 44,1,15,,14147,28,0,43 44,1,15,,14148,28,0,43 44,1,55,,14149,28,0,43 44,1,15,,14150,28,0,43 44,1,15,,14151,28,0,43 44,1,15,,14152,28,0,43 44,1,55,,14153,28,0,43 44,1,15,,14154,28,0,43 44,1,15,,14155,28,0,43 44,1,15,,14156,28,0,43 44,1,55,,14157,28,0,43 44,1,15,,14158,28,0,43 44,1,15,,14159,28,0,43 44,1,15,,14160,28,0,43 44,1,55,,14161,28,0,43 44,1,15,,14162,28,0,43 44,1,15,,14163,28,0,43 44,1,15,,14164,28,0,43 44,1,55,,14165,28,0,43 44,1,15,,14166,28,0,43 44,1,15,,14167,28,0,43 44,1,15,,14168,28,0,43 44,1,55,,14169,28,0,43 44,1,15,,14170,28,0,43 44,1,15,,14171,28,0,43 44,1,56,,14172,28,0,43 44,1,15,,14173,28,0,43 44,1,17,,14174,28,0,43 44,1,15,,14175,28,0,43 44,1,55,,14176,28,0,43 44,1,15,,14177,28,0,43 44,1,17,,14178,28,0,43 44,1,15,,14179,28,0,43 44,1,55,,14180,28,0,43 44,1,15,,14181,28,0,43 44,1,15,,14182,28,0,43 44,1,15,,14183,28,0,43 44,1,55,,14184,28,0,43 44,1,15,,14185,28,0,43 44,1,15,,14186,28,0,43 44,1,14,,14187,28,0,43 44,1,56,,14188,28,0,43 44,1,14,,14189,28,0,43 44,1,13,,14190,28,0,43 44,1,16,,14191,28,0,43 44,1,58,,14192,28,0,43 44,1,16,,14193,28,0,43 44,1,15,,14194,28,0,43 44,1,15,,14195,28,0,43 44,1,54,,14196,28,0,43 44,1,12,,14197,28,0,43 44,1,13,,14198,28,0,43 44,1,15,,14199,28,0,43 44,1,55,,14200,28,0,43 44,1,15,,14201,28,0,43 44,1,15,,14202,28,0,43 44,1,15,,14203,28,0,43 44,1,55,,14204,28,0,43 44,1,17,,14205,28,0,43 44,1,18,,14206,28,0,43 44,1,18,,14207,28,0,43 44,1,58,,14208,28,0,43 44,1,20,,14209,28,0,43 44,1,20,,14210,28,0,43 44,1,60,,14211,28,0,43 44,1,20,,14212,28,0,43 44,1,20,,14213,28,0,43 44,1,60,,14214,28,0,43 44,1,20,,14215,28,0,43 44,1,20,,14216,28,0,43 44,1
3804,'CPHoliday1',900,,22127,62,0,57 7,1,53,,22125,62,0,57 7,1,97,,22131,62,0,57 7,1,95,,22128,62,0,57 7,1,96,,22126,62,0,57 7,1,95,,22136,62,0,57 7,1,96,,22130,62,0,57 7,1,98,,22129,62,0,57 7,1,96,,22135,62,0,57 7,1,94,,22133,62,0,57 7,1,92,,22134,62,0,57 7,1,93,,22137,62,0,57 7,1,51,,22132,62,0,57 7,1,92,,22138,62,0,57 7,1
3804,'CPSaturday',651,,22139,62,0,57 7,1,65,,22140,62,0,57 7,1,26,,22141,62,0,57 7,1,74,,22142,62,0,57 7,1,31,,22143,62,0,57 7,1,71,,22144,62,0,57 7,1,31,,22145,62,0,57 7,1,71,,22146,62,0,57 7,1,34,,22147,62,0,57 7,1,74,,22148,62,0,57 7,1,76,,22149,62,0,57 7,1,35,,22150,62,0,57 7,1,74,,22151,62,0,57 7,1,35,,22152,62,0,57 7,1,74,,22153,62,0,57 7,1,34,,22154,62,0,57 7,1,73,,22155,62,0,57 7,1,74,,22156,62,0,57 7,1,32,,22157,62,0,57 7,1,74,,22158,62,0,57 7,1,35,,22159,62,0,57 7,1,73,,22160,62,0,57 7,1,34,,22161,62,0,57 7,1,74,,22162,62,0,57 7,1,32,,22163,62,0,57 7,1,74,,22164,62,0,57 7,1,72,,22165,62,0,57 7,1,30,,22166,62,0,57 7,1,68,,22167,62,0,57 7,1,30,,22168,62,0,57 7,1,69,,22169,62,0,57 7,1,24,,22170,62,0,57 7,1,25,,22171,62,0,57 7,1,67,,22172,62,0,57 7,1
3804,'CPSunday',900,,22175,62,0,57 7,1,53,,22173,62,0,57 7,1,97,,22179,62,0,57 7,1,95,,22176,62,0,57 7,1,96,,22174,62,0,57 7,1,95,,22184,62,0,57 7,1,96,,22178,62,0,57 7,1,98,,22177,62,0,57 7,1,96,,22183,62,0,57 7,1,94,,22181,62,0,57 7,1,92,,22182,62,0,57 7,1,93,,22185,62,0,57 7,1,51,,22180,62,0,57 7,1,92,,22186,62,0,57 7,1
3804,'CPWeekday',608,,22210,68,0,57 7,1,36,,22218,68,0,57 7,1,69,,22211,68,0,57 7,1,33,,22208,68,0,57 7,1,72,,22201,68,0,57 7,1,30,,22200,68,0,57 7,1,71,,22209,68,0,57 7,1,28,,22220,68,0,57 7,1,72,,22215,68,0,57 7,1,35,,22203,68,0,57 7,1,74,,22199,68,0,57 7,1,77,,22195,68,0,57 7,1,38,,22222,68,0,57 7,1,80,,22214,68,0,57 7,1,80,,22202,68,0,57 7,1,36,,22196,68,0,57 7,1,68,,22194,68,0,57 7,1,27,,22193,68,0,57 7,1,72,,22219,68,0,57 7,1,30,,22212,68,0,57 7,1,70,,22191,68,0,57 7,1,32,,22207,68,0,57 7,1,68,,22198,68,0,57 7,1,28,,22190,68,0,57 7,1,68,,22192,68,0,57 7,1,24,,22221,68,0,57 7,1,27,,22213,68,0,57 7,1,62,,22188,68,0,57 7,1,27,,22206,68,0,57 7,1,68,,22197,68,0,57 7,1,37,,22187,68,0,57 7,1,87,,22216,68,0,57 7,1,85,,22204,68,0,57 7,1,84,,22189,68,0,57 7,1,44,,22217,68,0,57 7,1,80,,22205,68,0,57 7,1
10101,'CPHoliday1',755,,25933,8,0,67 33 28 68 30,1,61,,25922,8,0,67 33 28 68 30,1,21,,25921,8,0,67 33 28 68 30,1,20,,25939,8,0,67 33 28 68 30,1,60,,25928,8,0,67 33 28 68 30,1,21,,25915,8,0,67 33 28 68 30,1,20,,25934,8,0,67 33 28 68 30,1,60,,25920,8,0,67 33 28 68 30,1,20,,25914,8,0,67 33 28 68 30,1,20,,25937,8,0,67 33 28 68 30,1,59,,25923,8,0,67 33 28 68 30,1,19,,25908,8,0,67 33 28 68 30,1,18,,25910,8,0,67 33 28 68 30,1,58,,25929,8,0,67 33 28 68 30,1,18,,25916,8,0,67 33 28 68 30,1,20,,25907,8,0,67 33 28 68 30,1,60,,25935,8,0,67 33 28 68 30,1,20,,25926,8,0,67 33 28 68 30,1,20,,25911,8,0,67 33 28 68 30,1,60,,25906,8,0,67 33 28 68 30,1,20,,25931,8,0,67 33 28 68 30,1,20,,25917,8,0,67 33 28 68 30,1,60,,25905,8,0,67 33 28 68 30,1,22,,25936,8,0,67 33 28 68 30,1,20,,25925,8,0,67 33 28 68 30,1,60,,25909,8,0,67 33 28 68 30,1,20,,25902,8,0,67 33 28 68 30,1,20,,25930,8,0,67 33 28 68 30,1,60,,25919,8,0,67 33 28 68 30,1,19,,25903,8,0,67 33 28 68 30,1,20,,25938,8,0,67 33 28 68 30,1,60,,25927,8,0,67 33 28 68 30,1,20,,25912,8,0,67 33 28 68 30,1,20,,25901,8,0,67 33 28 68 30,1,58,,25932,8,0,67 33 28 68 30,1,18,,25918,8,0,67 33 28 68 30,1,24,,25904,8,0,67 33 28 68 30,1,64,,25924,8,0,67 33 28 68 30,1,22,,25913,8,0,67 33 28 68 30,1,20,,25900,8,0,67 33 28 68 30,1
10101,'CPSaturday',755,,25964,8,0,67 33 28 68 30,1,61,,25952,8,0,67 33 28 68 30,1,21,,25953,8,0,67 33 28 68 30,1,20,,25975,8,0,67 33 28 68 30,1,58,,25971,8,0,67 33 28 68 30,1,19,,25957,8,0,67 33 28 68 30,1,18,,25966,8,0,67 33 28 68 30,1,58,,25951,8,0,67 33 28 68 30,1,18,,25945,8,0,67 33 28 68 30,1,20,,25977,8,0,67 33 28 68 30,1,61,,25944,8,0,67 33 28 68 30,1,21,,25969,8,0,67 33 28 68 30,1,20,,25958,8,0,67 33 28 68 30,1,60,,25963,8,0,67 33 28 68 30,1,20,,25950,8,0,67 33 28 68 30,1,20,,25946,8,0,67 33 28 68 30,1,60,,25976,8,0,67 33 28 68 30,1,20,,25943,8,0,67 33 28 68 30,1,20,,25970,8,0,67 33 28 68 30,1,60,,25959,8,0,67 33 28 68 30,1,20,,25965,8,0,67 33 28 68 30,1,20,,25954,8,0,67 33 28 68 30,1,60,,25947,8,0,67 33 28 68 30,1,22,,25978,8,0,67 33 28 68 30,1,20,,25940,8,0,67 33 28 68 30,1,60,,25972,8,0,67 33 28 68 30,1,20,,25961,8,0,67 33 28 68 30,1,20,,25967,8,0,67 33 28 68 30,1,60,,25956,8,0,67 33 28 68 30,1,19,,25949,8,0,67 33 28 68 30,1,20,,25979,8,0,67 33 28 68 30,1,60,,25942,8,0,67 33 28 68 30,1,20,,25974,8,0,67 33 28 68 30,1,20,,25960,8,0,67 33 28 68 30,1,58,,25968,8,0,67 33 28 68 30,1,18,,25955,8,0,67 33 28 68 30,1,25,,25948,8,0,67 33 28 68 30,1,65,,25941,8,0,67 33 28 68 30,1,25,,25973,8,0,67 33 28 68 30,1,65,,25962,8,0,67 33 28 68 30,1
10101,'CPSunday',755,,26013,8,0,67 33 28 68 30,1,61,,26002,8,0,67 33 28 68 30,1,21,,26001,8,0,67 33 28 68 30,1,20,,26019,8,0,67 33 28 68 30,1,60,,26008,8,0,67 33 28 68 30,1,21,,25995,8,0,67 33 28 68 30,1,20,,26014,8,0,67 33 28 68 30,1,60,,26000,8,0,67 33 28 68 30,1,20,,25994,8,0,67 33 28 68 30,1,20,,26017,8,0,67 33 28 68 30,1,59,,26003,8,0,67 33 28 68 30,1,19,,25988,8,0,67 33 28 68 30,1,18,,25990,8,0,67 33 28 68 30,1,58,,26009,8,0,67 33 28 68 30,1,18,,25996,8,0,67 33 28 68 30,1,20,,25987,8,0,67 33 28 68 30,1,60,,26015,8,0,67 33 28 68 30,1,20,,26006,8,0,67 33 28 68 30,1,20,,25991,8,0,67 33 28 68 30,1,60,,25986,8,0,67 33 28 68 30,1,20,,26011,8,0,67 33 28 68 30,1,20,,25997,8,0,67 33 28 68 30,1,60,,25985,8,0,67 33 28 68 30,1,22,,26016,8,0,67 33 28 68 30,1,20,,26005,8,0,67 33 28 68 30,1,60,,25989,8,0,67 33 28 68 30,1,20,,25982,8,0,67 33 28 68 30,1,20,,26010,8,0,67 33 28 68 30,1,60,,25999,8,0,67 33 28 68 30,1,19,,25983,8,0,67 33 28 68 30,1,20,,26018,8,0,67 33 28 68 30,1,60,,26007,8,0,67 33 28 68 30,1,20,,25992,8,0,67 33 28 68 30,1,20,,25981,8,0,67 33 28 68 30,1,58,,26012,8,0,67 33 28 68 30,1,18,,25998,8,0,67 33 28 68 30,1,24,,25984,8,0,67 33 28 68 30,1,64,,26004,8,0,67 33 28 68 30,1,22,,25993,8,0,67 33 28 68 30,1,20,,25980,8,0,67 33 28 68 30,1
10101,'CPWeekday',456,,26020,8,0,67 33 28 68 30,1,71,,26021,8,0,67 33 28 68 30,1,25,,26022,8,0,67 33 28 68 30,1,56,,26023,8,0,67 33 28 68 30,1,15,,26024,8,0,67 33 28 68 30,1,15,,26025,8,0,67 33 28 68 30,1,15,,26026,8,0,67 33 28 68 30,1,55,,26027,8,0,67 33 28 68 30,1,15,,26028,8,0,67 33 28 68 30,1,15,,26029,8,0,67 33 28 68 30,1,15,,26030,8,0,67 33 28 68 30,1,55,,26031,8,0,67 33 28 68 30,1,16,,26032,8,0,67 33 28 68 30,1,16,,26033,8,0,67 33 28 68 30,1,15,,26034,8,0,67 33 28 68 30,1,55,,26035,8,0,67 33 28 68 30,1,15,,26036,8,0,67 33 28 68 30,1,15,,26037,8,0,67 33 28 68 30,1,15,,26038,8,0,67 33 28 68 30,1,56,,26039,8,0,67 33 28 68 30,1,15,,26040,8,0,67 33 28 68 30,1,15,,26041,8,0,67 33 28 68 30,1,15,,26042,8,0,67 33 28 68 30,1,55,,26043,8,0,67 33 28 68 30,1,15,,26044,8,0,67 33 28 68 30,1,15,,26045,8,0,67 33 28 68 30,1,15,,26046,8,0,67 33 28 68 30,1,55,,26047,8,0,67 33 28 68 30,1,15,,26048,8,0,67 33 28 68 30,1,15,,26049,8,0,67 33 28 68 30,1,15,,26050,8,0,67 33 28 68 30,1,55,,26051,8,0,67 33 28 68 30,1,15,,26052,8,0,67 33 28 68 30,1,15,,26053,8,0,67 33 28 68 30,1,15,,26054,8,0,67 33 28 68 30,1,55,,26055,8,0,67 33 28 68 30,1,16,,26056,8,0,67 33 28 68 30,1,15,,26057,8,0,67 33 28 68 30,1,15,,26058,8,0,67 33 28 68 30,1,55,,26059,8,0,67 33 28 68 30,1,17,,26060,8,0,67 33 28 68 30,1,15,,26061,8,0,67 33 28 68 30,1,15,,26062,8,0,67 33 28 68 30,1,55,,26063,8,0,67 33 28 68 30,1,16,,26064,8,0,67 33 28 68 30,1,15,,26065,8,0,67 33 28 68 30,1,55,,26066,8,0,67 33 28 68 30,1,15,,26067,8,0,67 33 28 68 30,1,14,,26068,8,0,67 33 28 68 30,1,15,,26069,8,0,67 33 28 68 30,1,15,,26070,8,0,67 33 28 68 30,1,55,,26071,8,0,67 33 28 68 30,1,14,,26072,8,0,67 33 28 68 30,1,18,,26073,8,0,67 33 28 68 30,1,58,,26074,8,0,67 33 28 68 30,1,17,,26075,8,0,67 33 28 68 30,1,17,,26076,8,0,67 33 28 68 30,1,18,,26077,8,0,67 33 28 68 30,1,57,,26078,8,0,67 33 28 68 30,1,18,,26079,8,0,67 33 28 68 30,1,18,,26080,8,0,67 33 28 68 30,1,58,,26081,8,0,67 33 28 68 30,1,18,,26082,8,0,67 33 28 68 30,1,20,,26083,8,0,67 33 28 68 30,1,60,,26084,8,0,67 33 28 68 30,1,25,,26085,8,0,67 33 28 68 30,1,25,,26086,8,0,67 33 28 68 30,1,70,,26087,8,0,67 33 28 68 30,1,30,,26088,8,0,67 33 28 68 30,1
