1003,'CPHoliday1',840,,17152,70,4,,1,72,,17151,70,4,,1,32,,17150,70,4,,1,73,,17149,70,4,,1,33,,17148,70,4,,1,74,,17147,70,4,,1,76,,17146,70,4,,1,36,,17145,70,4,,1,74,,17144,70,4,,1,35,,17143,70,4,,1,76,,17142,70,4,,1,37,,17141,70,4,,1,77,,17140,70,4,,1,75,,17139,70,4,,1,35,,17138,70,4,,1,75,,17137,70,4,,1,36,,17133,70,4,,1,73,,17135,70,4,,1,74,,17132,70,4,,1,35,,17131,70,4,,1,73,,17130,70,4,,1,34,,17136,70,4,,1,74,,17129,70,4,,1,34,,17127,70,4,,1,73,,17126,70,4,,1,31,,17134,70,4,,1,71,,17128,70,4,,1,30,,17125,70,4,,1
1003,'CPSaturday',652,,17193,70,4,,1,65,,17190,70,4,,1,25,,17188,70,4,,1,65,,17192,70,4,,1,25,,17191,70,4,,1,26,,17189,70,4,,1,67,,17186,70,4,,1,27,,17187,70,4,,1,67,,17184,70,4,,1,27,,17185,70,4,,1,68,,17183,70,4,,1,28,,17182,70,4,,1,68,,17181,70,4,,1,28,,17180,70,4,,1,70,,17179,70,4,,1,30,,17178,70,4,,1,68,,17177,70,4,,1,29,,17176,70,4,,1,70,,17175,70,4,,1,29,,17174,70,4,,1,70,,17173,70,4,,1,29,,17172,70,4,,1,67,,17167,70,4,,1,29,,17166,70,4,,1,29,,17162,70,4,,1,68,,17170,70,4,,1,28,,17161,70,4,,1,67,,17160,70,4,,1,28,,17163,70,4,,1,68,,17157,70,4,,1,25,,17171,70,4,,1,65,,17158,70,4,,1,26,,17154,70,4,,1,26,,17164,70,4,,1,67,,17156,70,4,,1,26,,17169,70,4,,1,65,,17159,70,4,,1,25,,17153,70,4,,1,63,,17165,70,4,,1,24,,17155,70,4,,1,23,,17168,70,4,,1
1003,'CPSunday',840,,17221,70,4,,1,72,,17220,70,4,,1,32,,17219,70,4,,1,73,,17218,70,4,,1,33,,17217,70,4,,1,74,,17216,70,4,,1,76,,17215,70,4,,1,36,,17214,70,4,,1,74,,17213,70,4,,1,35,,17212,70,4,,1,76,,17211,70,4,,1,37,,17210,70,4,,1,77,,17209,70,4,,1,75,,17208,70,4,,1,35,,17207,70,4,,1,75,,17206,70,4,,1,36,,17202,70,4,,1,73,,17204,70,4,,1,74,,17201,70,4,,1,35,,17200,70,4,,1,73,,17199,70,4,,1,34,,17205,70,4,,1,74,,17198,70,4,,1,34,,17196,70,4,,1,73,,17195,70,4,,1,31,,17203,70,4,,1,71,,17197,70,4,,1,30,,17194,70,4,,1
1003,'CPWeekday',552,,17268,70,4,,1,61,,17267,70,4,,1,22,,17269,70,4,,1,68,,17270,70,4,,1,23,,17266,70,4,,1,26,,17265,70,4,,1,66,,17264,70,4,,1,26,,17262,70,4,,1,65,,17263,70,4,,1,26,,17261,70,4,,1,65,,17260,70,4,,1,26,,17258,70,4,,1,25,,17259,70,4,,1,64,,17257,70,4,,1,24,,17256,70,4,,1,65,,17255,70,4,,1,25,,17254,70,4,,1,25,,17253,70,4,,1,66,,17252,70,4,,1,26,,17251,70,4,,1,65,,17250,70,4,,1,27,,17249,70,4,,1,67,,17247,70,4,,1,26,,17248,70,4,,1,27,,17241,70,4,,1,65,,17238,70,4,,1,21,,17237,70,4,,1,61,,17245,70,4,,1,21,,17236,70,4,,1,23,,17234,70,4,,1,64,,17232,70,4,,1,23,,17233,70,4,,1,65,,17231,70,4,,1,19,,17229,70,4,,1,19,,17244,70,4,,1,61,,17240,70,4,,1,20,,17228,70,4,,1,20,,17227,70,4,,1,62,,17230,70,4,,1,23,,17226,70,4,,1,34,,17242,70,4,,1,68,,17239,70,4,,1,32,,17223,70,4,,1,73,,17224,70,4,,1,69,,17243,70,4,,1,30,,17235,70,4,,1,69,,17222,70,4,,1,28,,17225,70,4,,1,25,,17246,70,4,,1
1303,'CPHoliday1',701,,17962,52,4,,1,36,,17963,52,4,,1,75,,17964,52,4,,1,35,,17965,52,4,,1,77,,17966,52,4,,1,77,,17967,52,4,,1,39,,17968,52,4,,1,80,,17969,52,4,,1,37,,17970,52,4,,1,81,,17971,52,4,,1,81,,17972,52,4,,1,81,,17973,52,4,,1,40,,17974,52,4,,1,79,,17975,52,4,,1,81,,17976,52,4,,1,40,,17977,52,4,,1,79,,17978,52,4,,1,40,,17979,52,4,,1,80,,17980,52,4,,1,79,,17981,52,4,,1,38,,17982,52,4,,1,78,,17983,52,4,,1,80,,17984,52,4,,1,39,,17985,52,4,,1,85,,17986,52,4,,1,93,,17987,52,4,,1,94,,17988,52,4,,1,93,,17989,52,4,,1,94,,17990,52,4,,1
1303,'CPSaturday',508,,17991,52,4,,1,33,,17992,52,4,,1,72,,17993,52,4,,1,34,,17994,52,4,,1,75,,17995,52,4,,1,36,,17996,52,4,,1,77,,17997,52,4,,1,77,,17998,52,4,,1,39,,17999,52,4,,1,67,,18000,52,4,,1,29,,18001,52,4,,1,72,,18002,52,4,,1,29,,18003,52,4,,1,73,,18004,52,4,,1,31,,18005,52,4,,1,72,,18006,52,4,,1,35,,18007,52,4,,1,72,,18008,52,4,,1,71,,18009,52,4,,1,33,,18010,52,4,,1,70,,18011,52,4,,1,30,,18012,52,4,,1,70,,18013,52,4,,1,31,,18014,52,4,,1,72,,18015,52,4,,1,30,,18016,52,4,,1,70,,18017,52,4,,1,32,,18018,52,4,,1,69,,18019,52,4,,1,28,,18020,52,4,,1,69,,18021,52,4,,1,29,,18022,52,4,,1,78,,18023,52,4,,1,89,,18024,52,4,,1,49,,18025,52,4,,1,88,,18026,52,4,,1,87,,18027,52,4,,1,89,,18028,52,4,,1
1303,'CPSunday',701,,18029,52,4,,1,36,,18030,52,4,,1,75,,18031,52,4,,1,35,,18032,52,4,,1,77,,18033,52,4,,1,77,,18034,52,4,,1,39,,18035,52,4,,1,80,,18036,52,4,,1,37,,18037,52,4,,1,81,,18038,52,4,,1,81,,18039,52,4,,1,81,,18040,52,4,,1,40,,18041,52,4,,1,79,,18042,52,4,,1,81,,18043,52,4,,1,40,,18044,52,4,,1,79,,18045,52,4,,1,40,,18046,52,4,,1,80,,18047,52,4,,1,79,,18048,52,4,,1,38,,18049,52,4,,1,78,,18050,52,4,,1,80,,18051,52,4,,1,39,,18052,52,4,,1,85,,18053,52,4,,1,93,,18054,52,4,,1,94,,18055,52,4,,1,93,,18056,52,4,,1,94,,18057,52,4,,1
1303,'CPWeekday',511,,18058,52,4,,1,21,,18059,52,4,,1,68,,18060,52,4,,1,25,,18061,52,4,,1,28,,18062,52,4,,1,68,,18063,52,4,,1,26,,18064,52,4,,1,68,,18065,52,4,,1,30,,18066,52,4,,1,65,,18067,52,4,,1,26,,18068,52,4,,1,65,,18069,52,4,,1,25,,18070,52,4,,1,23,,18071,52,4,,1,65,,18072,52,4,,1,25,,18073,52,4,,1,65,,18074,52,4,,1,27,,18075,52,4,,1,26,,18076,52,4,,1,66,,18077,52,4,,1,25,,18078,52,4,,1,66,,18079,52,4,,1,28,,18080,52,4,,1,69,,18081,52,4,,1,26,,18082,52,4,,1,64,,18083,52,4,,1,25,,18084,52,4,,1,23,,18085,52,4,,1,64,,18086,52,4,,1,24,,18087,52,4,,1,63,,18088,52,4,,1,22,,18089,52,4,,1,23,,18090,52,4,,1,63,,18091,52,4,,1,21,,18092,52,4,,1,20,,18093,52,4,,1,61,,18094,52,4,,1,22,,18095,52,4,,1,24,,18096,52,4,,1,68,,18097,52,4,,1,30,,18098,52,4,,1,69,,18099,52,4,,1,89,,18100,52,4,,1,47,,18101,52,4,,1,90,,18102,52,4,,1,89,,18103,52,4,,1,95,,18104,52,4,,1,94,,18105,52,4,,1
3803,'CPHoliday1',841,,22025,71,4,,1,94,,22036,71,4,,1,94,,22026,71,4,,1,91,,22027,71,4,,1,98,,22032,71,4,,1,97,,22029,71,4,,1,96,,22028,71,4,,1,95,,22035,71,4,,1,97,,22030,71,4,,1,55,,22034,71,4,,1,93,,22031,71,4,,1,94,,22033,71,4,,1,93,,22037,71,4,,1,92,,22039,71,4,,1,88,,22038,71,4,,1
3803,'CPSaturday',729,,22054,71,4,,1,78,,22055,71,4,,1,30,,22056,71,4,,1,73,,22057,71,4,,1,31,,22058,71,4,,1,71,,22059,71,4,,1,34,,22060,71,4,,1,74,,22061,71,4,,1,31,,22062,71,4,,1,74,,22063,71,4,,1,34,,22064,71,4,,1,74,,22065,71,4,,1,75,,22066,71,4,,1,34,,22067,71,4,,1,77,,22068,71,4,,1,35,,22069,71,4,,1,75,,22070,71,4,,1,76,,22071,71,4,,1,34,,22040,71,4,,1,73,,22041,71,4,,1,34,,22042,71,4,,1,73,,22043,71,4,,1,33,,22044,71,4,,1,70,,22045,71,4,,1,31,,22046,71,4,,1,72,,22047,71,4,,1,32,,22048,71,4,,1,68,,22049,71,4,,1,30,,22050,71,4,,1,68,,22051,71,4,,1,27,,22052,71,4,,1,63,,22053,71,4,,1
3803,'CPSunday',841,,22072,71,4,,1,94,,22083,71,4,,1,94,,22073,71,4,,1,91,,22074,71,4,,1,98,,22079,71,4,,1,97,,22076,71,4,,1,96,,22075,71,4,,1,95,,22082,71,4,,1,97,,22077,71,4,,1,55,,22081,71,4,,1,93,,22078,71,4,,1,94,,22080,71,4,,1,93,,22084,71,4,,1,92,,22086,71,4,,1,88,,22085,71,4,,1
3803,'CPWeekday',506,,22118,10,4,,1,21,,22122,78,4,,1,31,,22111,78,4,,1,63,,22110,78,4,,1,30,,22108,78,4,,1,68,,22107,78,4,,1,30,,22109,78,4,,1,74,,22119,78,4,,1,32,,22113,78,4,,1,75,,22102,78,4,,1,75,,22100,78,4,,1,38,,22099,78,4,,1,78,,22123,78,4,,1,80,,22114,78,4,,1,38,,22101,78,4,,1,77,,22096,78,4,,1,36,,22095,78,4,,1,75,,22120,78,4,,1,78,,22115,78,4,,1,16,,22094,78,4,,1,36,,22105,78,4,,1,73,,22097,78,4,,1,70,,22092,78,4,,1,29,,22093,78,4,,1,28,,22124,78,4,,1,67,,22116,78,4,,1,30,,22091,78,4,,1,67,,22106,78,4,,1,31,,22098,78,4,,1,69,,22088,78,4,,1,33,,22121,78,4,,1,73,,22112,78,4,,1,25,,22087,78,4,,1,66,,22103,78,4,,1,84,,22089,78,4,,1,44,,22117,78,4,,1,83,,22104,78,4,,1,81,,22090,78,4,,1
3902,'CPHoliday1',809,,22372,76,4,,1,41,,22367,76,4,,1,81,,22361,76,4,,1,82,,22358,76,4,,1,44,,22373,76,4,,1,83,,22370,76,4,,1,85,,22362,76,4,,1,86,,22357,76,4,,1,45,,22374,76,4,,1,84,,22368,76,4,,1,85,,22363,76,4,,1,86,,22356,76,4,,1,45,,22375,76,4,,1,85,,22369,76,4,,1,85,,22364,76,4,,1,82,,22355,76,4,,1,43,,22376,76,4,,1,80,,22365,76,4,,1,81,,22360,76,4,,1,42,,22354,76,4,,1,78,,22371,76,4,,1,79,,22366,76,4,,1,36,,22359,76,4,,1,70,,22353,76,4,,1
3902,'CPSaturday',1023,,22381,76,4,,1,295,,22380,76,4,,1,234,,22382,76,4,,1,68,,22379,76,4,,1,225,,22383,76,4,,1,70,,22378,76,4,,1,218,,22384,76,4,,1,26,,22377,76,4,,1
3902,'CPSunday',809,,22404,76,4,,1,41,,22399,76,4,,1,81,,22393,76,4,,1,82,,22390,76,4,,1,44,,22405,76,4,,1,83,,22402,76,4,,1,85,,22394,76,4,,1,86,,22389,76,4,,1,45,,22406,76,4,,1,84,,22400,76,4,,1,85,,22395,76,4,,1,86,,22388,76,4,,1,45,,22407,76,4,,1,85,,22401,76,4,,1,85,,22396,76,4,,1,82,,22387,76,4,,1,43,,22408,76,4,,1,80,,22397,76,4,,1,81,,22392,76,4,,1,42,,22386,76,4,,1,78,,22403,76,4,,1,79,,22398,76,4,,1,36,,22391,76,4,,1,70,,22385,76,4,,1
3902,'MASaturday',802,,22429,76,4,,1,27,,22425,76,4,,1,27,,22424,76,4,,1,67,,22418,76,4,,1,31,,22433,76,4,,1,97,,22426,76,4,,1,69,,22421,76,4,,1,28,,22417,76,4,,1,70,,22415,76,4,,1,30,,22432,76,4,,1,98,,22427,76,4,,1,73,,22422,76,4,,1,32,,22413,76,4,,1,71,,22409,76,4,,1,127,,22428,76,4,,1,70,,22419,76,4,,1,29,,22414,76,4,,1,67,,22410,76,4,,1,127,,22430,76,4,,1,67,,22420,76,4,,1,29,,22412,76,4,,1,67,,22411,76,4,,1,116,,22431,76,4,,1,22,,22423,76,4,,1,59,,22416,76,4,,1
3902,'MAWeekday',533,,22434,77,4,,1,17,,22435,77,4,,1,59,,22436,77,4,,1,19,,22437,77,4,,1,17,,22438,77,4,,1,59,,22439,77,4,,1,23,,22440,77,4,,1,25,,22441,77,4,,1,65,,22442,77,4,,1,26,,22443,77,4,,1,62,,22444,77,4,,1,20,,22445,77,4,,1,17,,22446,77,4,,1,59,,22447,77,4,,1,18,,22448,77,4,,1,23,,22449,76,4,,1,73,,22450,76,4,,1,35,,22451,76,4,,1,75,,22452,76,4,,1,32,,22453,76,4,,1,74,,22454,76,4,,1,77,,22455,76,4,,1,43,,22456,76,4,,1,68,,22457,77,4,,1,25,,22458,77,4,,1,60,,22459,77,4,,1,23,,22460,77,4,,1,24,,22461,77,4,,1,60,,22462,77,4,,1,23,,22463,77,4,,1,21,,22464,77,4,,1,62,,22465,77,4,,1,17,,22466,77,4,,1,15,,22467,77,4,,1,56,,22468,77,4,,1,17,,22469,77,4,,1,19,,22470,77,4,,1,18,,22471,77,4,,1,60,,22472,77,4,,1,19,,22473,76,4,,1,20,,22474,76,4,,1,71,,22475,76,4,,1,78,,22476,76,4,,1,35,,22477,76,4,,1,78,,22478,76,4,,1,37,,22479,76,4,,1,76,,22480,76,4,,1,74,,22481,76,4,,1,38,,22482,76,4,,1
4202,'CPWeekday',449,,22761,49,4,,1,68,,22762,49,4,,1,22,,22763,49,4,,1,63,,22764,49,4,,1,27,,22765,49,4,,1,17,,22766,49,4,,1,56,,22767,49,4,,1,17,,22768,49,4,,1,15,,22769,49,4,,1,16,,22770,49,4,,1,55,,22771,49,4,,1,15,,22772,49,4,,1,15,,22773,49,4,,1,15,,22774,49,4,,1,54,,22775,49,4,,1,13,,22776,49,4,,1,12,,22777,49,4,,1,15,,22778,49,4,,1,15,,22779,49,4,,1,53,,22780,49,4,,1,15,,22781,49,4,,1,16,,22782,49,4,,1,15,,22783,49,4,,1,55,,22784,49,4,,1,15,,22785,49,4,,1,16,,22786,49,4,,1,56,,22787,49,4,,1,14,,22788,49,4,,1,16,,22789,49,4,,1,16,,22790,49,4,,1,56,,22791,49,4,,1,15,,22792,49,4,,1,18,,22793,49,4,,1,17,,22794,49,4,,1,55,,22795,49,4,,1,15,,22796,49,4,,1,17,,22797,49,4,,1,15,,22798,49,4,,1,55,,22799,49,4,,1,15,,22800,49,4,,1,16,,22801,49,4,,1,16,,22802,49,4,,1,57,,22803,49,4,,1,15,,22804,49,4,,1,15,,22805,49,4,,1,15,,22806,49,4,,1,55,,22807,49,4,,1,15,,22808,49,4,,1,13,,22809,49,4,,1,14,,22810,49,4,,1,55,,22811,49,4,,1,15,,22812,49,4,,1,15,,22813,49,4,,1,14,,22814,49,4,,1,53,,22815,49,4,,1,14,,22816,49,4,,1,12,,22817,49,4,,1,14,,22818,49,4,,1,55,,22819,49,4,,1,14,,22820,49,4,,1,15,,22821,49,4,,1,13,,22822,49,4,,1,15,,22823,49,4,,1,54,,22824,49,4,,1,15,,22825,49,4,,1,14,,22826,49,4,,1,15,,22827,49,4,,1,55,,22828,49,4,,1,14,,22829,49,4,,1,15,,22830,49,4,,1,15,,22831,49,4,,1,55,,22832,49,4,,1,14,,22833,49,4,,1,13,,22834,49,4,,1,14,,22835,49,4,,1,54,,22836,49,4,,1,13,,22837,49,4,,1,15,,22838,49,4,,1,15,,22839,49,4,,1,55,,22840,49,4,,1,15,,22841,49,4,,1,15,,22842,49,4,,1,14,,22843,49,4,,1
4202,'MAHoliday1',613,,22844,49,4,,1,25,,22845,49,4,,1,63,,22846,49,4,,1,26,,22847,49,4,,1,24,,22848,49,4,,1,67,,22849,49,4,,1,26,,22850,49,4,,1,64,,22851,49,4,,1,21,,22852,49,4,,1,19,,22853,49,4,,1,61,,22854,49,4,,1,22,,22855,49,4,,1,22,,22856,49,4,,1,62,,22857,49,4,,1,24,,22858,49,4,,1,64,,22859,49,4,,1,24,,22860,49,4,,1,23,,22861,49,4,,1,63,,22862,49,4,,1,22,,22863,49,4,,1,23,,22864,49,4,,1,61,,22865,49,4,,1,20,,22866,49,4,,1,19,,22867,49,4,,1,60,,22868,49,4,,1,20,,22869,49,4,,1,20,,22870,49,4,,1,60,,22871,49,4,,1,20,,22872,49,4,,1,21,,22873,49,4,,1,60,,22874,49,4,,1,20,,22875,49,4,,1,19,,22876,49,4,,1,59,,22877,49,4,,1,20,,22878,49,4,,1,19,,22879,49,4,,1,60,,22880,49,4,,1,20,,22881,49,4,,1,21,,22882,49,4,,1,60,,22883,49,4,,1,20,,22884,49,4,,1,19,,22885,49,4,,1,59,,22886,49,4,,1,19,,22887,49,4,,1,22,,22888,49,4,,1,63,,22889,49,4,,1,24,,22890,49,4,,1,59,,22891,49,4,,1,19,,22892,49,4,,1,17,,22893,49,4,,1,19,,22894,49,4,,1,59,,22895,49,4,,1,18,,22896,49,4,,1,19,,22897,49,4,,1,60,,22898,49,4,,1
4202,'MASaturday',536,,22923,49,4,,1,16,,22924,49,4,,1,56,,22925,49,4,,1,15,,22926,49,4,,1,18,,22927,49,4,,1,18,,22928,49,4,,1,55,,22899,49,4,,1,15,,22908,49,4,,1,18,,22929,49,4,,1,56,,22930,49,4,,1,16,,22931,49,4,,1,16,,22932,49,4,,1,18,,22933,49,4,,1,58,,22934,49,4,,1,18,,22900,49,4,,1,17,,22909,49,4,,1,57,,22935,49,4,,1,18,,22936,49,4,,1,18,,22937,49,4,,1,18,,22938,49,4,,1,57,,22939,49,4,,1,16,,22940,49,4,,1,15,,22901,49,4,,1,55,,22910,49,4,,1,15,,22941,49,4,,1,14,,22917,49,4,,1,15,,22942,49,4,,1,15,,22943,49,4,,1,55,,22944,49,4,,1,15,,22945,49,4,,1,16,,22946,49,4,,1,56,,22902,49,4,,1,16,,22911,49,4,,1,17,,22947,49,4,,1,16,,22918,49,4,,1,58,,22948,49,4,,1,16,,22949,49,4,,1,16,,22950,49,4,,1,16,,22951,49,4,,1,56,,22952,49,4,,1,16,,22903,49,4,,1,16,,22912,49,4,,1,56,,22953,49,4,,1,16,,22919,49,4,,1,16,,22954,49,4,,1,16,,22955,49,4,,1,54,,22956,49,4,,1,16,,22957,49,4,,1,16,,22958,49,4,,1,16,,22904,49,4,,1,56,,22913,49,4,,1,16,,22959,49,4,,1,15,,22920,49,4,,1,15,,22960,49,4,,1,56,,22961,49,4,,1,15,,22962,49,4,,1,18,,22963,49,4,,1,18,,22905,49,4,,1,59,,22914,49,4,,1,18,,22964,49,4,,1,20,,22921,49,4,,1,62,,22965,49,4,,1,21,,22966,49,4,,1,19,,22906,49,4,,1,60,,22915,49,4,,1,20,,22967,49,4,,1,20,,22922,49,4,,1,59,,22968,49,4,,1,19,,22969,49,4,,1,20,,22907,49,4,,1,58,,22916,49,4,,1,15,,22970,49,4,,1
4202,'MASunday',613,,22971,49,4,,1,25,,22972,49,4,,1,63,,22973,49,4,,1,26,,22974,49,4,,1,24,,22975,49,4,,1,67,,22976,49,4,,1,26,,22977,49,4,,1,64,,22978,49,4,,1,21,,22979,49,4,,1,19,,22980,49,4,,1,61,,22981,49,4,,1,22,,22982,49,4,,1,22,,22983,49,4,,1,62,,22984,49,4,,1,24,,22985,49,4,,1,64,,22986,49,4,,1,24,,22987,49,4,,1,23,,22988,49,4,,1,63,,22989,49,4,,1,22,,22990,49,4,,1,23,,22991,49,4,,1,61,,22992,49,4,,1,20,,22993,49,4,,1,19,,22994,49,4,,1,60,,22995,49,4,,1,20,,22996,49,4,,1,20,,22997,49,4,,1,60,,22998,49,4,,1,20,,22999,49,4,,1,21,,23000,49,4,,1,60,,23001,49,4,,1,20,,23002,49,4,,1,19,,23003,49,4,,1,59,,23004,49,4,,1,20,,23005,49,4,,1,19,,23006,49,4,,1,60,,23007,49,4,,1,20,,23008,49,4,,1,21,,23009,49,4,,1,60,,23010,49,4,,1,20,,23011,49,4,,1,19,,23012,49,4,,1,59,,23013,49,4,,1,19,,23014,49,4,,1,22,,23015,49,4,,1,63,,23016,49,4,,1,24,,23017,49,4,,1,59,,23018,49,4,,1,19,,23019,49,4,,1,17,,23020,49,4,,1,19,,23021,49,4,,1,59,,23022,49,4,,1,18,,23023,49,4,,1,19,,23024,49,4,,1,60,,23025,49,4,,1
4303,'CPWeekday',548,,23026,68,4,,1,82,,23033,68,4,,1,81,,23029,68,4,,1,40,,23031,68,4,,1,80,,23027,68,4,,1,80,,23034,68,4,,1,37,,23030,68,4,,1,76,,23032,68,4,,1,80,,23028,68,4,,1
4403,'CPHoliday1',757,,23067,48,4,,1,84,,23068,48,4,,1,85,,23066,48,4,,1,85,,23064,48,4,,1,30,,23063,48,4,,1,70,,23065,48,4,,1,30,,23061,48,4,,1,71,,23060,48,4,,1,29,,23062,48,4,,1,71,,23058,48,4,,1,31,,23059,48,4,,1,71,,23056,48,4,,1,31,,23057,48,4,,1,71,,23055,48,4,,1,31,,23054,48,4,,1,71,,23053,48,4,,1,31,,23052,48,4,,1,71,,23051,48,4,,1,31,,23050,48,4,,1,85,,23046,48,4,,1,86,,23047,48,4,,1,80,,23045,48,4,,1,45,,23048,48,4,,1,83,,23044,48,4,,1,80,,23049,48,4,,1
4403,'CPSaturday',802,,23091,48,4,,1,45,,23092,48,4,,1,88,,23090,48,4,,1,85,,23088,48,4,,1,85,,23089,48,4,,1,45,,23087,48,4,,1,85,,23086,48,4,,1,85,,23083,48,4,,1,30,,23085,48,4,,1,71,,23084,48,4,,1,32,,23082,48,4,,1,74,,23081,48,4,,1,32,,23080,48,4,,1,72,,23079,48,4,,1,72,,23078,48,4,,1,31,,23076,48,4,,1,72,,23075,48,4,,1,31,,23074,48,4,,1,72,,23077,48,4,,1,32,,23071,48,4,,1,81,,23070,48,4,,1,82,,23072,48,4,,1,44,,23069,48,4,,1,82,,23073,48,4,,1
4403,'CPSunday',757,,23116,48,4,,1,84,,23117,48,4,,1,85,,23115,48,4,,1,85,,23113,48,4,,1,30,,23112,48,4,,1,70,,23114,48,4,,1,30,,23110,48,4,,1,71,,23109,48,4,,1,29,,23111,48,4,,1,71,,23107,48,4,,1,31,,23108,48,4,,1,71,,23105,48,4,,1,31,,23106,48,4,,1,71,,23104,48,4,,1,31,,23103,48,4,,1,71,,23102,48,4,,1,31,,23101,48,4,,1,71,,23100,48,4,,1,31,,23099,48,4,,1,85,,23095,48,4,,1,86,,23096,48,4,,1,80,,23094,48,4,,1,45,,23097,48,4,,1,83,,23093,48,4,,1,80,,23098,48,4,,1
4403,'CPWeekday',607,,23118,48,4,,1,25,,23119,48,4,,1,25,,23120,48,4,,1,69,,23121,48,4,,1,26,,23122,48,4,,1,66,,23123,48,4,,1,28,,23124,48,4,,1,68,,23125,48,4,,1,26,,23126,48,4,,1,66,,23127,48,4,,1,26,,23128,48,4,,1,26,,23129,48,4,,1,66,,23130,48,4,,1,25,,23131,48,4,,1,65,,23132,48,4,,1,25,,23133,48,4,,1,65,,23134,48,4,,1,25,,23135,48,4,,1,25,,23136,48,4,,1,66,,23137,48,4,,1,21,,23138,48,4,,1,16,,23139,48,4,,1,56,,23140,48,4,,1,16,,23141,48,4,,1,16,,23142,48,4,,1,56,,23143,48,4,,1,16,,23144,48,4,,1,16,,23145,48,4,,1,16,,23146,48,4,,1,56,,23147,48,4,,1,16,,23148,48,4,,1,16,,23149,48,4,,1,16,,23150,48,4,,1,56,,23151,48,4,,1,18,,23152,48,4,,1,18,,23153,48,4,,1,14,,23154,48,4,,1,56,,23155,48,4,,1,16,,23156,48,4,,1,14,,23157,48,4,,1,55,,23158,48,4,,1,16,,23159,48,4,,1,18,,23160,48,4,,1,22,,23161,48,4,,1,65,,23162,48,4,,1,38,,23163,48,4,,1,85,,23164,48,4,,1,88,,23165,48,4,,1,88,,23166,48,4,,1,88,,23167,48,4,,1,49,,23168,48,4,,1
4503,'CPHoliday1',846,,23298,46,4,,1,75,,23299,46,4,,1,35,,23300,46,4,,1,77,,23301,46,4,,1,76,,23302,46,4,,1,37,,23303,46,4,,1,81,,23304,46,4,,1,81,,23305,46,4,,1,41,,23306,46,4,,1,80,,23307,46,4,,1,81,,23308,46,4,,1,40,,23309,46,4,,1,80,,23310,46,4,,1,80,,23311,46,4,,1,40,,23312,46,4,,1,76,,23313,46,4,,1,80,,23314,46,4,,1,40,,23315,46,4,,1,79,,23316,46,4,,1,78,,23317,46,4,,1,38,,23318,46,4,,1,75,,23319,46,4,,1,35,,23320,46,4,,1
4503,'CPSaturday',714,,23321,46,4,,1,35,,23322,46,4,,1,76,,23323,46,4,,1,76,,23324,46,4,,1,40,,23325,46,4,,1,80,,23326,46,4,,1,81,,23327,46,4,,1,41,,23328,46,4,,1,80,,23329,46,4,,1,83,,23330,46,4,,1,44,,23331,46,4,,1,83,,23332,46,4,,1,83,,23333,46,4,,1,43,,23334,46,4,,1,82,,23335,46,4,,1,82,,23336,46,4,,1,82,,23337,46,4,,1,40,,23338,46,4,,1,79,,23339,46,4,,1,79,,23340,46,4,,1,38,,23341,46,4,,1,76,,23342,46,4,,1,38,,23343,46,4,,1,74,,23344,46,4,,1,83,,23345,46,4,,1
4503,'CPSunday',846,,23346,46,4,,1,75,,23347,46,4,,1,35,,23348,46,4,,1,77,,23349,46,4,,1,76,,23350,46,4,,1,37,,23351,46,4,,1,81,,23352,46,4,,1,81,,23353,46,4,,1,41,,23354,46,4,,1,80,,23355,46,4,,1,81,,23356,46,4,,1,40,,23357,46,4,,1,80,,23358,46,4,,1,80,,23359,46,4,,1,40,,23360,46,4,,1,76,,23361,46,4,,1,80,,23362,46,4,,1,40,,23363,46,4,,1,79,,23364,46,4,,1,78,,23365,46,4,,1,38,,23366,46,4,,1,75,,23367,46,4,,1,35,,23368,46,4,,1
4503,'CPWeekday',536,,23369,46,4,,1,82,,23370,46,4,,1,16,,23371,42,4,,1,16,,23372,46,4,,1,58,,23373,42,4,,1,24,,23374,46,4,,1,17,,23375,42,4,,1,66,,23376,46,4,,1,18,,23377,42,4,,1,20,,23378,46,4,,1,56,,23379,42,4,,1,18,,23380,46,4,,1,23,,23381,42,4,,1,61,,23382,46,4,,1,18,,23383,46,4,,1,23,,23384,46,4,,1,72,,23385,46,4,,1,31,,23386,46,4,,1,71,,23387,46,4,,1,74,,23388,46,4,,1,32,,23389,46,4,,1,71,,23390,46,4,,1,36,,23391,46,4,,1,64,,23392,42,4,,1,25,,23393,46,4,,1,12,,23394,42,4,,1,63,,23395,46,4,,1,16,,23396,42,4,,1,23,,23397,46,4,,1,58,,23398,42,4,,1,20,,23399,46,4,,1,15,,23400,42,4,,1,10,,23420,46,4,,1,11,,23401,46,4,,1,52,,23402,42,4,,1,21,,23403,46,4,,1,17,,23404,42,4,,1,57,,23405,46,4,,1,19,,23406,42,4,,1,20,,23407,46,4,,1,62,,23408,46,4,,1,21,,23409,46,4,,1,21,,23410,46,4,,1,60,,23411,46,4,,1,21,,23412,46,4,,1,27,,23413,46,4,,1,66,,23414,46,4,,1,26,,23415,46,4,,1,68,,23416,46,4,,1,28,,23417,46,4,,1,68,,23418,46,4,,1,28,,23419,46,4,,1
4603,'CPHoliday1',827,,23541,33,4,,1,80,,23542,33,4,,1,42,,23543,33,4,,1,80,,23544,33,4,,1,80,,23545,33,4,,1,40,,23546,33,4,,1,80,,23547,33,4,,1,80,,23548,33,4,,1,42,,23549,33,4,,1,82,,23550,33,4,,1,83,,23551,33,4,,1,84,,23552,33,4,,1,42,,23553,33,4,,1,82,,23554,33,4,,1,82,,23555,33,4,,1,42,,23556,33,4,,1,82,,23557,33,4,,1,84,,23558,33,4,,1,43,,23559,33,4,,1,79,,23560,33,4,,1
4603,'CPSaturday',740,,23561,33,4,,1,81,,23562,33,4,,1,80,,23563,33,4,,1,42,,23564,33,4,,1,80,,23565,33,4,,1,80,,23566,33,4,,1,42,,23567,33,4,,1,82,,23568,33,4,,1,82,,23569,33,4,,1,45,,23570,33,4,,1,84,,23571,33,4,,1,84,,23572,33,4,,1,84,,23573,33,4,,1,44,,23574,33,4,,1,84,,23575,33,4,,1,83,,23576,33,4,,1,84,,23577,33,4,,1,44,,23578,33,4,,1,80,,23579,33,4,,1,81,,23580,33,4,,1,40,,23581,33,4,,1,80,,23582,33,4,,1,80,,23583,33,4,,1
4603,'CPSunday',827,,23584,33,4,,1,80,,23585,33,4,,1,42,,23586,33,4,,1,80,,23587,33,4,,1,80,,23588,33,4,,1,40,,23589,33,4,,1,80,,23590,33,4,,1,80,,23591,33,4,,1,42,,23592,33,4,,1,82,,23593,33,4,,1,83,,23594,33,4,,1,84,,23595,33,4,,1,42,,23596,33,4,,1,82,,23597,33,4,,1,82,,23598,33,4,,1,42,,23599,33,4,,1,82,,23600,33,4,,1,84,,23601,33,4,,1,43,,23602,33,4,,1,79,,23603,33,4,,1
4603,'CPWeekday',518,,23630,33,4,,1,93,,23629,33,4,,1,41,,23625,33,4,,1,83,,23631,33,4,,1,86,,23626,33,4,,1,88,,23628,33,4,,1,44,,23632,33,4,,1,84,,23627,33,4,,1,84,,23609,33,4,,1,84,,23620,33,4,,1,44,,23617,33,4,,1,86,,23621,33,4,,1,85,,23616,33,4,,1,87,,23618,33,4,,1,48,,23619,33,4,,1,88,,23622,33,4,,1,88,,23613,33,4,,1,86,,23611,33,4,,1,86,,23623,33,4,,1,46,,23610,33,4,,1,82,,23624,33,4,,1,82,,23612,33,4,,1,43,,23614,33,4,,1,82,,23615,33,4,,1,81,,23604,33,4,,1,37,,23607,33,4,,1,80,,23606,33,4,,1,78,,23605,33,4,,1,37,,23608,33,4,,1
4803,'CPHoliday1',625,,23727,30,4,,1,30,,23728,30,4,,1,70,,23729,30,4,,1,76,,23730,30,4,,1,35,,23731,30,4,,1,76,,23732,30,4,,1,36,,23733,30,4,,1,77,,23734,30,4,,1,75,,23735,30,4,,1,40,,23736,30,4,,1,78,,23737,30,4,,1,38,,23738,30,4,,1,78,,23739,30,4,,1,78,,23740,30,4,,1,38,,23741,30,4,,1,78,,23742,30,4,,1,78,,23743,30,4,,1,37,,23744,30,4,,1,79,,23745,30,4,,1,78,,23746,30,4,,1,38,,23747,30,4,,1,76,,23748,30,4,,1,38,,23749,30,4,,1,75,,23750,30,4,,1,75,,23751,30,4,,1,33,,23752,30,4,,1,71,,23753,30,4,,1,29,,23754,30,4,,1,72,,23755,30,4,,1
4803,'CPSaturday',527,,23756,30,4,,1,31,,23757,30,4,,1,70,,23758,30,4,,1,72,,23759,30,4,,1,37,,23760,30,4,,1,75,,23761,30,4,,1,37,,23762,30,4,,1,78,,23763,30,4,,1,76,,23764,30,4,,1,37,,23765,30,4,,1,78,,23766,30,4,,1,38,,23767,30,4,,1,80,,23768,30,4,,1,78,,23769,30,4,,1,38,,23770,30,4,,1,78,,23771,30,4,,1,78,,23772,30,4,,1,41,,23773,30,4,,1,81,,23774,30,4,,1,80,,23775,30,4,,1,40,,23776,30,4,,1,79,,23777,30,4,,1,78,,23778,30,4,,1,40,,23779,30,4,,1,77,,23780,30,4,,1,78,,23781,30,4,,1,34,,23782,30,4,,1,74,,23783,30,4,,1,36,,23784,30,4,,1,73,,23785,30,4,,1,34,,23786,30,4,,1,73,,23787,30,4,,1,33,,23788,30,4,,1,74,,23789,30,4,,1,74,,23790,30,4,,1,34,,23791,30,4,,1,72,,23792,30,4,,1
4803,'CPSunday',625,,23793,30,4,,1,30,,23794,30,4,,1,70,,23795,30,4,,1,76,,23796,30,4,,1,35,,23797,30,4,,1,76,,23798,30,4,,1,36,,23799,30,4,,1,77,,23800,30,4,,1,75,,23801,30,4,,1,40,,23802,30,4,,1,78,,23803,30,4,,1,38,,23804,30,4,,1,78,,23805,30,4,,1,78,,23806,30,4,,1,38,,23807,30,4,,1,78,,23808,30,4,,1,78,,23809,30,4,,1,37,,23810,30,4,,1,79,,23811,30,4,,1,78,,23812,30,4,,1,38,,23813,30,4,,1,76,,23814,30,4,,1,38,,23815,30,4,,1,75,,23816,30,4,,1,75,,23817,30,4,,1,33,,23818,30,4,,1,71,,23819,30,4,,1,29,,23820,30,4,,1,72,,23821,30,4,,1
4803,'CPWeekday',452,,23822,30,4,,1,85,,23823,30,4,,1,82,,23824,30,4,,1,19,,23825,30,4,,1,18,,23826,30,4,,1,63,,23827,30,4,,1,21,,23828,30,4,,1,63,,23829,30,4,,1,24,,23830,30,4,,1,22,,23831,30,4,,1,62,,23832,30,4,,1,22,,23833,30,4,,1,24,,23834,30,4,,1,65,,23835,30,4,,1,29,,23836,30,4,,1,68,,23837,30,4,,1,30,,23838,30,4,,1,70,,23839,30,4,,1,30,,23840,30,4,,1,68,,23841,30,4,,1,28,,23842,30,4,,1,68,,23843,30,4,,1,23,,23844,30,4,,1,22,,23845,30,4,,1,64,,23846,30,4,,1,25,,23847,30,4,,1,64,,23848,30,4,,1,24,,23849,30,4,,1,24,,23850,30,4,,1,64,,23851,30,4,,1,24,,23852,30,4,,1,64,,23853,30,4,,1,24,,23854,30,4,,1,68,,23855,30,4,,1,38,,23856,30,4,,1,80,,23857,30,4,,1,37,,23858,30,4,,1,76,,23859,30,4,,1,74,,23860,30,4,,1,33,,23861,30,4,,1,74,,23862,30,4,,1,42,,23863,30,4,,1,83,,23864,30,4,,1,80,,23865,30,4,,1
9001,'CPWeekday',546,,25837,24,4,,1,65,,25838,24,4,,1,31,,25839,24,4,,1,70,,25840,24,4,,1,30,,25841,24,4,,1,70,,25842,24,4,,1,30,,25843,24,4,,1,90,,25844,24,4,,1,91,,25845,24,4,,1,90,,25846,24,4,,1,90,,25847,24,4,,1,50,,25848,24,4,,1,90,,25849,24,4,,1,71,,25850,24,4,,1,30,,25851,24,4,,1,69,,25852,24,4,,1,30,,25853,24,4,,1,69,,25854,24,4,,1,32,,25855,23,4,,1,72,,25856,23,4,,1,30,,25857,23,4,,1,71,,25858,23,4,,1,30,,25859,23,4,,1,70,,25860,23,4,,1,31,,25861,23,4,,1,79,,25862,23,4,,1,79,,25863,24,4,,1,46,,25864,24,4,,1,86,,25865,24,4,,1,86,,25866,24,4,,1
9002,'CPWeekday',453,,25867,23,4,,1,66,,25868,23,4,,1,25,,25869,23,4,,1,73,,25870,23,4,,1,30,,25871,23,4,,1,72,,25872,23,4,,1,30,,25873,23,4,,1,70,,25874,23,4,,1,30,,25875,23,4,,1,67,,25876,23,4,,1,89,,25877,23,4,,1,50,,25878,23,4,,1,90,,25879,23,4,,1,90,,25880,23,4,,1,91,,25881,23,4,,1,92,,25882,23,4,,1,32,,25883,23,4,,1,70,,25884,23,4,,1,30,,25885,23,4,,1,71,,25886,23,4,,1,30,,25887,23,4,,1,70,,25888,23,4,,1,30,,25889,23,4,,1,69,,25890,23,4,,1,30,,25891,23,4,,1,68,,25892,23,4,,1,30,,25893,23,4,,1,71,,25894,23,4,,1,33,,25895,23,4,,1,84,,25896,23,4,,1,84,,25897,23,4,,1,87,,25898,23,4,,1,44,,25899,23,4,,1
10903,'CPHoliday1',849,,27066,20,4,,1,65,,27060,20,4,,1,27,,27053,20,4,,1,66,,27048,20,4,,1,25,,27046,20,4,,1,22,,27045,20,4,,1,60,,27067,20,4,,1,21,,27059,20,4,,1,21,,27056,20,4,,1,61,,27039,20,4,,1,20,,27049,20,4,,1,21,,27040,20,4,,1,61,,27038,20,4,,1,22,,27065,20,4,,1,61,,27061,20,4,,1,20,,27054,20,4,,1,20,,27036,20,4,,1,60,,27050,20,4,,1,20,,27041,20,4,,1,20,,27035,20,4,,1,60,,27068,20,4,,1,20,,27062,20,4,,1,19,,27055,20,4,,1,59,,27032,20,4,,1,20,,27047,20,4,,1,20,,27042,20,4,,1,60,,27033,20,4,,1,19,,27069,20,4,,1,19,,27063,20,4,,1,20,,27052,20,4,,1,60,,27029,20,4,,1,19,,27051,20,4,,1,18,,27043,20,4,,1,60,,27034,20,4,,1,19,,27070,20,4,,1,19,,27064,20,4,,1,59,,27058,20,4,,1,20,,27030,20,4,,1,24,,27044,20,4,,1,64,,27037,20,4,,1,29,,27071,20,4,,1,70,,27057,20,4,,1,30,,27031,20,4,,1
10903,'CPSaturday',759,,27118,20,4,,1,60,,27112,20,4,,1,21,,27104,20,4,,1,60,,27098,20,4,,1,22,,27091,20,4,,1,22,,27090,20,4,,1,60,,27117,20,4,,1,20,,27110,20,4,,1,21,,27103,20,4,,1,60,,27089,20,4,,1,19,,27096,20,4,,1,20,,27092,20,4,,1,58,,27082,20,4,,1,19,,27083,20,4,,1,19,,27119,20,4,,1,18,,27111,20,4,,1,58,,27106,20,4,,1,18,,27081,20,4,,1,19,,27097,20,4,,1,58,,27093,20,4,,1,19,,27084,20,4,,1,18,,27080,20,4,,1,58,,27120,20,4,,1,19,,27113,20,4,,1,19,,27105,20,4,,1,60,,27079,20,4,,1,20,,27101,20,4,,1,20,,27094,20,4,,1,59,,27087,20,4,,1,19,,27076,20,4,,1,20,,27122,20,4,,1,60,,27116,20,4,,1,20,,27108,20,4,,1,19,,27075,20,4,,1,18,,27099,20,4,,1,58,,27095,20,4,,1,17,,27085,20,4,,1,18,,27074,20,4,,1,58,,27121,20,4,,1,14,,27114,20,4,,1,16,,27109,20,4,,1,19,,27078,20,4,,1,64,,27102,20,4,,1,25,,27088,20,4,,1,63,,27073,20,4,,1,21,,27115,20,4,,1,21,,27107,20,4,,1,62,,27077,20,4,,1,21,,27100,20,4,,1,22,,27086,20,4,,1,62,,27072,20,4,,1
10903,'CPSunday',849,,27160,20,4,,1,65,,27154,20,4,,1,27,,27147,20,4,,1,66,,27142,20,4,,1,25,,27140,20,4,,1,22,,27139,20,4,,1,60,,27161,20,4,,1,21,,27153,20,4,,1,21,,27150,20,4,,1,61,,27133,20,4,,1,20,,27143,20,4,,1,21,,27134,20,4,,1,61,,27132,20,4,,1,22,,27159,20,4,,1,61,,27155,20,4,,1,20,,27148,20,4,,1,20,,27130,20,4,,1,60,,27144,20,4,,1,20,,27135,20,4,,1,20,,27129,20,4,,1,60,,27162,20,4,,1,20,,27156,20,4,,1,19,,27149,20,4,,1,59,,27126,20,4,,1,20,,27141,20,4,,1,20,,27136,20,4,,1,60,,27127,20,4,,1,19,,27163,20,4,,1,19,,27157,20,4,,1,20,,27146,20,4,,1,60,,27123,20,4,,1,19,,27145,20,4,,1,18,,27137,20,4,,1,60,,27128,20,4,,1,19,,27164,20,4,,1,19,,27158,20,4,,1,59,,27152,20,4,,1,20,,27124,20,4,,1,24,,27138,20,4,,1,64,,27131,20,4,,1,29,,27165,20,4,,1,70,,27151,20,4,,1,30,,27125,20,4,,1
10903,'CPWeekday',600,,27166,20,4,,1,27,,27167,20,4,,1,26,,27168,20,4,,1,55,,27169,20,4,,1,17,,27170,20,4,,1,16,,27171,20,4,,1,16,,27172,20,4,,1,57,,27173,20,4,,1,16,,27174,20,4,,1,15,,27175,20,4,,1,56,,27176,20,4,,1,14,,27177,20,4,,1,14,,27178,20,4,,1,15,,27179,20,4,,1,14,,27180,20,4,,1,55,,27181,20,4,,1,14,,27182,20,4,,1,14,,27183,20,4,,1,14,,27184,20,4,,1,55,,27185,20,4,,1,15,,27186,20,4,,1,15,,27187,20,4,,1,15,,27188,20,4,,1,55,,27189,20,4,,1,15,,27190,20,4,,1,15,,27191,20,4,,1,16,,27192,20,4,,1,56,,27193,20,4,,1,15,,27194,20,4,,1,15,,27195,20,4,,1,16,,27196,20,4,,1,55,,27197,20,4,,1,17,,27198,20,4,,1,17,,27199,20,4,,1,55,,27200,20,4,,1,16,,27201,20,4,,1,16,,27202,20,4,,1,17,,27203,20,4,,1,57,,27204,20,4,,1,10,,27205,20,4,,1,10,,27206,20,4,,1,10,,27207,20,4,,1,11,,27208,20,4,,1,10,,27209,20,4,,1,50,,27210,20,4,,1,9,,27211,20,4,,1,9,,27212,20,4,,1,9,,27213,20,4,,1,9,,27214,20,4,,1,9,,27215,20,4,,1,49,,27216,20,4,,1,10,,27217,20,4,,1,9,,27218,20,4,,1,8,,27219,20,4,,1,8,,27220,20,4,,1,9,,27221,20,4,,1,9,,27222,20,4,,1,47,,27223,20,4,,1,8,,27224,20,4,,1,9,,27225,20,4,,1,8,,27226,20,4,,1,9,,27227,20,4,,1,8,,27228,20,4,,1,9,,27229,20,4,,1,48,,27230,20,4,,1,14,,27231,20,4,,1,14,,27232,20,4,,1,13,,27233,20,4,,1,15,,27234,20,4,,1,54,,27235,20,4,,1,14,,27236,20,4,,1,15,,27237,20,4,,1,13,,27238,20,4,,1,55,,27239,20,4,,1,14,,27240,20,4,,1,14,,27241,20,4,,1,15,,27242,20,4,,1,56,,27243,20,4,,1,19,,27244,20,4,,1,20,,27245,20,4,,1,60,,27246,20,4,,1,22,,27247,20,4,,1
