704,'CPWeekday',227,,16533,24,0,19 20,1,77,,16534,24,0,19 20,1,46,,16535,24,0,19 20,1,81,,16536,24,0,19 20,1,26,,16546,24,0,19 20,1,63,,16543,24,0,19 20,1,133,,16537,24,0,19 20,1,83,,16545,24,0,19 20,1,23,,16544,24,0,19 20,1,172,,16538,24,0,19 20,1,279,,16539,24,0,19 20,1,242,,16540,24,0,19 20,1,299,,16541,24,0,19 20,1,283,,16542,24,0,19 20,1
704,'MAHoliday1',426,,16547,24,0,19 20,1,80,,16548,24,0,19 20,1,23,,16549,24,0,19 20,1,22,,16550,24,0,19 20,1,61,,16551,24,0,19 20,1,23,,16552,24,0,19 20,1,22,,16553,24,0,19 20,1,63,,16554,24,0,19 20,1,22,,16555,24,0,19 20,1,62,,16556,24,0,19 20,1,23,,16557,24,0,19 20,1,21,,16558,24,0,19 20,1,62,,16559,24,0,19 20,1,23,,16560,24,0,19 20,1,22,,16561,24,0,19 20,1,62,,16562,24,0,19 20,1,21,,16563,24,0,19 20,1,62,,16564,24,0,19 20,1,21,,16565,24,0,19 20,1,24,,16566,24,0,19 20,1,65,,16567,24,0,19 20,1,24,,16568,24,0,19 20,1,24,,16569,24,0,19 20,1,64,,16570,24,0,19 20,1,24,,16571,24,0,19 20,1,65,,16572,24,0,19 20,1,24,,16573,24,0,19 20,1,24,,16574,24,0,19 20,1,64,,16575,24,0,19 20,1,23,,16576,24,0,19 20,1,64,,16577,24,0,19 20,1,24,,16578,24,0,19 20,1,24,,16579,24,0,19 20,1,64,,16580,24,0,19 20,1,24,,16581,24,0,19 20,1,63,,16582,24,0,19 20,1,24,,16583,24,0,19 20,1,24,,16584,24,0,19 20,1,63,,16585,24,0,19 20,1,24,,16586,24,0,19 20,1,61,,16587,24,0,19 20,1,22,,16588,24,0,19 20,1,22,,16589,24,0,19 20,1,63,,16590,24,0,19 20,1,23,,16591,24,0,19 20,1,22,,16592,24,0,19 20,1,62,,16593,24,0,19 20,1,22,,16594,24,0,19 20,1,61,,16595,24,0,19 20,1,22,,16596,24,0,19 20,1,20,,16597,24,0,19 20,1,59,,16598,24,0,19 20,1
704,'MASaturday',419,,16599,24,0,19 20,1,20,,16600,24,0,19 20,1,20,,16601,24,0,19 20,1,62,,16602,24,0,19 20,1,21,,16603,24,0,19 20,1,62,,16604,24,0,19 20,1,23,,16605,24,0,19 20,1,23,,16606,24,0,19 20,1,63,,16607,24,0,19 20,1,22,,16608,24,0,19 20,1,22,,16609,24,0,19 20,1,61,,16610,24,0,19 20,1,23,,16611,24,0,19 20,1,64,,16612,24,0,19 20,1,24,,16613,24,0,19 20,1,25,,16614,24,0,19 20,1,67,,16615,24,0,19 20,1,25,,16616,24,0,19 20,1,64,,16617,24,0,19 20,1,25,,16618,24,0,19 20,1,65,,16619,24,0,19 20,1,24,,16620,24,0,19 20,1,25,,16621,24,0,19 20,1,66,,16622,24,0,19 20,1,25,,16623,24,0,19 20,1,65,,16624,24,0,19 20,1,24,,16625,24,0,19 20,1,26,,16626,24,0,19 20,1,65,,16627,24,0,19 20,1,25,,16628,24,0,19 20,1,65,,16629,24,0,19 20,1,25,,16630,24,0,19 20,1,65,,16631,24,0,19 20,1,24,,16632,24,0,19 20,1,23,,16633,24,0,19 20,1,64,,16634,24,0,19 20,1,25,,16635,24,0,19 20,1,66,,16636,24,0,19 20,1,24,,16637,24,0,19 20,1,22,,16638,24,0,19 20,1,62,,16639,24,0,19 20,1,22,,16640,24,0,19 20,1,20,,16641,24,0,19 20,1,61,,16642,24,0,19 20,1,23,,16643,24,0,19 20,1,23,,16644,24,0,19 20,1,63,,16645,24,0,19 20,1,22,,16646,24,0,19 20,1,61,,16647,24,0,19 20,1,20,,16648,24,0,19 20,1,20,,16649,24,0,19 20,1,60,,16650,24,0,19 20,1,21,,16651,24,0,19 20,1,21,,16652,24,0,19 20,1,60,,16653,24,0,19 20,1
704,'MASunday',426,,16654,24,0,19 20,1,80,,16655,24,0,19 20,1,23,,16656,24,0,19 20,1,22,,16657,24,0,19 20,1,61,,16658,24,0,19 20,1,23,,16659,24,0,19 20,1,22,,16660,24,0,19 20,1,63,,16661,24,0,19 20,1,22,,16662,24,0,19 20,1,62,,16663,24,0,19 20,1,23,,16664,24,0,19 20,1,21,,16665,24,0,19 20,1,62,,16666,24,0,19 20,1,23,,16667,24,0,19 20,1,22,,16668,24,0,19 20,1,62,,16669,24,0,19 20,1,21,,16670,24,0,19 20,1,62,,16671,24,0,19 20,1,21,,16672,24,0,19 20,1,24,,16673,24,0,19 20,1,65,,16674,24,0,19 20,1,24,,16675,24,0,19 20,1,24,,16676,24,0,19 20,1,64,,16677,24,0,19 20,1,24,,16678,24,0,19 20,1,65,,16679,24,0,19 20,1,24,,16680,24,0,19 20,1,24,,16681,24,0,19 20,1,64,,16682,24,0,19 20,1,23,,16683,24,0,19 20,1,64,,16684,24,0,19 20,1,24,,16685,24,0,19 20,1,24,,16686,24,0,19 20,1,64,,16687,24,0,19 20,1,24,,16688,24,0,19 20,1,63,,16689,24,0,19 20,1,24,,16690,24,0,19 20,1,24,,16691,24,0,19 20,1,63,,16692,24,0,19 20,1,24,,16693,24,0,19 20,1,61,,16694,24,0,19 20,1,22,,16695,24,0,19 20,1,22,,16696,24,0,19 20,1,63,,16697,24,0,19 20,1,23,,16698,24,0,19 20,1,22,,16699,24,0,19 20,1,62,,16700,24,0,19 20,1,22,,16701,24,0,19 20,1,61,,16702,24,0,19 20,1,22,,16703,24,0,19 20,1,20,,16704,24,0,19 20,1,59,,16705,24,0,19 20,1
704,'MAWeekday',542,,16706,24,0,19 20,1,63,,16707,24,0,19 20,1,26,,16743,24,0,19 20,1,83,,16708,24,0,19 20,1,107,,16709,24,0,19 20,1,23,,16710,24,0,19 20,1,63,,16742,24,0,19 20,1,93,,16711,24,0,19 20,1,28,,16744,24,0,19 20,1,25,,16712,24,0,19 20,1,66,,16713,24,0,19 20,1,26,,16714,24,0,19 20,1,90,,16715,24,0,19 20,1,23,,16716,24,0,19 20,1,59,,16745,24,0,19 20,1,20,,16717,24,0,19 20,1,64,,16718,24,0,19 20,1,25,,16719,24,0,19 20,1,91,,16720,24,0,19 20,1,28,,16721,24,0,19 20,1,66,,16722,24,0,19 20,1,25,,16723,24,0,19 20,1,65,,16724,24,0,19 20,1,26,,16725,24,0,19 20,1,89,,16726,24,0,19 20,1,23,,16727,24,0,19 20,1,65,,16728,24,0,19 20,1,23,,16729,24,0,19 20,1,23,,16730,24,0,19 20,1,61,,16731,24,0,19 20,1,46,,16732,24,0,19 20,1,62,,16733,24,0,19 20,1,22,,16734,24,0,19 20,1,75,,16735,24,0,19 20,1,34,,16736,24,0,19 20,1,73,,16737,24,0,19 20,1,36,,16738,24,0,19 20,1,77,,16739,24,0,19 20,1,73,,16740,24,0,19 20,1,38,,16741,24,0,19 20,1
2404,'MAWeekday',513,,19886,45,0,18 12,1,32,,19887,45,0,18 12,1,80,,19888,45,0,18 12,1,31,,19889,45,0,18 12,1,78,,19890,45,0,18 12,1,73,,19891,45,0,18 12,1,37,,19892,45,0,18 12,1,76,,19893,45,0,18 12,1,32,,19894,45,0,18 12,1,71,,19895,45,0,18 12,1,333,,19896,45,0,18 12,1,77,,19897,45,0,18 12,1,77,,19898,45,0,18 12,1,35,,19899,45,0,18 12,1,76,,19900,45,0,18 12,1,36,,19901,45,0,18 12,1,75,,19902,45,0,18 12,1,73,,19903,45,0,18 12,1,34,,19904,45,0,18 12,1
10704,'MAHoliday1',833,,26811,12,0,26 22 28 29 30,1,70,,26812,12,0,26 22 28 29 30,1,30,,26813,12,0,26 22 28 29 30,1,70,,26814,12,0,26 22 28 29 30,1,17,,26815,12,0,26 22 28 29 30,1,18,,26816,12,0,26 22 28 29 30,1,18,,26817,12,0,26 22 28 29 30,1,58,,26818,12,0,26 22 28 29 30,1,18,,26819,12,0,26 22 28 29 30,1,18,,26820,12,0,26 22 28 29 30,1,58,,26821,12,0,26 22 28 29 30,1,20,,26822,12,0,26 22 28 29 30,1,18,,26823,12,0,26 22 28 29 30,1,59,,26824,12,0,26 22 28 29 30,1,18,,26825,12,0,26 22 28 29 30,1,18,,26826,12,0,26 22 28 29 30,1,18,,26827,12,0,26 22 28 29 30,1,59,,26828,12,0,26 22 28 29 30,1,19,,26829,12,0,26 22 28 29 30,1,20,,26830,12,0,26 22 28 29 30,1,61,,26831,12,0,26 22 28 29 30,1,21,,26832,12,0,26 22 28 29 30,1,19,,26833,12,0,26 22 28 29 30,1,59,,26834,12,0,26 22 28 29 30,1,20,,26835,12,0,26 22 28 29 30,1,20,,26836,12,0,26 22 28 29 30,1,61,,26837,12,0,26 22 28 29 30,1,19,,26838,12,0,26 22 28 29 30,1,20,,26839,12,0,26 22 28 29 30,1,60,,26840,12,0,26 22 28 29 30,1,17,,26841,12,0,26 22 28 29 30,1,17,,26842,12,0,26 22 28 29 30,1,57,,26843,12,0,26 22 28 29 30,1,17,,26844,12,0,26 22 28 29 30,1,18,,26845,12,0,26 22 28 29 30,1,74,,26846,12,0,26 22 28 29 30,1,35,,26847,12,0,26 22 28 29 30,1,70,,26848,12,0,26 22 28 29 30,1,24,,26849,12,0,26 22 28 29 30,1
10704,'MASaturday',835,,26850,12,0,26 22 28 29 30,1,70,,26851,12,0,26 22 28 29 30,1,28,,26852,12,0,26 22 28 29 30,1,69,,26853,12,0,26 22 28 29 30,1,19,,26854,12,0,26 22 28 29 30,1,18,,26855,12,0,26 22 28 29 30,1,19,,26856,12,0,26 22 28 29 30,1,58,,26857,12,0,26 22 28 29 30,1,18,,26858,12,0,26 22 28 29 30,1,18,,26859,12,0,26 22 28 29 30,1,57,,26860,12,0,26 22 28 29 30,1,18,,26861,12,0,26 22 28 29 30,1,18,,26862,12,0,26 22 28 29 30,1,59,,26863,12,0,26 22 28 29 30,1,21,,26864,12,0,26 22 28 29 30,1,20,,26865,12,0,26 22 28 29 30,1,61,,26866,12,0,26 22 28 29 30,1,17,,26867,12,0,26 22 28 29 30,1,19,,26868,12,0,26 22 28 29 30,1,58,,26869,12,0,26 22 28 29 30,1,20,,26870,12,0,26 22 28 29 30,1,19,,26871,12,0,26 22 28 29 30,1,20,,26872,12,0,26 22 28 29 30,1,58,,26873,12,0,26 22 28 29 30,1,20,,26874,12,0,26 22 28 29 30,1,20,,26875,12,0,26 22 28 29 30,1,61,,26876,12,0,26 22 28 29 30,1,18,,26877,12,0,26 22 28 29 30,1,17,,26878,12,0,26 22 28 29 30,1,56,,26879,12,0,26 22 28 29 30,1,18,,26880,12,0,26 22 28 29 30,1,18,,26881,12,0,26 22 28 29 30,1,59,,26882,12,0,26 22 28 29 30,1,19,,26883,12,0,26 22 28 29 30,1,21,,26884,12,0,26 22 28 29 30,1,74,,26885,12,0,26 22 28 29 30,1,34,,26886,12,0,26 22 28 29 30,1,70,,26887,12,0,26 22 28 29 30,1,24,,26888,12,0,26 22 28 29 30,1
10704,'MASunday',833,,26889,12,0,26 22 28 29 30,1,70,,26890,12,0,26 22 28 29 30,1,30,,26891,12,0,26 22 28 29 30,1,70,,26892,12,0,26 22 28 29 30,1,17,,26893,12,0,26 22 28 29 30,1,18,,26894,12,0,26 22 28 29 30,1,18,,26895,12,0,26 22 28 29 30,1,58,,26896,12,0,26 22 28 29 30,1,18,,26897,12,0,26 22 28 29 30,1,18,,26898,12,0,26 22 28 29 30,1,58,,26899,12,0,26 22 28 29 30,1,20,,26900,12,0,26 22 28 29 30,1,18,,26901,12,0,26 22 28 29 30,1,59,,26902,12,0,26 22 28 29 30,1,18,,26903,12,0,26 22 28 29 30,1,18,,26904,12,0,26 22 28 29 30,1,18,,26905,12,0,26 22 28 29 30,1,59,,26906,12,0,26 22 28 29 30,1,19,,26907,12,0,26 22 28 29 30,1,20,,26908,12,0,26 22 28 29 30,1,61,,26909,12,0,26 22 28 29 30,1,21,,26910,12,0,26 22 28 29 30,1,19,,26911,12,0,26 22 28 29 30,1,59,,26912,12,0,26 22 28 29 30,1,20,,26913,12,0,26 22 28 29 30,1,20,,26914,12,0,26 22 28 29 30,1,61,,26915,12,0,26 22 28 29 30,1,19,,26916,12,0,26 22 28 29 30,1,20,,26917,12,0,26 22 28 29 30,1,60,,26918,12,0,26 22 28 29 30,1,17,,26919,12,0,26 22 28 29 30,1,17,,26920,12,0,26 22 28 29 30,1,57,,26921,12,0,26 22 28 29 30,1,17,,26922,12,0,26 22 28 29 30,1,18,,26923,12,0,26 22 28 29 30,1,74,,26924,12,0,26 22 28 29 30,1,35,,26925,12,0,26 22 28 29 30,1,70,,26926,12,0,26 22 28 29 30,1,24,,26927,12,0,26 22 28 29 30,1
10704,'MAWeekday',522,,26928,12,0,26 22 28 29 30,1,32,,26929,12,0,26 22 28 29 30,1,55,,26930,12,0,26 22 28 29 30,1,15,,26931,12,0,26 22 28 29 30,1,18,,26932,12,0,26 22 28 29 30,1,15,,26933,12,0,26 22 28 29 30,1,57,,26934,12,0,26 22 28 29 30,1,15,,26935,12,0,26 22 28 29 30,1,14,,26936,12,0,26 22 28 29 30,1,15,,26937,12,0,26 22 28 29 30,1,53,,26938,12,0,26 22 28 29 30,1,12,,26939,12,0,26 22 28 29 30,1,12,,26940,12,0,26 22 28 29 30,1,14,,26941,12,0,26 22 28 29 30,1,52,,26942,12,0,26 22 28 29 30,1,14,,26943,12,0,26 22 28 29 30,1,15,,26944,12,0,26 22 28 29 30,1,14,,26945,12,0,26 22 28 29 30,1,14,,26946,12,0,26 22 28 29 30,1,55,,26947,12,0,26 22 28 29 30,1,15,,26948,12,0,26 22 28 29 30,1,15,,26949,12,0,26 22 28 29 30,1,15,,26950,12,0,26 22 28 29 30,1,53,,26951,12,0,26 22 28 29 30,1,15,,26952,12,0,26 22 28 29 30,1,16,,26953,12,0,26 22 28 29 30,1,15,,26954,12,0,26 22 28 29 30,1,56,,26955,12,0,26 22 28 29 30,1,15,,26956,12,0,26 22 28 29 30,1,16,,26957,12,0,26 22 28 29 30,1,15,,26958,12,0,26 22 28 29 30,1,55,,26959,12,0,26 22 28 29 30,1,15,,26960,12,0,26 22 28 29 30,1,16,,26961,12,0,26 22 28 29 30,1,55,,26962,12,0,26 22 28 29 30,1,16,,26963,12,0,26 22 28 29 30,1,16,,26964,12,0,26 22 28 29 30,1,16,,26965,12,0,26 22 28 29 30,1,55,,26966,12,0,26 22 28 29 30,1,11,,26967,12,0,26 22 28 29 30,1,9,,26968,12,0,26 22 28 29 30,1,12,,26969,12,0,26 22 28 29 30,1,11,,26970,12,0,26 22 28 29 30,1,12,,26971,12,0,26 22 28 29 30,1,52,,26972,12,0,26 22 28 29 30,1,13,,26973,12,0,26 22 28 29 30,1,10,,26974,12,0,26 22 28 29 30,1,10,,26975,12,0,26 22 28 29 30,1,12,,26976,12,0,26 22 28 29 30,1,52,,26977,12,0,26 22 28 29 30,1,12,,26978,12,0,26 22 28 29 30,1,11,,26979,12,0,26 22 28 29 30,1,11,,26980,12,0,26 22 28 29 30,1,12,,26981,12,0,26 22 28 29 30,1,51,,26982,12,0,26 22 28 29 30,1,9,,26983,12,0,26 22 28 29 30,1,11,,26984,12,0,26 22 28 29 30,1,13,,26985,12,0,26 22 28 29 30,1,15,,26986,12,0,26 22 28 29 30,1,55,,26987,12,0,26 22 28 29 30,1,16,,26988,12,0,26 22 28 29 30,1,13,,26989,12,0,26 22 28 29 30,1,21,,26990,12,0,26 22 28 29 30,1,60,,26991,12,0,26 22 28 29 30,1,21,,26992,12,0,26 22 28 29 30,1,18,,26993,12,0,26 22 28 29 30,1,58,,26994,12,0,26 22 28 29 30,1,17,,26995,12,0,26 22 28 29 30,1,18,,26996,12,0,26 22 28 29 30,1,58,,26997,12,0,26 22 28 29 30,1,19,,26998,12,0,26 22 28 29 30,1,19,,26999,12,0,26 22 28 29 30,1,59,,27000,12,0,26 22 28 29 30,1,20,,27001,12,0,26 22 28 29 30,1,25,,27002,12,0,26 22 28 29 30,1
