101,'CPSaturday',244,,42537,60,4,,1,70,,42538,60,4,,1,30,,42539,60,4,,1,70,,42540,60,4,,1,25,,42541,60,4,,1,65,,42473,60,4,,1,20,,42474,60,4,,1,23,,42475,60,4,,1,63,,42476,60,4,,1,21,,42477,60,4,,1,18,,42478,60,4,,1,60,,42479,60,4,,1,19,,42480,60,4,,1,20,,42481,60,4,,1,59,,42482,60,4,,1,20,,42483,60,4,,1,20,,42484,60,4,,1,60,,42485,60,4,,1,20,,42486,60,4,,1,20,,42487,60,4,,1,60,,42488,60,4,,1,21,,42489,60,4,,1,22,,42490,60,4,,1,62,,42491,60,4,,1,20,,42492,60,4,,1,20,,42493,60,4,,1,60,,42494,60,4,,1,20,,42495,60,4,,1,20,,42496,60,4,,1,60,,42497,60,4,,1,21,,42498,60,4,,1,21,,42499,60,4,,1,60,,42500,60,4,,1,20,,42501,60,4,,1,20,,42502,60,4,,1,60,,42503,60,4,,1,20,,42504,60,4,,1,20,,42505,60,4,,1,60,,42506,60,4,,1,20,,42507,60,4,,1,19,,42508,60,4,,1,60,,42509,60,4,,1,20,,42510,60,4,,1,20,,42511,60,4,,1,60,,42512,60,4,,1,20,,42513,60,4,,1,20,,42514,60,4,,1,60,,42515,60,4,,1,18,,42516,60,4,,1,19,,42517,60,4,,1,59,,42518,60,4,,1,20,,42519,60,4,,1,20,,42520,60,4,,1,60,,42521,60,4,,1,20,,42522,60,4,,1,20,,42523,60,4,,1,60,,42524,60,4,,1,20,,42525,60,4,,1,20,,42526,60,4,,1,63,,42527,60,4,,1,17,,42528,60,4,,1,20,,42529,60,4,,1,65,,42530,60,4,,1,25,,42531,60,4,,1,65,,42532,60,4,,1,25,,42533,60,4,,1,25,,42534,60,4,,1,65,,42535,60,4,,1,30,,42536,60,4,,1
101,'CPSunday',620,,42542,60,4,,1,30,,42543,60,4,,1,70,,42544,60,4,,1,30,,42545,60,4,,1,70,,42546,60,4,,1,30,,42547,60,4,,1,73,,42548,60,4,,1,33,,42549,60,4,,1,70,,42550,60,4,,1,20,,42551,60,4,,1,60,,42552,60,4,,1,20,,42553,60,4,,1,20,,42554,60,4,,1,60,,42555,60,4,,1,22,,42556,60,4,,1,22,,42557,60,4,,1,61,,42558,60,4,,1,20,,42559,60,4,,1,20,,42560,60,4,,1,60,,42561,60,4,,1,20,,42562,60,4,,1,20,,42563,60,4,,1,62,,42564,60,4,,1,20,,42565,60,4,,1,21,,42566,60,4,,1,60,,42567,60,4,,1,20,,42568,60,4,,1,20,,42569,60,4,,1,60,,42570,60,4,,1,20,,42571,60,4,,1,20,,42572,60,4,,1,58,,42573,60,4,,1,20,,42574,60,4,,1,18,,42575,60,4,,1,59,,42576,60,4,,1,20,,42577,60,4,,1,20,,42578,60,4,,1,60,,42579,60,4,,1,25,,42580,60,4,,1,25,,42581,60,4,,1,64,,42582,60,4,,1,25,,42583,60,4,,1,66,,42584,60,4,,1,26,,42585,60,4,,1,65,,42586,60,4,,1,22,,42587,60,4,,1,22,,42588,60,4,,1,63,,42589,60,4,,1,30,,42590,60,4,,1,71,,42591,60,4,,1,32,,42592,60,4,,1,72,,42593,60,4,,1
101,'CPWeekday',243,,42675,60,4,,1,70,,42676,60,4,,1,30,,42677,60,4,,1,70,,42678,60,4,,1,32,,42679,60,4,,1,75,,42594,60,4,,1,15,,42595,60,4,,1,15,,42596,60,4,,1,55,,42597,60,4,,1,15,,42598,60,4,,1,17,,42599,60,4,,1,21,,42600,60,4,,1,58,,42601,60,4,,1,16,,42602,60,4,,1,15,,42603,60,4,,1,55,,42604,60,4,,1,15,,42605,60,4,,1,15,,42606,60,4,,1,15,,42607,60,4,,1,55,,42608,60,4,,1,15,,42609,60,4,,1,15,,42610,60,4,,1,15,,42611,60,4,,1,55,,42612,60,4,,1,15,,42613,60,4,,1,15,,42614,60,4,,1,15,,42615,60,4,,1,55,,42616,60,4,,1,15,,42617,60,4,,1,15,,42618,60,4,,1,15,,42619,60,4,,1,55,,42620,60,4,,1,15,,42621,60,4,,1,15,,42622,60,4,,1,15,,42623,60,4,,1,55,,42624,60,4,,1,15,,42625,60,4,,1,15,,42626,60,4,,1,15,,42627,60,4,,1,55,,42628,60,4,,1,15,,42629,60,4,,1,17,,42630,60,4,,1,15,,42631,60,4,,1,58,,42632,60,4,,1,15,,42633,60,4,,1,15,,42634,60,4,,1,15,,42635,60,4,,1,57,,42636,60,4,,1,15,,42637,60,4,,1,15,,42638,60,4,,1,15,,42639,60,4,,1,55,,42640,60,4,,1,15,,42641,60,4,,1,15,,42642,60,4,,1,15,,42643,60,4,,1,54,,42644,60,4,,1,13,,42645,60,4,,1,16,,42646,60,4,,1,14,,42647,60,4,,1,53,,42648,60,4,,1,16,,42649,60,4,,1,18,,42650,60,4,,1,16,,42651,60,4,,1,54,,42652,60,4,,1,12,,42653,60,4,,1,13,,42654,60,4,,1,12,,42655,60,4,,1,13,,42656,60,4,,1,55,,42657,60,4,,1,15,,42658,60,4,,1,15,,42659,60,4,,1,15,,42660,60,4,,1,52,,42661,60,4,,1,13,,42662,60,4,,1,17,,42663,60,4,,1,18,,42664,60,4,,1,58,,42665,60,4,,1,18,,42666,60,4,,1,20,,42667,60,4,,1,60,,42668,60,4,,1,20,,42669,60,4,,1,20,,42670,60,4,,1,60,,42671,60,4,,1,20,,42672,60,4,,1,20,,42673,60,4,,1,59,,42674,60,4,,1
1104,'MASaturday',539,,45602,13,4,,1,64,,45603,13,4,,1,24,,45604,13,4,,1,24,,45605,13,4,,1,63,,45606,13,4,,1,20,,45607,13,4,,1,17,,45608,13,4,,1,58,,45609,13,4,,1,18,,45610,13,4,,1,18,,45611,13,4,,1,58,,45612,13,4,,1,18,,45613,13,4,,1,5,,45614,13,4,,1,18,,45615,13,4,,1,59,,45616,13,4,,1,18,,45617,13,4,,1,17,,45618,13,4,,1,18,,45619,13,4,,1,59,,45620,13,4,,1,18,,45621,13,4,,1,18,,45622,13,4,,1,58,,45623,13,4,,1,18,,45624,13,4,,1,18,,45625,13,4,,1,58,,45626,13,4,,1,19,,45627,13,4,,1,18,,45628,13,4,,1,19,,45629,13,4,,1,59,,45630,13,4,,1,19,,45631,13,4,,1,19,,45632,13,4,,1,59,,45633,13,4,,1,20,,45634,13,4,,1,19,,45635,13,4,,1,59,,45636,13,4,,1,19,,45637,13,4,,1,19,,45638,13,4,,1,59,,45639,13,4,,1,19,,45640,13,4,,1,19,,45641,13,4,,1,58,,45642,13,4,,1,20,,45643,13,4,,1,19,,45644,13,4,,1,59,,45645,13,4,,1,19,,45646,13,4,,1,19,,45647,13,4,,1,17,,45648,13,4,,1,59,,45649,13,4,,1,18,,45650,13,4,,1,17,,45651,13,4,,1,58,,45652,13,4,,1,18,,45653,13,4,,1,18,,45654,13,4,,1,57,,45655,13,4,,1,16,,45656,13,4,,1,17,,45657,13,4,,1,16,,45658,13,4,,1,57,,45659,13,4,,1,18,,45660,13,4,,1,20,,45661,13,4,,1,62,,45662,13,4,,1,20,,45663,13,4,,1,20,,45664,13,4,,1,61,,45665,13,4,,1,21,,45666,13,4,,1,18,,45667,13,4,,1
1104,'MASunday',659,,45714,13,4,,1,62,,45695,13,4,,1,22,,45682,13,4,,1,62,,45710,13,4,,1,23,,45696,13,4,,1,24,,45681,13,4,,1,62,,45712,13,4,,1,23,,45697,13,4,,1,63,,45683,13,4,,1,25,,45713,13,4,,1,24,,45702,13,4,,1,58,,45685,13,4,,1,17,,45671,13,4,,1,18,,45720,13,4,,1,58,,45703,13,4,,1,18,,45688,13,4,,1,18,,45673,13,4,,1,18,,45721,13,4,,1,58,,45705,13,4,,1,18,,45687,13,4,,1,18,,45672,13,4,,1,59,,45719,13,4,,1,18,,45704,13,4,,1,18,,45689,13,4,,1,59,,45674,13,4,,1,19,,45718,13,4,,1,18,,45701,13,4,,1,19,,45690,13,4,,1,59,,45675,13,4,,1,19,,45717,13,4,,1,19,,45700,13,4,,1,58,,45691,13,4,,1,18,,45676,13,4,,1,19,,45722,13,4,,1,59,,45706,13,4,,1,18,,45684,13,4,,1,19,,45677,13,4,,1,58,,45726,13,4,,1,18,,45707,13,4,,1,17,,45693,13,4,,1,18,,45679,13,4,,1,59,,45725,13,4,,1,17,,45709,13,4,,1,17,,45692,13,4,,1,58,,45680,13,4,,1,18,,45724,13,4,,1,17,,45708,13,4,,1,57,,45686,13,4,,1,16,,45678,13,4,,1,23,,45723,13,4,,1,63,,45698,13,4,,1,21,,45668,13,4,,1,23,,45715,13,4,,1,63,,45699,13,4,,1,22,,45669,13,4,,1,23,,45716,13,4,,1,62,,45694,13,4,,1,21,,45670,13,4,,1,22,,45711,13,4,,1
1104,'MAWeekday',448,,45727,13,4,,1,72,,45728,13,4,,1,13,,45729,13,4,,1,16,,45730,13,4,,1,54,,45731,13,4,,1,13,,45732,13,4,,1,12,,45733,13,4,,1,10,,45734,13,4,,1,10,,45735,13,4,,1,11,,45736,13,4,,1,50,,45737,13,4,,1,10,,45738,13,4,,1,12,,45739,13,4,,1,11,,45740,13,4,,1,9,,45741,13,4,,1,51,,45742,13,4,,1,10,,45743,13,4,,1,10,,45744,13,4,,1,11,,45745,13,4,,1,15,,45746,13,4,,1,55,,45747,13,4,,1,15,,45748,13,4,,1,15,,45749,13,4,,1,15,,45750,13,4,,1,55,,45751,13,4,,1,15,,45752,13,4,,1,15,,45753,13,4,,1,15,,45754,13,4,,1,55,,45755,13,4,,1,15,,45756,13,4,,1,15,,45757,13,4,,1,15,,45758,13,4,,1,55,,45759,13,4,,1,15,,45760,13,4,,1,15,,45761,13,4,,1,15,,45762,13,4,,1,55,,45763,13,4,,1,15,,45764,13,4,,1,15,,45765,13,4,,1,15,,45766,13,4,,1,55,,45767,13,4,,1,17,,45768,13,4,,1,15,,45769,13,4,,1,15,,45770,13,4,,1,54,,45771,13,4,,1,12,,45772,13,4,,1,11,,45773,13,4,,1,12,,45774,13,4,,1,12,,45775,13,4,,1,55,,45776,13,4,,1,13,,45777,13,4,,1,12,,45778,13,4,,1,12,,45779,13,4,,1,12,,45780,13,4,,1,52,,45781,13,4,,1,13,,45782,13,4,,1,12,,45783,13,4,,1,12,,45784,13,4,,1,11,,45785,13,4,,1,53,,45786,13,4,,1,11,,45787,13,4,,1,11,,45788,13,4,,1,12,,45789,13,4,,1,12,,45790,13,4,,1,58,,45791,13,4,,1,19,,45792,13,4,,1,18,,45793,13,4,,1,59,,45794,13,4,,1,18,,45795,13,4,,1,18,,45796,13,4,,1,58,,45797,13,4,,1,18,,45798,13,4,,1,16,,45799,13,4,,1,18,,45800,13,4,,1,64,,45801,13,4,,1,24,,45802,13,4,,1,62,,45803,13,4,,1,22,,45804,13,4,,1,23,,45805,13,4,,1,63,,45806,13,4,,1,21,,45807,13,4,,1,23,,45808,13,4,,1,62,,45809,13,4,,1,29,,45810,13,4,,1,70,,45811,13,4,,1,30,,45812,13,4,,1,69,,45813,13,4,,1
2001,'CPSaturday',641,,46726,35,4,,1,65,,46718,35,4,,1,26,,46707,35,4,,1,69,,46720,35,4,,1,29,,46711,35,4,,1,28,,46705,35,4,,1,68,,46722,35,4,,1,29,,46716,35,4,,1,70,,46704,35,4,,1,28,,46721,35,4,,1,68,,46706,35,4,,1,29,,46703,35,4,,1,70,,46724,35,4,,1,28,,46708,35,4,,1,70,,46701,35,4,,1,32,,46727,35,4,,1,70,,46710,35,4,,1,30,,46702,35,4,,1,70,,46725,35,4,,1,30,,46709,35,4,,1,70,,46700,35,4,,1,29,,46723,35,4,,1,70,,46712,35,4,,1,28,,46699,35,4,,1,70,,46719,35,4,,1,30,,46713,35,4,,1,69,,46697,35,4,,1,30,,46730,35,4,,1,69,,46715,35,4,,1,29,,46698,35,4,,1,68,,46728,35,4,,1,28,,46714,35,4,,1,66,,46696,35,4,,1,26,,46729,35,4,,1,25,,46717,35,4,,1,60,,46695,35,4,,1
2001,'CPSunday',758,,46751,35,4,,1,66,,46748,35,4,,1,25,,46739,35,4,,1,68,,46755,35,4,,1,29,,46743,35,4,,1,69,,46738,35,4,,1,28,,46750,35,4,,1,68,,46742,35,4,,1,28,,46737,35,4,,1,68,,46756,35,4,,1,28,,46744,35,4,,1,70,,46734,35,4,,1,28,,46749,35,4,,1,70,,46740,35,4,,1,31,,46735,35,4,,1,70,,46752,35,4,,1,30,,46746,35,4,,1,69,,46736,35,4,,1,30,,46757,35,4,,1,70,,46745,35,4,,1,28,,46733,35,4,,1,70,,46754,35,4,,1,29,,46747,35,4,,1,70,,46731,35,4,,1,30,,46753,35,4,,1,28,,46741,35,4,,1,66,,46732,35,4,,1,26,,46758,35,4,,1
2001,'CPWeekday',501,,46811,35,4,,1,27,,46801,35,4,,1,28,,46800,35,4,,1,68,,46798,35,4,,1,20,,46797,35,4,,1,62,,46796,35,4,,1,22,,46803,35,4,,1,25,,46789,35,4,,1,61,,46786,35,4,,1,15,,46760,35,4,,1,7,,46785,35,4,,1,22,,46799,35,4,,1,63,,46788,35,4,,1,21,,46773,35,4,,1,63,,46782,35,4,,1,24,,46802,35,4,,1,24,,46790,35,4,,1,64,,46772,35,4,,1,23,,46774,35,4,,1,62,,46805,35,4,,1,22,,46787,35,4,,1,22,,46771,35,4,,1,63,,46775,35,4,,1,24,,46806,35,4,,1,25,,46794,35,4,,1,64,,46770,35,4,,1,25,,46776,35,4,,1,4,,46759,35,4,,1,60,,46807,35,4,,1,21,,46793,35,4,,1,20,,46769,35,4,,1,60,,46767,35,4,,1,19,,46777,35,4,,1,22,,46804,35,4,,1,59,,46792,35,4,,1,20,,46766,35,4,,1,20,,46768,35,4,,1,59,,46784,35,4,,1,19,,46809,35,4,,1,25,,46791,35,4,,1,64,,46765,35,4,,1,23,,46778,35,4,,1,62,,46808,35,4,,1,21,,46795,35,4,,1,22,,46763,35,4,,1,62,,46781,35,4,,1,24,,46810,35,4,,1,73,,46761,35,4,,1,36,,46780,35,4,,1,80,,46762,35,4,,1,79,,46779,35,4,,1,34,,46764,35,4,,1,75,,46783,35,4,,1
3501,'CPSaturday',600,,48692,54,4,,1,22,,48683,54,4,,1,21,,48682,54,4,,1,62,,48681,54,4,,1,21,,48674,54,4,,1,21,,48675,54,4,,1,62,,48672,54,4,,1,23,,48693,54,4,,1,22,,48684,54,4,,1,62,,48676,54,4,,1,23,,48666,54,4,,1,64,,48668,54,4,,1,24,,48667,54,4,,1,25,,48665,54,4,,1,64,,48694,54,4,,1,24,,48685,54,4,,1,63,,48673,54,4,,1,26,,48659,54,4,,1,23,,48658,54,4,,1,63,,48657,54,4,,1,24,,48669,54,4,,1,65,,48691,54,4,,1,16,,48652,54,4,,1,15,,48686,54,4,,1,17,,48677,54,4,,1,56,,48651,54,4,,1,16,,48660,54,4,,1,18,,48653,54,4,,1,17,,48646,54,4,,1,56,,48648,54,4,,1,16,,48670,54,4,,1,16,,48647,54,4,,1,55,,48695,54,4,,1,15,,48645,54,4,,1,15,,48687,54,4,,1,15,,48680,54,4,,1,56,,48644,54,4,,1,15,,48663,54,4,,1,15,,48656,54,4,,1,15,,48643,54,4,,1,55,,48650,54,4,,1,13,,48671,54,4,,1,14,,48642,54,4,,1,21,,48697,54,4,,1,58,,48688,54,4,,1,21,,48679,54,4,,1,21,,48664,54,4,,1,63,,48654,54,4,,1,22,,48649,54,4,,1,23,,48641,54,4,,1,62,,48696,54,4,,1,20,,48690,54,4,,1,61,,48678,54,4,,1,19,,48662,54,4,,1,20,,48655,54,4,,1,76,,48640,54,4,,1,41,,48689,54,4,,1,85,,48661,54,4,,1
3501,'CPSunday',652,,48750,54,4,,1,58,,48749,54,4,,1,20,,48751,54,4,,1,19,,48748,54,4,,1,58,,48747,54,4,,1,24,,48744,54,4,,1,21,,48746,54,4,,1,61,,48745,54,4,,1,21,,48738,54,4,,1,23,,48740,54,4,,1,61,,48741,54,4,,1,20,,48742,54,4,,1,19,,48736,54,4,,1,59,,48727,54,4,,1,18,,48729,54,4,,1,20,,48730,54,4,,1,60,,48735,54,4,,1,20,,48734,54,4,,1,21,,48719,54,4,,1,60,,48739,54,4,,1,19,,48720,54,4,,1,20,,48721,54,4,,1,59,,48722,54,4,,1,20,,48728,54,4,,1,21,,48713,54,4,,1,61,,48712,54,4,,1,21,,48714,54,4,,1,20,,48737,54,4,,1,60,,48710,54,4,,1,20,,48718,54,4,,1,18,,48711,54,4,,1,60,,48726,54,4,,1,21,,48715,54,4,,1,20,,48708,54,4,,1,59,,48706,54,4,,1,18,,48743,54,4,,1,20,,48704,54,4,,1,60,,48725,54,4,,1,19,,48705,54,4,,1,23,,48732,54,4,,1,62,,48717,54,4,,1,22,,48707,54,4,,1,64,,48702,54,4,,1,23,,48703,54,4,,1,21,,48724,54,4,,1,62,,48700,54,4,,1,18,,48731,54,4,,1,17,,48716,54,4,,1,59,,48709,54,4,,1,19,,48698,54,4,,1,20,,48699,54,4,,1,59,,48723,54,4,,1,19,,48701,54,4,,1,18,,48733,54,4,,1
3501,'CPWeekday',422,,48826,54,4,,1,32,,48824,54,4,,1,72,,48816,54,4,,1,32,,48815,54,4,,1,57,,48814,54,4,,1,19,,48813,54,4,,1,15,,48809,54,4,,1,57,,48825,54,4,,1,15,,48805,54,4,,1,17,,48818,54,4,,1,17,,48799,54,4,,1,57,,48801,54,4,,1,15,,48797,54,4,,1,14,,48796,54,4,,1,14,,48808,54,4,,1,55,,48795,54,4,,1,14,,48790,54,4,,1,11,,48789,54,4,,1,14,,48788,54,4,,1,54,,48827,54,4,,1,14,,48783,54,4,,1,14,,48817,54,4,,1,15,,48784,54,4,,1,55,,48800,54,4,,1,15,,48780,54,4,,1,15,,48791,54,4,,1,15,,48807,54,4,,1,55,,48773,54,4,,1,15,,48782,54,4,,1,14,,48776,54,4,,1,15,,48830,54,4,,1,55,,48772,54,4,,1,15,,48821,54,4,,1,16,,48770,54,4,,1,16,,48803,54,4,,1,54,,48764,54,4,,1,15,,48793,54,4,,1,14,,48811,54,4,,1,14,,48763,54,4,,1,14,,48786,54,4,,1,54,,48774,54,4,,1,15,,48828,54,4,,1,17,,48771,54,4,,1,56,,48820,54,4,,1,15,,48762,54,4,,1,15,,48759,54,4,,1,16,,48802,54,4,,1,56,,48754,54,4,,1,15,,48792,54,4,,1,16,,48810,54,4,,1,15,,48765,54,4,,1,53,,48785,54,4,,1,13,,48775,54,4,,1,12,,48829,54,4,,1,13,,48769,54,4,,1,15,,48819,54,4,,1,53,,48753,54,4,,1,14,,48760,54,4,,1,15,,48804,54,4,,1,15,,48755,54,4,,1,55,,48794,54,4,,1,15,,48812,54,4,,1,13,,48766,54,4,,1,11,,48787,54,4,,1,55,,48778,54,4,,1,15,,48831,54,4,,1,15,,48823,54,4,,1,15,,48752,54,4,,1,14,,48758,54,4,,1,55,,48798,54,4,,1,15,,48756,54,4,,1,14,,48806,54,4,,1,14,,48768,54,4,,1,60,,48781,54,4,,1,21,,48777,54,4,,1,70,,48822,54,4,,1,29,,48761,54,4,,1,68,,48757,54,4,,1,28,,48767,54,4,,1,70,,48779,54,4,,1
7001,'CPWeekday',1517,,52351,26,4,,1,21,,52352,26,4,,1,21,,52353,26,4,,1,64,,52354,26,4,,1,13,,52355,26,4,,1,17,,52356,26,4,,1,56,,52357,26,4,,1,15,,52358,26,4,,1,14,,52359,26,4,,1,15,,52360,26,4,,1,53,,52361,26,4,,1,12,,52362,26,4,,1,19,,52363,26,4,,1,19,,52364,26,4,,1,59,,52365,26,4,,1
7101,'CPWeekday',1714,,52383,26,4,,1,20,,52379,26,4,,1,22,,52382,26,4,,1,60,,52380,26,4,,1,28,,52381,26,4,,1
