902,'CPSaturday',620,,45033,26,0,8 9 10,1,31,,45034,26,0,8 9 10,1,71,,45035,26,0,8 9 10,1,32,,45036,26,0,8 9 10,1,71,,45037,26,0,8 9 10,1,32,,45038,26,0,8 9 10,1,71,,45039,26,0,8 9 10,1,72,,45040,26,0,8 9 10,1,34,,45041,26,0,8 9 10,1,73,,45042,26,0,8 9 10,1,33,,45043,26,0,8 9 10,1,74,,45044,26,0,8 9 10,1,33,,45045,26,0,8 9 10,1,75,,45046,26,0,8 9 10,1,36,,45047,26,0,8 9 10,1,77,,45048,26,0,8 9 10,1,76,,45049,26,0,8 9 10,1,36,,45050,26,0,8 9 10,1,76,,45051,26,0,8 9 10,1,36,,45052,26,0,8 9 10,1,76,,45053,26,0,8 9 10,1,75,,45054,26,0,8 9 10,1,33,,45055,26,0,8 9 10,1,76,,45056,26,0,8 9 10,1,35,,45057,26,0,8 9 10,1,73,,45058,26,0,8 9 10,1,73,,45059,26,0,8 9 10,1,33,,45060,26,0,8 9 10,1,74,,45061,26,0,8 9 10,1,33,,45062,26,0,8 9 10,1,69,,45063,26,0,8 9 10,1,31,,45064,26,0,8 9 10,1,69,,45065,26,0,8 9 10,1,28,,45066,26,0,8 9 10,1,67,,45067,26,0,8 9 10,1,29,,45068,26,0,8 9 10,1,69,,45069,26,0,8 9 10,1
902,'CPSunday',631,,45070,26,0,8 9 10,1,84,,45071,26,0,8 9 10,1,85,,45072,26,0,8 9 10,1,50,,45073,26,0,8 9 10,1,88,,45074,26,0,8 9 10,1,89,,45075,26,0,8 9 10,1,87,,45076,26,0,8 9 10,1,36,,45077,26,0,8 9 10,1,73,,45078,26,0,8 9 10,1,33,,45079,26,0,8 9 10,1,75,,45080,26,0,8 9 10,1,75,,45081,26,0,8 9 10,1,35,,45082,26,0,8 9 10,1,74,,45083,26,0,8 9 10,1,35,,45084,26,0,8 9 10,1,76,,45085,26,0,8 9 10,1,75,,45086,26,0,8 9 10,1,34,,45087,26,0,8 9 10,1,75,,45088,26,0,8 9 10,1,35,,45089,26,0,8 9 10,1,75,,45090,26,0,8 9 10,1,35,,45091,26,0,8 9 10,1,68,,45092,26,0,8 9 10,1,87,,45093,26,0,8 9 10,1,48,,45094,26,0,8 9 10,1,87,,45095,26,0,8 9 10,1,90,,45096,26,0,8 9 10,1
902,'CPWeekday',521,,45097,26,0,8 9 10,1,26,,45098,26,0,8 9 10,1,65,,45099,27,0,8 9 10,1,23,,45100,27,0,8 9 10,1,23,,45101,27,0,8 9 10,1,59,,45102,27,0,8 9 10,1,23,,45103,27,0,8 9 10,1,63,,45104,27,0,8 9 10,1,28,,45105,27,0,8 9 10,1,20,,45106,27,0,8 9 10,1,65,,45107,26,0,8 9 10,1,24,,45108,26,0,8 9 10,1,63,,45109,26,0,8 9 10,1,24,,45110,26,0,8 9 10,1,20,,45111,26,0,8 9 10,1,60,,45112,26,0,8 9 10,1,28,,45113,26,0,8 9 10,1,68,,45114,26,0,8 9 10,1,28,,45115,26,0,8 9 10,1,28,,45116,26,0,8 9 10,1,68,,45117,26,0,8 9 10,1,28,,45118,26,0,8 9 10,1,69,,45119,26,0,8 9 10,1,32,,45120,26,0,8 9 10,1,69,,45121,26,0,8 9 10,1,29,,45122,26,0,8 9 10,1,70,,45123,26,0,8 9 10,1,22,,45124,27,0,8 9 10,1,63,,45125,27,0,8 9 10,1,27,,45126,27,0,8 9 10,1,20,,45127,27,0,8 9 10,1,69,,45128,27,0,8 9 10,1,29,,45129,27,0,8 9 10,1,68,,45130,27,0,8 9 10,1,24,,45131,27,0,8 9 10,1,63,,45132,27,0,8 9 10,1,24,,45133,26,0,8 9 10,1,67,,45134,26,0,8 9 10,1,29,,45135,26,0,8 9 10,1,27,,45136,26,0,8 9 10,1,66,,45137,26,0,8 9 10,1,25,,45138,26,0,8 9 10,1,65,,45139,26,0,8 9 10,1,25,,45140,26,0,8 9 10,1,65,,45141,26,0,8 9 10,1,26,,45142,26,0,8 9 10,1,80,,45143,26,0,8 9 10,1,43,,45144,26,0,8 9 10,1,80,,45145,26,0,8 9 10,1
1304,'CPSaturday',536,,45932,24,0,6 7,1,72,,45933,24,0,6 7,1,34,,45934,24,0,6 7,1,74,,45935,24,0,6 7,1,38,,45936,24,0,6 7,1,76,,45937,24,0,6 7,1,76,,45938,24,0,6 7,1,36,,45939,24,0,6 7,1,77,,45940,24,0,6 7,1,32,,45941,24,0,6 7,1,70,,45942,24,0,6 7,1,30,,45943,24,0,6 7,1,71,,45944,24,0,6 7,1,30,,45945,24,0,6 7,1,72,,45946,24,0,6 7,1,32,,45947,24,0,6 7,1,71,,45948,24,0,6 7,1,32,,45949,24,0,6 7,1,72,,45950,24,0,6 7,1,73,,45951,24,0,6 7,1,32,,45952,24,0,6 7,1,71,,45953,24,0,6 7,1,32,,45954,24,0,6 7,1,72,,45955,24,0,6 7,1,30,,45956,24,0,6 7,1,70,,45957,24,0,6 7,1,30,,45958,24,0,6 7,1,70,,45959,24,0,6 7,1,29,,45960,24,0,6 7,1,68,,45961,24,0,6 7,1,28,,45962,24,0,6 7,1,68,,45963,24,0,6 7,1,34,,45964,24,0,6 7,1,88,,45965,24,0,6 7,1,90,,45966,24,0,6 7,1,94,,45967,24,0,6 7,1
1304,'CPSunday',727,,45968,24,0,6 7,1,77,,45969,24,0,6 7,1,37,,45970,24,0,6 7,1,76,,45971,24,0,6 7,1,36,,45972,24,0,6 7,1,78,,45973,24,0,6 7,1,78,,45974,24,0,6 7,1,42,,45975,24,0,6 7,1,80,,45976,24,0,6 7,1,80,,45977,24,0,6 7,1,40,,45978,24,0,6 7,1,80,,45979,24,0,6 7,1,80,,45980,24,0,6 7,1,40,,45981,24,0,6 7,1,80,,45982,24,0,6 7,1,80,,45983,24,0,6 7,1,40,,45984,24,0,6 7,1,80,,45985,24,0,6 7,1,80,,45986,24,0,6 7,1,39,,45987,24,0,6 7,1,78,,45988,24,0,6 7,1,80,,45989,24,0,6 7,1,34,,45990,24,0,6 7,1,75,,45991,24,0,6 7,1,95,,45992,24,0,6 7,1,94,,45993,24,0,6 7,1,95,,45994,24,0,6 7,1
1304,'CPWeekday',444,,45995,24,0,6 7,1,61,,45996,24,0,6 7,1,22,,45997,24,0,6 7,1,20,,45998,24,0,6 7,1,66,,45999,24,0,6 7,1,27,,46000,24,0,6 7,1,65,,46001,24,0,6 7,1,27,,46002,24,0,6 7,1,10,,46045,24,0,6 7,1,17,,46003,24,0,6 7,1,56,,46046,24,0,6 7,1,2,,46044,24,0,6 7,1,6,,46004,24,0,6 7,1,26,,46005,24,0,6 7,1,68,,46006,24,0,6 7,1,25,,46007,24,0,6 7,1,64,,46008,24,0,6 7,1,26,,46009,24,0,6 7,1,25,,46010,24,0,6 7,1,65,,46011,24,0,6 7,1,26,,46012,24,0,6 7,1,65,,46013,24,0,6 7,1,24,,46014,24,0,6 7,1,64,,46015,24,0,6 7,1,25,,46016,24,0,6 7,1,25,,46017,24,0,6 7,1,68,,46018,24,0,6 7,1,20,,46019,24,0,6 7,1,20,,46020,24,0,6 7,1,63,,46021,24,0,6 7,1,24,,46022,24,0,6 7,1,64,,46023,24,0,6 7,1,25,,46024,24,0,6 7,1,24,,46025,24,0,6 7,1,65,,46026,24,0,6 7,1,24,,46027,24,0,6 7,1,64,,46028,24,0,6 7,1,24,,46029,24,0,6 7,1,64,,46030,24,0,6 7,1,23,,46031,24,0,6 7,1,22,,46032,24,0,6 7,1,61,,46033,24,0,6 7,1,25,,46034,24,0,6 7,1,70,,46035,24,0,6 7,1,29,,46036,24,0,6 7,1,29,,46037,24,0,6 7,1,63,,46038,24,0,6 7,1,25,,46039,24,0,6 7,1,90,,46040,24,0,6 7,1,89,,46041,24,0,6 7,1,95,,46042,24,0,6 7,1,95,,46043,24,0,6 7,1
4603,'CPSaturday',713,,50487,3,0,5,1,40,,50488,3,0,5,1,81,,50489,3,0,5,1,80,,50490,3,0,5,1,40,,50491,3,0,5,1,80,,50492,3,0,5,1,80,,50493,3,0,5,1,40,,50494,3,0,5,1,80,,50495,3,0,5,1,80,,50496,3,0,5,1,41,,50497,3,0,5,1,80,,50498,3,0,5,1,80,,50499,3,0,5,1,40,,50500,3,0,5,1,80,,50501,3,0,5,1,80,,50502,3,0,5,1,40,,50503,3,0,5,1,80,,50504,3,0,5,1,80,,50505,3,0,5,1,39,,50506,3,0,5,1,80,,50507,3,0,5,1,79,,50508,3,0,5,1,45,,50509,3,0,5,1,85,,50510,3,0,5,1
4603,'CPSunday',803,,50511,3,0,5,1,40,,50512,3,0,5,1,80,,50513,3,0,5,1,80,,50514,3,0,5,1,40,,50515,3,0,5,1,80,,50516,3,0,5,1,80,,50517,3,0,5,1,40,,50518,3,0,5,1,80,,50519,3,0,5,1,80,,50520,3,0,5,1,41,,50521,3,0,5,1,80,,50522,3,0,5,1,80,,50523,3,0,5,1,40,,50524,3,0,5,1,80,,50525,3,0,5,1,80,,50526,3,0,5,1,40,,50527,3,0,5,1,80,,50528,3,0,5,1,79,,50529,3,0,5,1,40,,50530,3,0,5,1,75,,50531,3,0,5,1
4603,'CPWeekday',508,,50532,3,0,5,1,37,,50533,3,0,5,1,80,,50534,3,0,5,1,81,,50535,3,0,5,1,40,,50536,3,0,5,1,85,,50537,3,0,5,1,85,,50538,3,0,5,1,84,,50539,3,0,5,1,45,,50540,3,0,5,1,85,,50541,3,0,5,1,85,,50542,3,0,5,1,86,,50543,3,0,5,1,45,,50544,3,0,5,1,85,,50545,3,0,5,1,27,,50563,1,0,5,1,58,,50546,3,0,5,1,85,,50547,3,0,5,1,45,,50548,3,0,5,1,85,,50549,3,0,5,1,85,,50550,3,0,5,1,85,,50551,3,0,5,1,45,,50552,3,0,5,1,84,,50553,3,0,5,1,84,,50554,3,0,5,1,40,,50555,3,0,5,1,80,,50556,3,0,5,1,79,,50557,3,0,5,1,40,,50558,3,0,5,1,80,,50559,3,0,5,1,79,,50560,3,0,5,1,35,,50561,3,0,5,1
4901,'CPWeekday',923,,50866,13,4,,1,83,,50867,13,4,,1,45,,50868,13,4,,1,85,,50869,13,4,,1,85,,50870,13,4,,1,85,,50871,13,4,,1,46,,50872,13,4,,1,88,,50873,13,4,,1,88,,50874,13,4,,1
4902,'CPWeekday',935,,50883,1,0,8 9,1,85,,50884,1,0,8 9,1,85,,50885,1,0,8 9,1,45,,50886,1,0,8 9,1,85,,50887,1,0,8 9,1,85,,50888,1,0,8 9,1,85,,50889,1,0,8 9,1,45,,50890,1,0,8 9,1,85,,50891,1,0,8 9,1
