401,'CPSaturday',624,,43814,16,0,60 61,1,81,,43815,16,0,60 61,1,40,,43816,16,0,60 61,1,85,,43817,16,0,60 61,1,85,,43818,16,0,60 61,1,85,,43819,16,0,60 61,1,45,,43820,16,0,60 61,1,86,,43821,16,0,60 61,1,85,,43822,16,0,60 61,1,85,,43823,16,0,60 61,1,46,,43824,16,0,60 61,1,85,,43825,16,0,60 61,1,86,,43826,16,0,60 61,1,85,,43827,16,0,60 61,1,45,,43828,16,0,60 61,1,84,,43829,16,0,60 61,1,85,,43830,16,0,60 61,1,84,,43831,16,0,60 61,1,45,,43832,16,0,60 61,1,85,,43833,16,0,60 61,1,84,,43834,16,0,60 61,1,85,,43835,16,0,60 61,1
401,'CPSunday',805,,43836,16,0,60 61,1,40,,43837,16,0,60 61,1,80,,43838,16,0,60 61,1,80,,43839,16,0,60 61,1,46,,43840,16,0,60 61,1,85,,43841,16,0,60 61,1,85,,43842,16,0,60 61,1,85,,43843,16,0,60 61,1,45,,43844,16,0,60 61,1,85,,43845,16,0,60 61,1,85,,43846,16,0,60 61,1,85,,43847,16,0,60 61,1,44,,43848,16,0,60 61,1,85,,43849,16,0,60 61,1,85,,43850,16,0,60 61,1,85,,43851,16,0,60 61,1,44,,43852,16,0,60 61,1
401,'CPWeekday',505,,43853,16,0,60 61,1,45,,43854,16,0,60 61,1,86,,43855,16,0,60 61,1,87,,43856,16,0,60 61,1,84,,43857,16,0,60 61,1,44,,43858,16,0,60 61,1,83,,43859,16,0,60 61,1,83,,43860,16,0,60 61,1,84,,43861,16,0,60 61,1,44,,43862,16,0,60 61,1,84,,43863,16,0,60 61,1,85,,43864,16,0,60 61,1,44,,43865,16,0,60 61,1,70,,43866,16,0,60 61,1,22,,43878,10,0,60 61,1,50,,43867,16,0,60 61,1,38,,43868,16,0,60 61,1,77,,43869,16,0,60 61,1,38,,43870,16,0,60 61,1,76,,43871,16,0,60 61,1,76,,43872,16,0,60 61,1,39,,43873,16,0,60 61,1,104,,43874,16,0,60 61,1,103,,43875,16,0,60 61,1,100,,43876,16,0,60 61,1,100,,43877,16,0,60 61,1
2803,'CPSaturday',730,,47901,1,0,19 20,1,22,,47900,1,0,19 20,1,65,,47907,1,0,19 20,1,28,,47894,1,0,19 20,1,68,,47914,1,0,19 20,1,30,,47893,1,0,19 20,1,70,,47913,1,0,19 20,1,30,,47887,1,0,19 20,1,70,,47906,1,0,19 20,1,30,,47889,1,0,19 20,1,70,,47908,1,0,19 20,1,30,,47888,1,0,19 20,1,70,,47912,1,0,19 20,1,30,,47895,1,0,19 20,1,70,,47909,1,0,19 20,1,30,,47891,1,0,19 20,1,68,,47904,1,0,19 20,1,30,,47892,1,0,19 20,1,70,,47915,1,0,19 20,1,30,,47890,1,0,19 20,1,70,,47910,1,0,19 20,1,30,,47885,1,0,19 20,1,70,,47902,1,0,19 20,1,30,,47896,1,0,19 20,1,70,,47903,1,0,19 20,1,30,,47897,1,0,19 20,1,70,,47911,1,0,19 20,1,30,,47898,1,0,19 20,1,70,,47905,1,0,19 20,1,32,,47886,1,0,19 20,1,72,,47916,1,0,19 20,1,35,,47899,1,0,19 20,1
2803,'CPSunday',800,,47917,1,0,19 20,1,25,,47918,1,0,19 20,1,26,,47919,1,0,19 20,1,66,,47920,1,0,19 20,1,26,,47921,1,0,19 20,1,68,,47922,1,0,19 20,1,30,,47923,1,0,19 20,1,70,,47924,1,0,19 20,1,30,,47925,1,0,19 20,1,70,,47926,1,0,19 20,1,30,,47927,1,0,19 20,1,70,,47928,1,0,19 20,1,30,,47929,1,0,19 20,1,70,,47930,1,0,19 20,1,30,,47931,1,0,19 20,1,70,,47932,1,0,19 20,1,30,,47933,1,0,19 20,1,70,,47934,1,0,19 20,1,30,,47935,1,0,19 20,1,70,,47936,1,0,19 20,1,30,,47937,1,0,19 20,1,70,,47938,1,0,19 20,1,30,,47939,1,0,19 20,1,65,,47940,1,0,19 20,1,24,,47941,1,0,19 20,1
2803,'CPWeekday',455,,47942,1,0,19 20,1,55,,47943,1,0,19 20,1,16,,47944,1,0,19 20,1,15,,47945,1,0,19 20,1,15,,47946,1,0,19 20,1,54,,47947,1,0,19 20,1,18,,47948,1,0,19 20,1,12,,47949,1,0,19 20,1,18,,47950,1,0,19 20,1,56,,47951,1,0,19 20,1,15,,47952,1,0,19 20,1,17,,47953,1,0,19 20,1,55,,47954,1,0,19 20,1,18,,47955,1,0,19 20,1,17,,47956,1,0,19 20,1,14,,47957,1,0,19 20,1,54,,47958,1,0,19 20,1,14,,47959,1,0,19 20,1,19,,47960,1,0,19 20,1,20,,47961,1,0,19 20,1,61,,47962,1,0,19 20,1,20,,47963,1,0,19 20,1,20,,47964,1,0,19 20,1,59,,47965,1,0,19 20,1,20,,47966,1,0,19 20,1,20,,47967,1,0,19 20,1,60,,47968,1,0,19 20,1,19,,47969,1,0,19 20,1,20,,47970,1,0,19 20,1,61,,47971,1,0,19 20,1,21,,47972,1,0,19 20,1,20,,47973,1,0,19 20,1,60,,47974,1,0,19 20,1,20,,47975,1,0,19 20,1,21,,47976,1,0,19 20,1,60,,47977,1,0,19 20,1,20,,47978,1,0,19 20,1,61,,47979,1,0,19 20,1,15,,47980,1,0,19 20,1,15,,47981,1,0,19 20,1,17,,47982,1,0,19 20,1,58,,47983,1,0,19 20,1,10,,48005,1,0,19 20,1,14,,47984,1,0,19 20,1,15,,47985,1,0,19 20,1,15,,47986,1,0,19 20,1,58,,47987,1,0,19 20,1,19,,47988,1,0,19 20,1,16,,47989,1,0,19 20,1,60,,47990,1,0,19 20,1,20,,47991,1,0,19 20,1,15,,47992,1,0,19 20,1,55,,47993,1,0,19 20,1,18,,47994,1,0,19 20,1,20,,47995,1,0,19 20,1,60,,47996,1,0,19 20,1,19,,47997,1,0,19 20,1,27,,47998,1,0,19 20,1,67,,47999,1,0,19 20,1,26,,48000,1,0,19 20,1,66,,48001,1,0,19 20,1,23,,48002,1,0,19 20,1,23,,48003,1,0,19 20,1,64,,48004,1,0,19 20,1
2804,'CPSaturday',747,,48028,25,4,,1,68,,48027,25,4,,1,29,,48021,25,4,,1,68,,48022,25,4,,1,29,,48014,25,4,,1,68,,48029,25,4,,1,31,,48010,25,4,,1,70,,48033,25,4,,1,30,,48016,25,4,,1,70,,48030,25,4,,1,31,,48007,25,4,,1,70,,48031,25,4,,1,31,,48015,25,4,,1,70,,48024,25,4,,1,30,,48013,25,4,,1,69,,48032,25,4,,1,30,,48017,25,4,,1,70,,48034,25,4,,1,30,,48008,25,4,,1,70,,48025,25,4,,1,29,,48009,25,4,,1,70,,48023,25,4,,1,30,,48018,25,4,,1,69,,48026,25,4,,1,30,,48019,25,4,,1,70,,48035,25,4,,1,30,,48011,25,4,,1,70,,48036,25,4,,1,29,,48012,25,4,,1,70,,48037,25,4,,1,34,,48020,25,4,,1,75,,48038,25,4,,1
2804,'CPSunday',816,,48039,25,4,,1,29,,48040,25,4,,1,68,,48041,25,4,,1,28,,48042,25,4,,1,69,,48043,25,4,,1,28,,48044,25,4,,1,70,,48045,25,4,,1,30,,48046,25,4,,1,71,,48047,25,4,,1,30,,48048,25,4,,1,70,,48049,25,4,,1,31,,48050,25,4,,1,70,,48051,25,4,,1,31,,48052,25,4,,1,70,,48053,25,4,,1,30,,48054,25,4,,1,70,,48055,25,4,,1,30,,48056,25,4,,1,70,,48057,25,4,,1,29,,48058,25,4,,1,70,,48059,25,4,,1,30,,48060,25,4,,1,64,,48061,25,4,,1,24,,48062,25,4,,1,25,,48063,25,4,,1
2804,'CPWeekday',526,,48064,25,4,,1,15,,48065,25,4,,1,15,,48066,25,4,,1,54,,48067,25,4,,1,18,,48068,26,4,,1,12,,48069,26,4,,1,18,,48070,26,4,,1,56,,48071,26,4,,1,15,,48072,26,4,,1,17,,48073,26,4,,1,55,,48074,26,4,,1,18,,48075,26,4,,1,13,,48126,26,4,,1,4,,48076,26,4,,1,14,,48077,26,4,,1,54,,48078,26,4,,1,12,,48079,25,4,,1,21,,48080,25,4,,1,20,,48081,25,4,,1,61,,48082,25,4,,1,20,,48083,25,4,,1,20,,48084,25,4,,1,59,,48085,25,4,,1,20,,48086,25,4,,1,20,,48087,25,4,,1,60,,48088,25,4,,1,19,,48089,25,4,,1,20,,48090,25,4,,1,61,,48091,25,4,,1,21,,48092,25,4,,1,20,,48093,25,4,,1,60,,48094,25,4,,1,20,,48095,25,4,,1,21,,48096,25,4,,1,60,,48097,25,4,,1,20,,48098,25,4,,1,15,,48099,25,4,,1,56,,48100,25,4,,1,19,,48101,25,4,,1,18,,48102,25,4,,1,58,,48103,25,4,,1,18,,48104,25,4,,1,18,,48105,25,4,,1,18,,48106,25,4,,1,58,,48107,25,4,,1,19,,48108,25,4,,1,16,,48109,25,4,,1,58,,48110,25,4,,1,17,,48111,25,4,,1,17,,48112,25,4,,1,58,,48113,25,4,,1,18,,48114,25,4,,1,20,,48115,25,4,,1,60,,48116,25,4,,1,19,,48117,25,4,,1,27,,48118,25,4,,1,67,,48119,25,4,,1,26,,48120,25,4,,1,66,,48121,25,4,,1,23,,48122,25,4,,1,23,,48123,25,4,,1,62,,48124,25,4,,1,22,,48125,25,4,,1
10303,'CPSaturday',435,,52856,1,0,51 27 28 52 30,1,65,,52855,1,0,51 27 28 52 30,1,25,,52854,1,0,51 27 28 52 30,1,25,,52844,1,0,51 27 28 52 30,1,65,,52857,1,0,51 27 28 52 30,1,25,,52845,1,0,51 27 28 52 30,1,65,,52842,1,0,51 27 28 52 30,1,25,,52846,1,0,51 27 28 52 30,1,26,,52858,1,0,51 27 28 52 30,1,66,,52841,1,0,51 27 28 52 30,1,26,,52840,1,0,51 27 28 52 30,1,66,,52847,1,0,51 27 28 52 30,1,26,,52859,1,0,51 27 28 52 30,1,60,,52833,1,0,51 27 28 52 30,1,20,,52832,1,0,51 27 28 52 30,1,24,,52831,1,0,51 27 28 52 30,1,64,,52843,1,0,51 27 28 52 30,1,24,,52860,1,0,51 27 28 52 30,1,24,,52828,1,0,51 27 28 52 30,1,64,,52838,1,0,51 27 28 52 30,1,24,,52830,1,0,51 27 28 52 30,1,64,,52852,1,0,51 27 28 52 30,1,24,,52864,1,0,51 27 28 52 30,1,24,,52827,1,0,51 27 28 52 30,1,64,,52834,1,0,51 27 28 52 30,1,24,,52829,1,0,51 27 28 52 30,1,64,,52851,1,0,51 27 28 52 30,1,24,,52862,1,0,51 27 28 52 30,1,24,,52824,1,0,51 27 28 52 30,1,64,,52837,1,0,51 27 28 52 30,1,24,,52823,1,0,51 27 28 52 30,1,64,,52849,1,0,51 27 28 52 30,1,24,,52865,1,0,51 27 28 52 30,1,24,,52821,1,0,51 27 28 52 30,1,64,,52839,1,0,51 27 28 52 30,1,24,,52822,1,0,51 27 28 52 30,1,64,,52850,1,0,51 27 28 52 30,1,24,,52861,1,0,51 27 28 52 30,1,24,,52819,1,0,51 27 28 52 30,1,64,,52835,1,0,51 27 28 52 30,1,22,,52825,1,0,51 27 28 52 30,1,62,,52853,1,0,51 27 28 52 30,1,22,,52863,1,0,51 27 28 52 30,1,22,,52820,1,0,51 27 28 52 30,1,62,,52836,1,0,51 27 28 52 30,1,20,,52826,1,0,51 27 28 52 30,1,20,,52848,1,0,51 27 28 52 30,1,60,,52866,1,0,51 27 28 52 30,1,20,,52818,1,0,51 27 28 52 30,1
10303,'CPSunday',530,,52904,1,0,51 27 28 52 30,1,25,,52894,1,0,51 27 28 52 30,1,65,,52893,1,0,51 27 28 52 30,1,25,,52892,1,0,51 27 28 52 30,1,65,,52895,1,0,51 27 28 52 30,1,25,,52891,1,0,51 27 28 52 30,1,65,,52890,1,0,51 27 28 52 30,1,25,,52884,1,0,51 27 28 52 30,1,25,,52896,1,0,51 27 28 52 30,1,66,,52881,1,0,51 27 28 52 30,1,26,,52880,1,0,51 27 28 52 30,1,66,,52882,1,0,51 27 28 52 30,1,28,,52897,1,0,51 27 28 52 30,1,68,,52879,1,0,51 27 28 52 30,1,28,,52878,1,0,51 27 28 52 30,1,68,,52885,1,0,51 27 28 52 30,1,28,,52900,1,0,51 27 28 52 30,1,28,,52877,1,0,51 27 28 52 30,1,68,,52874,1,0,51 27 28 52 30,1,28,,52883,1,0,51 27 28 52 30,1,68,,52898,1,0,51 27 28 52 30,1,28,,52876,1,0,51 27 28 52 30,1,68,,52875,1,0,51 27 28 52 30,1,28,,52886,1,0,51 27 28 52 30,1,68,,52899,1,0,51 27 28 52 30,1,28,,52872,1,0,51 27 28 52 30,1,68,,52873,1,0,51 27 28 52 30,1,28,,52888,1,0,51 27 28 52 30,1,68,,52901,1,0,51 27 28 52 30,1,28,,52871,1,0,51 27 28 52 30,1,68,,52868,1,0,51 27 28 52 30,1,28,,52887,1,0,51 27 28 52 30,1,28,,52903,1,0,51 27 28 52 30,1,66,,52870,1,0,51 27 28 52 30,1,26,,52867,1,0,51 27 28 52 30,1,66,,52889,1,0,51 27 28 52 30,1,26,,52902,1,0,51 27 28 52 30,1,65,,52869,1,0,51 27 28 52 30,1
10303,'CPWeekday',410,,52954,1,0,51 27 28 52 30,1,25,,52945,1,0,51 27 28 52 30,1,65,,52944,1,0,51 27 28 52 30,1,25,,52946,1,0,51 27 28 52 30,1,15,,52931,1,0,51 27 28 52 30,1,15,,52961,1,0,51 27 28 52 30,1,54,,52929,1,0,51 27 28 52 30,1,14,,52937,1,0,51 27 28 52 30,1,14,,52927,1,0,51 27 28 52 30,1,14,,52930,1,0,51 27 28 52 30,1,54,,52926,1,0,51 27 28 52 30,1,15,,52949,1,0,51 27 28 52 30,1,15,,52928,1,0,51 27 28 52 30,1,15,,52956,1,0,51 27 28 52 30,1,55,,52925,1,0,51 27 28 52 30,1,26,,52939,1,0,51 27 28 52 30,1,26,,52933,1,0,51 27 28 52 30,1,66,,52947,1,0,51 27 28 52 30,1,26,,52957,1,0,51 27 28 52 30,1,66,,52920,1,0,51 27 28 52 30,1,25,,52941,1,0,51 27 28 52 30,1,65,,52935,1,0,51 27 28 52 30,1,25,,52950,1,0,51 27 28 52 30,1,25,,52958,1,0,51 27 28 52 30,1,65,,52918,1,0,51 27 28 52 30,1,25,,52940,1,0,51 27 28 52 30,1,65,,52934,1,0,51 27 28 52 30,1,25,,52948,1,0,51 27 28 52 30,1,65,,52955,1,0,51 27 28 52 30,1,25,,52923,1,0,51 27 28 52 30,1,25,,52938,1,0,51 27 28 52 30,1,55,,52912,1,0,51 27 28 52 30,1,15,,52932,1,0,51 27 28 52 30,1,15,,52910,1,0,51 27 28 52 30,1,15,,52953,1,0,51 27 28 52 30,1,55,,52959,1,0,51 27 28 52 30,1,15,,52909,1,0,51 27 28 52 30,1,15,,52917,1,0,51 27 28 52 30,1,15,,52907,1,0,51 27 28 52 30,1,55,,52942,1,0,51 27 28 52 30,1,15,,52911,1,0,51 27 28 52 30,1,15,,52936,1,0,51 27 28 52 30,1,15,,52908,1,0,51 27 28 52 30,1,55,,52951,1,0,51 27 28 52 30,1,20,,52960,1,0,51 27 28 52 30,1,24,,52919,1,0,51 27 28 52 30,1,64,,52943,1,0,51 27 28 52 30,1,24,,52914,1,0,51 27 28 52 30,1,64,,52906,1,0,51 27 28 52 30,1,24,,52952,1,0,51 27 28 52 30,1,25,,52924,1,0,51 27 28 52 30,1,75,,52915,1,0,51 27 28 52 30,1,75,,52905,1,0,51 27 28 52 30,1,40,,52922,1,0,51 27 28 52 30,1,80,,52916,1,0,51 27 28 52 30,1,90,,52921,1,0,51 27 28 52 30,1,90,,52913,1,0,51 27 28 52 30,1
10304,'CPSaturday',534,,52997,18,4,,1,66,,52999,18,4,,1,27,,52986,18,4,,1,26,,52990,18,4,,1,66,,52989,18,4,,1,25,,53001,18,4,,1,67,,52985,18,4,,1,28,,52983,18,4,,1,66,,52991,18,4,,1,27,,53002,18,4,,1,27,,52984,18,4,,1,68,,52975,18,4,,1,26,,52992,18,4,,1,65,,52998,18,4,,1,26,,52974,18,4,,1,65,,52978,18,4,,1,24,,52973,18,4,,1,25,,52993,18,4,,1,65,,53000,18,4,,1,24,,52972,18,4,,1,64,,52977,18,4,,1,24,,52971,18,4,,1,24,,52994,18,4,,1,64,,53003,18,4,,1,24,,52965,18,4,,1,64,,52979,18,4,,1,25,,52967,18,4,,1,64,,52987,18,4,,1,24,,53004,18,4,,1,23,,52966,18,4,,1,64,,52980,18,4,,1,24,,52968,18,4,,1,24,,52995,18,4,,1,63,,53005,18,4,,1,24,,52964,18,4,,1,62,,52976,18,4,,1,22,,52969,18,4,,1,24,,52988,18,4,,1,62,,53007,18,4,,1,24,,52963,18,4,,1,61,,52981,18,4,,1,22,,52970,18,4,,1,22,,52996,18,4,,1,60,,53006,18,4,,1,23,,52962,18,4,,1,22,,52982,18,4,,1
10304,'CPSunday',629,,53037,18,4,,1,26,,53043,18,4,,1,68,,53034,18,4,,1,25,,53035,18,4,,1,66,,53033,18,4,,1,26,,53042,18,4,,1,67,,53028,18,4,,1,26,,53025,18,4,,1,25,,53024,18,4,,1,66,,53038,18,4,,1,32,,53022,18,4,,1,67,,53021,18,4,,1,28,,53023,18,4,,1,69,,53041,18,4,,1,28,,53020,18,4,,1,67,,53019,18,4,,1,29,,53026,18,4,,1,68,,53039,18,4,,1,27,,53017,18,4,,1,68,,53018,18,4,,1,29,,53027,18,4,,1,68,,53036,18,4,,1,27,,53016,18,4,,1,28,,53015,18,4,,1,68,,53030,18,4,,1,26,,53044,18,4,,1,68,,53014,18,4,,1,26,,53013,18,4,,1,67,,53029,18,4,,1,29,,53040,18,4,,1,68,,53009,18,4,,1,28,,53010,18,4,,1,68,,53031,18,4,,1,25,,53045,18,4,,1,24,,53011,18,4,,1,64,,53008,18,4,,1,27,,53032,18,4,,1,64,,53046,18,4,,1,24,,53012,18,4,,1
10304,'CPWeekday',513,,53091,18,4,,1,29,,53102,18,4,,1,67,,53081,18,4,,1,27,,53074,18,4,,1,14,,53073,18,4,,1,56,,53093,18,4,,1,16,,53072,18,4,,1,17,,53101,18,4,,1,18,,53070,18,4,,1,57,,53083,18,4,,1,17,,53069,18,4,,1,15,,53075,18,4,,1,55,,53068,18,4,,1,14,,53088,18,4,,1,13,,53071,18,4,,1,14,,53097,18,4,,1,15,,53067,18,4,,1,66,,53087,18,4,,1,26,,53076,18,4,,1,64,,53089,18,4,,1,26,,53098,18,4,,1,66,,53059,18,4,,1,28,,53082,18,4,,1,67,,53077,18,4,,1,26,,53092,18,4,,1,25,,53099,18,4,,1,65,,53060,18,4,,1,26,,53080,18,4,,1,65,,53078,18,4,,1,24,,53090,18,4,,1,25,,53100,18,4,,1,67,,53061,18,4,,1,16,,53053,18,4,,1,17,,53085,18,4,,1,54,,53054,18,4,,1,16,,53079,18,4,,1,15,,53051,18,4,,1,16,,53094,18,4,,1,54,,53103,18,4,,1,15,,53050,18,4,,1,14,,53064,18,4,,1,11,,53052,18,4,,1,55,,53086,18,4,,1,15,,53056,18,4,,1,24,,53049,18,4,,1,64,,53095,18,4,,1,24,,53063,18,4,,1,25,,53084,18,4,,1,61,,53055,18,4,,1,23,,53048,18,4,,1,65,,53096,18,4,,1,24,,53066,18,4,,1,28,,53057,18,4,,1,69,,53047,18,4,,1,78,,53062,18,4,,1,43,,53058,18,4,,1,84,,53065,18,4,,1
