1304,'CPHoliday1',749,,18106,50,0,6 7,1,78,,18107,50,0,6 7,1,77,,18108,50,0,6 7,1,37,,18109,50,0,6 7,1,77,,18110,50,0,6 7,1,38,,18111,50,0,6 7,1,79,,18112,50,0,6 7,1,82,,18113,50,0,6 7,1,41,,18114,50,0,6 7,1,80,,18115,50,0,6 7,1,79,,18116,50,0,6 7,1,41,,18117,50,0,6 7,1,80,,18118,50,0,6 7,1,80,,18119,50,0,6 7,1,40,,18120,50,0,6 7,1,80,,18121,50,0,6 7,1,79,,18122,50,0,6 7,1,39,,18123,50,0,6 7,1,79,,18124,50,0,6 7,1,79,,18125,50,0,6 7,1,38,,18126,50,0,6 7,1,80,,18127,50,0,6 7,1,74,,18128,50,0,6 7,1,34,,18129,50,0,6 7,1,93,,18130,50,0,6 7,1,93,,18131,50,0,6 7,1,95,,18132,50,0,6 7,1
1304,'CPSaturday',556,,18133,50,0,6 7,1,73,,18134,50,0,6 7,1,74,,18135,50,0,6 7,1,37,,18136,50,0,6 7,1,78,,18137,50,0,6 7,1,36,,18138,50,0,6 7,1,78,,18139,50,0,6 7,1,76,,18140,50,0,6 7,1,37,,18141,50,0,6 7,1,73,,18142,50,0,6 7,1,31,,18143,50,0,6 7,1,71,,18144,50,0,6 7,1,32,,18145,50,0,6 7,1,70,,18146,50,0,6 7,1,32,,18147,50,0,6 7,1,72,,18148,50,0,6 7,1,30,,18149,50,0,6 7,1,72,,18150,50,0,6 7,1,72,,18151,50,0,6 7,1,33,,18152,50,0,6 7,1,72,,18153,50,0,6 7,1,31,,18154,50,0,6 7,1,72,,18155,50,0,6 7,1,29,,18156,50,0,6 7,1,69,,18157,50,0,6 7,1,31,,18158,50,0,6 7,1,70,,18159,50,0,6 7,1,27,,18160,50,0,6 7,1,69,,18161,50,0,6 7,1,29,,18162,50,0,6 7,1,68,,18163,50,0,6 7,1,27,,18164,50,0,6 7,1,74,,18165,50,0,6 7,1,46,,18166,50,0,6 7,1,89,,18167,50,0,6 7,1,94,,18168,50,0,6 7,1
1304,'CPSunday',749,,18169,50,0,6 7,1,78,,18170,50,0,6 7,1,77,,18171,50,0,6 7,1,37,,18172,50,0,6 7,1,77,,18173,50,0,6 7,1,38,,18174,50,0,6 7,1,79,,18175,50,0,6 7,1,82,,18176,50,0,6 7,1,41,,18177,50,0,6 7,1,80,,18178,50,0,6 7,1,79,,18179,50,0,6 7,1,41,,18180,50,0,6 7,1,80,,18181,50,0,6 7,1,80,,18182,50,0,6 7,1,40,,18183,50,0,6 7,1,80,,18184,50,0,6 7,1,79,,18185,50,0,6 7,1,39,,18186,50,0,6 7,1,79,,18187,50,0,6 7,1,79,,18188,50,0,6 7,1,38,,18189,50,0,6 7,1,80,,18190,50,0,6 7,1,74,,18191,50,0,6 7,1,34,,18192,50,0,6 7,1,93,,18193,50,0,6 7,1,93,,18194,50,0,6 7,1,95,,18195,50,0,6 7,1
1304,'CPWeekday',504,,18196,50,0,6 7,1,23,,18197,50,0,6 7,1,23,,18198,50,0,6 7,1,61,,18199,50,0,6 7,1,29,,18200,50,0,6 7,1,67,,18201,50,0,6 7,1,27,,18202,50,0,6 7,1,69,,18203,50,0,6 7,1,28,,18204,50,0,6 7,1,23,,18205,50,0,6 7,1,64,,18206,50,0,6 7,1,27,,18207,50,0,6 7,1,64,,18208,50,0,6 7,1,23,,18209,50,0,6 7,1,26,,18210,50,0,6 7,1,64,,18211,50,0,6 7,1,26,,18212,50,0,6 7,1,67,,18213,50,0,6 7,1,26,,18214,50,0,6 7,1,64,,18215,50,0,6 7,1,24,,18216,50,0,6 7,1,25,,18217,50,0,6 7,1,66,,18218,50,0,6 7,1,29,,18219,50,0,6 7,1,60,,18220,50,0,6 7,1,20,,18221,50,0,6 7,1,23,,18222,50,0,6 7,1,65,,18223,50,0,6 7,1,24,,18224,50,0,6 7,1,65,,18225,50,0,6 7,1,24,,18226,50,0,6 7,1,24,,18227,50,0,6 7,1,63,,18228,50,0,6 7,1,24,,18229,50,0,6 7,1,63,,18230,50,0,6 7,1,23,,18231,50,0,6 7,1,22,,18232,50,0,6 7,1,61,,18233,50,0,6 7,1,21,,18234,50,0,6 7,1,24,,18235,50,0,6 7,1,69,,18236,50,0,6 7,1,29,,18237,50,0,6 7,1,68,,18238,50,0,6 7,1,23,,18239,50,0,6 7,1,64,,18240,50,0,6 7,1,50,,18241,50,0,6 7,1,88,,18242,50,0,6 7,1,95,,18243,50,0,6 7,1,95,,18244,50,0,6 7,1
1402,'CPWeekday',449,,18271,31,0,53 6 7,1,76,,18272,31,0,53 6 7,1,75,,18273,31,0,53 6 7,1,35,,18274,31,0,53 6 7,1,75,,18275,31,0,53 6 7,1,39,,18276,31,0,53 6 7,1,77,,18277,31,0,6 7,1,78,,18278,31,0,6 7,1,15,,18279,31,0,6 7,1,93,,18280,31,0,6 7,1,95,,18281,31,0,6 7,1,95,,18282,31,0,6 7,1,56,,18283,31,0,6 7,1,96,,18284,31,0,6 7,1,93,,18285,31,0,53 6 7,1,85,,18286,31,0,53 6 7,1,81,,18287,31,0,53 6 7,1,39,,18288,31,0,53 6 7,1,82,,18289,31,0,53 6 7,1,79,,18290,31,0,53 6 7,1,36,,18291,31,0,6 7,1,95,,18292,31,0,6 7,1,97,,18293,31,0,6 7,1,98,,18294,31,0,6 7,1,96,,18295,31,0,6 7,1,97,,18296,31,0,6 7,1
4504,'CPWeekday',637,,23493,40,0,53 6 7,1,85,,23495,40,0,53 6 7,1,37,,23497,40,0,53 6 7,1,84,,23499,40,0,53 6 7,1,75,,23501,40,0,53 6 7,1,38,,23503,40,0,53 6 7,1,90,,23505,40,0,53 6 7,1,493,,23516,40,0,53 6 7,1,78,,23518,40,0,53 6 7,1,37,,23520,40,0,53 6 7,1,76,,23522,40,0,53 6 7,1,74,,23524,40,0,53 6 7,1,33,,23526,40,0,53 6 7,1,73,,23528,40,0,53 6 7,1,33,,23530,40,0,53 6 7,1
11004,'CPHoliday1',810,,27645,8,0,49 22 28 50 30,1,31,,27650,8,0,49 22 28 50 30,1,72,,27646,8,0,49 22 28 50 30,1,32,,27639,8,0,49 22 28 50 30,1,73,,27653,8,0,49 22 28 50 30,1,34,,27649,8,0,49 22 28 50 30,1,72,,27626,8,0,49 22 28 50 30,1,24,,27636,8,0,49 22 28 50 30,1,64,,27656,8,0,49 22 28 50 30,1,26,,27643,8,0,49 22 28 50 30,1,66,,27637,8,0,49 22 28 50 30,1,26,,27630,8,0,49 22 28 50 30,1,26,,27651,8,0,49 22 28 50 30,1,66,,27644,8,0,49 22 28 50 30,1,26,,27629,8,0,49 22 28 50 30,1,66,,27627,8,0,49 22 28 50 30,1,26,,27655,8,0,49 22 28 50 30,1,66,,27642,8,0,49 22 28 50 30,1,26,,27635,8,0,49 22 28 50 30,1,26,,27634,8,0,49 22 28 50 30,1,65,,27658,8,0,49 22 28 50 30,1,24,,27648,8,0,49 22 28 50 30,1,66,,27631,8,0,49 22 28 50 30,1,25,,27633,8,0,49 22 28 50 30,1,64,,27654,8,0,49 22 28 50 30,1,26,,27641,8,0,49 22 28 50 30,1,74,,27638,8,0,49 22 28 50 30,1,34,,27657,8,0,49 22 28 50 30,1,72,,27640,8,0,49 22 28 50 30,1,32,,27632,8,0,49 22 28 50 30,1,70,,27652,8,0,49 22 28 50 30,1,30,,27647,8,0,49 22 28 50 30,1,70,,27628,8,0,49 22 28 50 30,1
11004,'CPSaturday',810,,27682,8,0,49 22 28 50 30,1,31,,27691,8,0,49 22 28 50 30,1,72,,27681,8,0,49 22 28 50 30,1,32,,27680,8,0,49 22 28 50 30,1,73,,27690,8,0,49 22 28 50 30,1,34,,27679,8,0,49 22 28 50 30,1,72,,27673,8,0,49 22 28 50 30,1,24,,27670,8,0,49 22 28 50 30,1,64,,27688,8,0,49 22 28 50 30,1,26,,27669,8,0,49 22 28 50 30,1,66,,27672,8,0,49 22 28 50 30,1,26,,27668,8,0,49 22 28 50 30,1,26,,27684,8,0,49 22 28 50 30,1,66,,27667,8,0,49 22 28 50 30,1,26,,27671,8,0,49 22 28 50 30,1,66,,27666,8,0,49 22 28 50 30,1,26,,27689,8,0,49 22 28 50 30,1,66,,27661,8,0,49 22 28 50 30,1,26,,27675,8,0,49 22 28 50 30,1,26,,27660,8,0,49 22 28 50 30,1,65,,27683,8,0,49 22 28 50 30,1,24,,27662,8,0,49 22 28 50 30,1,66,,27676,8,0,49 22 28 50 30,1,25,,27659,8,0,49 22 28 50 30,1,64,,27685,8,0,49 22 28 50 30,1,26,,27663,8,0,49 22 28 50 30,1,74,,27677,8,0,49 22 28 50 30,1,34,,27686,8,0,49 22 28 50 30,1,72,,27665,8,0,49 22 28 50 30,1,32,,27678,8,0,49 22 28 50 30,1,70,,27687,8,0,49 22 28 50 30,1,30,,27664,8,0,49 22 28 50 30,1,70,,27674,8,0,49 22 28 50 30,1
11004,'CPSunday',810,,27711,8,0,49 22 28 50 30,1,31,,27716,8,0,49 22 28 50 30,1,72,,27712,8,0,49 22 28 50 30,1,32,,27705,8,0,49 22 28 50 30,1,73,,27719,8,0,49 22 28 50 30,1,34,,27715,8,0,49 22 28 50 30,1,72,,27692,8,0,49 22 28 50 30,1,24,,27702,8,0,49 22 28 50 30,1,64,,27722,8,0,49 22 28 50 30,1,26,,27709,8,0,49 22 28 50 30,1,66,,27703,8,0,49 22 28 50 30,1,26,,27696,8,0,49 22 28 50 30,1,26,,27717,8,0,49 22 28 50 30,1,66,,27710,8,0,49 22 28 50 30,1,26,,27695,8,0,49 22 28 50 30,1,66,,27693,8,0,49 22 28 50 30,1,26,,27721,8,0,49 22 28 50 30,1,66,,27708,8,0,49 22 28 50 30,1,26,,27701,8,0,49 22 28 50 30,1,26,,27700,8,0,49 22 28 50 30,1,65,,27724,8,0,49 22 28 50 30,1,24,,27714,8,0,49 22 28 50 30,1,66,,27697,8,0,49 22 28 50 30,1,25,,27699,8,0,49 22 28 50 30,1,64,,27720,8,0,49 22 28 50 30,1,26,,27707,8,0,49 22 28 50 30,1,74,,27704,8,0,49 22 28 50 30,1,34,,27723,8,0,49 22 28 50 30,1,72,,27706,8,0,49 22 28 50 30,1,32,,27698,8,0,49 22 28 50 30,1,70,,27718,8,0,49 22 28 50 30,1,30,,27713,8,0,49 22 28 50 30,1,70,,27694,8,0,49 22 28 50 30,1
11004,'CPWeekday',437,,27781,8,0,49 22 28 50 30,1,17,,27783,8,0,49 22 28 50 30,1,59,,27782,8,0,49 22 28 50 30,1,19,,27776,8,0,49 22 28 50 30,1,18,,27777,8,0,49 22 28 50 30,1,58,,27779,8,0,49 22 28 50 30,1,20,,27778,8,0,49 22 28 50 30,1,19,,27780,8,0,49 22 28 50 30,1,60,,27775,8,0,49 22 28 50 30,1,21,,27771,8,0,49 22 28 50 30,1,21,,27774,8,0,49 22 28 50 30,1,61,,27772,8,0,49 22 28 50 30,1,21,,27773,8,0,49 22 28 50 30,1,25,,27766,8,0,49 22 28 50 30,1,61,,27767,8,0,49 22 28 50 30,1,20,,27770,8,0,49 22 28 50 30,1,63,,27769,8,0,49 22 28 50 30,1,21,,27768,8,0,49 22 28 50 30,1,18,,27765,8,0,49 22 28 50 30,1,61,,27764,8,0,49 22 28 50 30,1,21,,27763,8,0,49 22 28 50 30,1,22,,27762,8,0,49 22 28 50 30,1,61,,27761,8,0,49 22 28 50 30,1,22,,27760,8,0,49 22 28 50 30,1,21,,27759,8,0,49 22 28 50 30,1,61,,27758,8,0,49 22 28 50 30,1,21,,27757,8,0,49 22 28 50 30,1,21,,27756,8,0,49 22 28 50 30,1,62,,27753,8,0,49 22 28 50 30,1,23,,27755,8,0,49 22 28 50 30,1,22,,27754,8,0,49 22 28 50 30,1,62,,27752,8,0,49 22 28 50 30,1,21,,27751,8,0,49 22 28 50 30,1,62,,27750,8,0,49 22 28 50 30,1,23,,27749,8,0,49 22 28 50 30,1,22,,27748,8,0,49 22 28 50 30,1,63,,27747,8,0,49 22 28 50 30,1,20,,27746,8,0,49 22 28 50 30,1,22,,27745,8,0,49 22 28 50 30,1,63,,27744,8,0,49 22 28 50 30,1,23,,27742,8,0,49 22 28 50 30,1,63,,27741,8,0,49 22 28 50 30,1,19,,27734,8,0,49 22 28 50 30,1,21,,27738,8,0,49 22 28 50 30,1,64,,27733,8,0,49 22 28 50 30,1,17,,27743,8,0,49 22 28 50 30,1,21,,27727,8,0,49 22 28 50 30,1,66,,27737,8,0,49 22 28 50 30,1,28,,27726,8,0,49 22 28 50 30,1,70,,27729,8,0,49 22 28 50 30,1,29,,27736,8,0,49 22 28 50 30,1,70,,27725,8,0,49 22 28 50 30,1
