1401,'CPWeekday',438,,18245,1,0,46 47 7,1,74,,18246,1,0,46 47 7,1,35,,18247,1,0,46 47 7,1,75,,18248,1,0,46 47 7,1,35,,18249,1,0,46 47 7,1,76,,18250,1,0,46 47 7,1,76,,18251,1,0,46 47 7,1,20,,18252,1,0,46 47 7,1,96,,18253,1,0,46 47 7,1,95,,18254,1,0,46 47 7,1,95,,18255,1,0,46 47 7,1,95,,18256,1,0,46 47 7,1,95,,18257,1,0,46 47 7,1,95,,18258,1,0,46 47 7,1,38,,18259,1,0,46 47 7,1,80,,18260,1,0,46 47 7,1,40,,18261,1,0,46 47 7,1,80,,18262,1,0,46 47 7,1,81,,18263,1,0,46 47 7,1,82,,18264,1,0,46 47 7,1,54,,18265,1,0,46 47 7,1,97,,18266,1,0,46 47 7,1,97,,18267,1,0,46 47 7,1,97,,18268,1,0,46 47 7,1,97,,18269,1,0,46 47 7,1,97,,18270,1,0,46 47 7,1
1402,'CPWeekday',504,,18271,58,4,,1,38,,18272,58,4,,1,75,,18273,58,4,,1,36,,18274,58,4,,1,76,,18275,58,4,,1,80,,18276,58,4,,1,20,,18277,34,4,,1,78,,18278,34,4,,1,15,,18279,34,4,,1,93,,18280,34,4,,1,95,,18281,34,4,,1,95,,18282,34,4,,1,96,,18283,34,4,,1,56,,18284,34,4,,1,149,,18285,58,4,,1,47,,18286,58,4,,1,81,,18287,58,4,,1,78,,18288,58,4,,1,41,,18289,58,4,,1,78,,18290,58,4,,1,21,,18291,34,4,,1,95,,18292,34,4,,1,96,,18293,34,4,,1,98,,18294,34,4,,1,96,,18295,34,4,,1,97,,18296,34,4,,1
2903,'CPHoliday1',700,,20700,1,0,37 38,1,46,,20701,1,0,37 38,1,86,,20702,1,0,37 38,1,86,,20703,1,0,37 38,1,86,,20704,1,0,37 38,1,46,,20705,1,0,37 38,1,86,,20706,1,0,37 38,1,88,,20707,1,0,37 38,1,88,,20708,1,0,37 38,1,90,,20709,1,0,37 38,1,50,,20710,1,0,37 38,1,90,,20711,1,0,37 38,1,90,,20712,1,0,37 38,1,90,,20713,1,0,37 38,1,88,,20714,1,0,37 38,1,48,,20715,1,0,37 38,1,86,,20716,1,0,37 38,1,86,,20717,1,0,37 38,1,85,,20718,1,0,37 38,1,85,,20719,1,0,37 38,1,40,,20720,1,0,37 38,1,80,,20721,1,0,37 38,1,38,,20722,1,0,37 38,1,78,,20723,1,0,37 38,1,78,,20724,1,0,37 38,1
2903,'CPSaturday',420,,20725,1,0,37 38,1,30,,20726,1,0,37 38,1,70,,20727,1,0,37 38,1,30,,20728,1,0,37 38,1,70,,20729,1,0,37 38,1,30,,20730,1,0,37 38,1,70,,20731,1,0,37 38,1,30,,20732,1,0,37 38,1,70,,20733,1,0,37 38,1,30,,20734,1,0,37 38,1,70,,20735,1,0,37 38,1,30,,20736,1,0,37 38,1,72,,20737,1,0,37 38,1,32,,20738,1,0,37 38,1,74,,20739,1,0,37 38,1,74,,20740,1,0,37 38,1,34,,20741,1,0,37 38,1,74,,20742,1,0,37 38,1,34,,20743,1,0,37 38,1,74,,20744,1,0,37 38,1,34,,20745,1,0,37 38,1,74,,20746,1,0,37 38,1,74,,20747,1,0,37 38,1,34,,20748,1,0,37 38,1,74,,20749,1,0,37 38,1,34,,20750,1,0,37 38,1,74,,20751,1,0,37 38,1,34,,20752,1,0,37 38,1,74,,20753,1,0,37 38,1,34,,20754,1,0,37 38,1,72,,20755,1,0,37 38,1,72,,20756,1,0,37 38,1,40,,20757,1,0,37 38,1,85,,20758,1,0,37 38,1,85,,20759,1,0,37 38,1,44,,20760,1,0,37 38,1,84,,20761,1,0,37 38,1,80,,20762,1,0,37 38,1,35,,20763,1,0,37 38,1
2903,'CPSunday',700,,20764,1,0,37 38,1,46,,20765,1,0,37 38,1,86,,20766,1,0,37 38,1,86,,20767,1,0,37 38,1,86,,20768,1,0,37 38,1,46,,20769,1,0,37 38,1,86,,20770,1,0,37 38,1,88,,20771,1,0,37 38,1,88,,20772,1,0,37 38,1,90,,20773,1,0,37 38,1,50,,20774,1,0,37 38,1,90,,20775,1,0,37 38,1,90,,20776,1,0,37 38,1,90,,20777,1,0,37 38,1,88,,20778,1,0,37 38,1,48,,20779,1,0,37 38,1,86,,20780,1,0,37 38,1,86,,20781,1,0,37 38,1,85,,20782,1,0,37 38,1,85,,20783,1,0,37 38,1,40,,20784,1,0,37 38,1,80,,20785,1,0,37 38,1,38,,20786,1,0,37 38,1,78,,20787,1,0,37 38,1,78,,20788,1,0,37 38,1
2903,'CPWeekday',435,,20789,1,0,37 38,1,70,,20790,1,0,37 38,1,32,,20791,1,0,37 38,1,74,,20792,1,0,37 38,1,35,,20793,1,0,37 38,1,75,,20794,1,0,37 38,1,34,,20795,1,0,37 38,1,75,,20796,1,0,37 38,1,75,,20797,1,0,37 38,1,35,,20798,1,0,37 38,1,75,,20799,1,0,37 38,1,35,,20800,1,0,37 38,1,75,,20801,1,0,37 38,1,75,,20802,1,0,37 38,1,36,,20803,1,0,37 38,1,76,,20804,1,0,37 38,1,36,,20805,1,0,37 38,1,76,,20806,1,0,37 38,1,77,,20807,1,0,37 38,1,37,,20808,1,0,37 38,1,79,,20809,1,0,37 38,1,38,,20810,1,0,37 38,1,78,,20811,1,0,37 38,1,78,,20812,1,0,37 38,1,39,,20813,1,0,37 38,1,79,,20814,1,0,37 38,1,75,,20815,1,0,37 38,1,34,,20816,1,0,37 38,1,82,,20817,1,0,37 38,1,88,,20818,1,0,37 38,1,48,,20819,1,0,37 38,1,88,,20820,1,0,37 38,1,88,,20821,1,0,37 38,1,85,,20822,1,0,37 38,1
2904,'CPHoliday1',739,,20825,54,4,,1,87,,20826,54,4,,1,84,,20827,54,4,,1,46,,20828,54,4,,1,86,,20829,54,4,,1,86,,20830,54,4,,1,87,,20831,54,4,,1,88,,20832,54,4,,1,50,,20833,54,4,,1,92,,20834,54,4,,1,89,,20835,54,4,,1,91,,20836,54,4,,1,89,,20837,54,4,,1,88,,20838,54,4,,1,48,,20839,54,4,,1,85,,20840,54,4,,1,84,,20841,54,4,,1,85,,20842,54,4,,1,46,,20843,54,4,,1,86,,20844,54,4,,1,81,,20845,54,4,,1,40,,20846,54,4,,1,78,,20847,54,4,,1,78,,20848,54,4,,1,35,,20849,54,4,,1
2904,'CPSaturday',538,,20850,54,4,,1,70,,20851,54,4,,1,31,,20852,54,4,,1,70,,20853,54,4,,1,30,,20854,54,4,,1,71,,20855,54,4,,1,31,,20856,54,4,,1,69,,20857,54,4,,1,33,,20858,54,4,,1,73,,20859,54,4,,1,32,,20860,54,4,,1,73,,20861,54,4,,1,32,,20862,54,4,,1,74,,20863,54,4,,1,74,,20864,54,4,,1,33,,20865,54,4,,1,73,,20866,54,4,,1,35,,20867,54,4,,1,75,,20868,54,4,,1,34,,20869,54,4,,1,74,,20870,54,4,,1,75,,20871,54,4,,1,35,,20872,54,4,,1,72,,20873,54,4,,1,34,,20874,54,4,,1,73,,20875,54,4,,1,33,,20876,54,4,,1,73,,20877,54,4,,1,34,,20878,54,4,,1,75,,20879,54,4,,1,88,,20880,54,4,,1,88,,20881,54,4,,1,44,,20882,54,4,,1,81,,20883,54,4,,1,81,,20884,54,4,,1,35,,20885,54,4,,1,78,,20886,54,4,,1
2904,'CPSunday',739,,20887,54,4,,1,87,,20888,54,4,,1,84,,20889,54,4,,1,46,,20890,54,4,,1,86,,20891,54,4,,1,86,,20892,54,4,,1,87,,20893,54,4,,1,88,,20894,54,4,,1,50,,20895,54,4,,1,92,,20896,54,4,,1,89,,20897,54,4,,1,91,,20898,54,4,,1,89,,20899,54,4,,1,88,,20900,54,4,,1,48,,20901,54,4,,1,85,,20902,54,4,,1,84,,20903,54,4,,1,85,,20904,54,4,,1,46,,20905,54,4,,1,86,,20906,54,4,,1,81,,20907,54,4,,1,40,,20908,54,4,,1,78,,20909,54,4,,1,78,,20910,54,4,,1,35,,20911,54,4,,1
2904,'CPWeekday',459,,20912,54,4,,1,71,,20913,54,4,,1,71,,20914,54,4,,1,34,,20915,54,4,,1,77,,20916,54,4,,1,35,,20917,54,4,,1,77,,20918,54,4,,1,34,,20919,54,4,,1,75,,20920,54,4,,1,73,,20921,54,4,,1,34,,20922,54,4,,1,75,,20923,54,4,,1,38,,20924,54,4,,1,76,,20925,54,4,,1,75,,20926,54,4,,1,34,,20927,54,4,,1,76,,20928,54,4,,1,38,,20929,54,4,,1,79,,20930,54,4,,1,78,,20931,54,4,,1,38,,20932,54,4,,1,78,,20933,54,4,,1,77,,20934,54,4,,1,36,,20935,54,4,,1,78,,20936,54,4,,1,36,,20937,54,4,,1,78,,20938,54,4,,1,82,,20939,54,4,,1,47,,20940,54,4,,1,87,,20941,54,4,,1,87,,20942,54,4,,1,87,,20943,54,4,,1,87,,20944,54,4,,1,47,,20945,54,4,,1
4503,'CPHoliday1',805,,23298,1,0,5,1,35,,23299,1,0,5,1,75,,23300,1,0,5,1,35,,23301,1,0,5,1,75,,23302,1,0,5,1,75,,23303,1,0,5,1,40,,23304,1,0,5,1,80,,23305,1,0,5,1,80,,23306,1,0,5,1,40,,23307,1,0,5,1,80,,23308,1,0,5,1,80,,23309,1,0,5,1,40,,23310,1,0,5,1,80,,23311,1,0,5,1,80,,23312,1,0,5,1,40,,23313,1,0,5,1,80,,23314,1,0,5,1,80,,23315,1,0,5,1,40,,23316,1,0,5,1,80,,23317,1,0,5,1,80,,23318,1,0,5,1,35,,23319,1,0,5,1,75,,23320,1,0,5,1
4503,'CPSaturday',630,,23321,1,0,5,1,75,,23322,1,0,5,1,35,,23323,1,0,5,1,75,,23324,1,0,5,1,40,,23325,1,0,5,1,80,,23326,1,0,5,1,80,,23327,1,0,5,1,40,,23328,1,0,5,1,80,,23329,1,0,5,1,82,,23330,1,0,5,1,42,,23331,1,0,5,1,82,,23332,1,0,5,1,82,,23333,1,0,5,1,82,,23334,1,0,5,1,42,,23335,1,0,5,1,82,,23336,1,0,5,1,82,,23337,1,0,5,1,42,,23338,1,0,5,1,82,,23339,1,0,5,1,80,,23340,1,0,5,1,38,,23341,1,0,5,1,78,,23342,1,0,5,1,78,,23343,1,0,5,1,36,,23344,1,0,5,1,75,,23345,1,0,5,1
4503,'CPSunday',805,,23346,1,0,5,1,35,,23347,1,0,5,1,75,,23348,1,0,5,1,35,,23349,1,0,5,1,75,,23350,1,0,5,1,75,,23351,1,0,5,1,40,,23352,1,0,5,1,80,,23353,1,0,5,1,80,,23354,1,0,5,1,40,,23355,1,0,5,1,80,,23356,1,0,5,1,80,,23357,1,0,5,1,40,,23358,1,0,5,1,80,,23359,1,0,5,1,80,,23360,1,0,5,1,40,,23361,1,0,5,1,80,,23362,1,0,5,1,80,,23363,1,0,5,1,40,,23364,1,0,5,1,80,,23365,1,0,5,1,80,,23366,1,0,5,1,35,,23367,1,0,5,1,75,,23368,1,0,5,1
4503,'CPWeekday',451,,23369,1,0,5,1,79,,23370,1,0,5,1,15,,23371,1,0,53 5,1,55,,23372,1,0,5,1,18,,23373,1,0,53 5,1,18,,23374,1,0,5,1,20,,23375,1,0,53 5,1,64,,23376,1,0,5,1,20,,23377,1,0,53 5,1,60,,23378,1,0,5,1,16,,23379,1,0,53 5,1,18,,23380,1,0,5,1,24,,23381,1,0,53 5,1,58,,23382,1,0,5,1,18,,23383,1,0,5,1,24,,23384,1,0,5,1,72,,23385,1,0,5,1,72,,23386,1,0,5,1,32,,23387,1,0,5,1,72,,23388,1,0,5,1,32,,23389,1,0,5,1,70,,23390,1,0,5,1,30,,23391,1,0,5,1,72,,23392,1,0,53 5,1,17,,23393,1,0,5,1,17,,23394,1,0,53 5,1,56,,23395,1,0,5,1,20,,23396,1,0,53 5,1,20,,23397,1,0,5,1,60,,23398,1,0,53 5,1,18,,23399,1,0,5,1,18,,23400,1,0,53 5,1,7,,23420,1,0,5,1,11,,23401,1,0,5,1,56,,23402,1,0,53 5,1,20,,23403,1,0,5,1,18,,23404,1,0,53 5,1,58,,23405,1,0,5,1,20,,23406,1,0,53 5,1,22,,23407,1,0,5,1,62,,23408,1,0,5,1,22,,23409,1,0,5,1,22,,23410,1,0,5,1,62,,23411,1,0,5,1,24,,23412,1,0,5,1,68,,23413,1,0,5,1,28,,23414,1,0,5,1,68,,23415,1,0,5,1,28,,23416,1,0,5,1,68,,23417,1,0,5,1,30,,23418,1,0,5,1,70,,23419,1,0,5,1
4504,'CPHoliday1',827,,23421,46,4,,1,76,,23422,46,4,,1,38,,23423,46,4,,1,76,,23424,46,4,,1,35,,23425,46,4,,1,78,,23426,46,4,,1,80,,23427,46,4,,1,40,,23428,46,4,,1,80,,23429,46,4,,1,81,,23430,46,4,,1,40,,23431,46,4,,1,79,,23432,46,4,,1,80,,23433,46,4,,1,40,,23434,46,4,,1,80,,23435,46,4,,1,78,,23436,46,4,,1,39,,23437,46,4,,1,80,,23438,46,4,,1,79,,23439,46,4,,1,38,,23440,46,4,,1,79,,23441,46,4,,1,79,,23442,46,4,,1
4504,'CPSaturday',619,,23443,46,4,,1,36,,23444,46,4,,1,78,,23445,46,4,,1,76,,23446,46,4,,1,39,,23447,46,4,,1,75,,23448,46,4,,1,81,,23449,46,4,,1,41,,23450,46,4,,1,80,,23451,46,4,,1,82,,23452,46,4,,1,43,,23453,46,4,,1,82,,23454,46,4,,1,83,,23455,46,4,,1,41,,23456,46,4,,1,82,,23457,46,4,,1,81,,23458,46,4,,1,82,,23459,46,4,,1,39,,23460,46,4,,1,82,,23461,46,4,,1,82,,23462,46,4,,1,38,,23463,46,4,,1,79,,23464,46,4,,1,79,,23465,46,4,,1,35,,23466,46,4,,1,73,,23467,46,4,,1
4504,'CPSunday',827,,23468,46,4,,1,76,,23469,46,4,,1,38,,23470,46,4,,1,76,,23471,46,4,,1,35,,23472,46,4,,1,78,,23473,46,4,,1,80,,23474,46,4,,1,40,,23475,46,4,,1,80,,23476,46,4,,1,81,,23477,46,4,,1,40,,23478,46,4,,1,79,,23479,46,4,,1,80,,23480,46,4,,1,40,,23481,46,4,,1,80,,23482,46,4,,1,78,,23483,46,4,,1,39,,23484,46,4,,1,80,,23485,46,4,,1,79,,23486,46,4,,1,38,,23487,46,4,,1,79,,23488,46,4,,1,79,,23489,46,4,,1
4504,'CPWeekday',515,,23490,46,4,,1,33,,23491,46,4,,1,75,,23492,46,4,,1,16,,23493,43,4,,1,67,,23494,46,4,,1,18,,23495,43,4,,1,24,,23496,46,4,,1,53,,23497,43,4,,1,25,,23498,46,4,,1,20,,23499,43,4,,1,61,,23500,46,4,,1,13,,23501,43,4,,1,22,,23502,46,4,,1,16,,23503,43,4,,1,65,,23504,46,4,,1,25,,23505,43,4,,1,73,,23506,46,4,,1,32,,23507,46,4,,1,73,,23508,46,4,,1,33,,23509,46,4,,1,72,,23510,46,4,,1,72,,23511,46,4,,1,22,,23512,46,4,,1,23,,23513,46,4,,1,60,,23514,46,4,,1,22,,23515,46,4,,1,12,,23516,43,4,,1,62,,23517,46,4,,1,16,,23518,43,4,,1,24,,23519,46,4,,1,13,,23520,43,4,,1,62,,23521,46,4,,1,14,,23522,43,4,,1,21,,23523,46,4,,1,53,,23524,43,4,,1,23,,23525,46,4,,1,9,,23526,43,4,,1,64,,23527,46,4,,1,9,,23528,43,4,,1,25,,23529,46,4,,1,8,,23530,43,4,,1,62,,23531,46,4,,1,16,,23532,46,4,,1,19,,23533,46,4,,1,59,,23534,46,4,,1,22,,23535,46,4,,1,28,,23536,46,4,,1,68,,23537,46,4,,1,30,,23538,46,4,,1,70,,23539,46,4,,1,30,,23540,46,4,,1
