602,'CPHoliday1',833,,30390,3,0,59,1,80,,30391,3,0,59,1,42,,30392,3,0,59,1,84,,30393,3,0,59,1,86,,30394,3,0,59,1,86,,30395,3,0,59,1,46,,30396,3,0,59,1,86,,30397,3,0,59,1,88,,30398,3,0,59,1,88,,30399,3,0,59,1,88,,30400,3,0,59,1,48,,30401,3,0,59,1,88,,30402,3,0,59,1,86,,30403,3,0,59,1,84,,30404,3,0,59,1,42,,30405,3,0,59,1,80,,30406,3,0,59,1,80,,30407,3,0,59,1
602,'CPSaturday',559,,30408,3,0,59,1,79,,30409,3,0,59,1,80,,30410,3,0,59,1,40,,30411,3,0,59,1,80,,30412,3,0,59,1,82,,30413,3,0,59,1,82,,30414,3,0,59,1,44,,30415,3,0,59,1,85,,30416,3,0,59,1,85,,30417,3,0,59,1,85,,30418,3,0,59,1,45,,30419,3,0,59,1,85,,30420,3,0,59,1,85,,30421,3,0,59,1,85,,30422,3,0,59,1,45,,30423,3,0,59,1,85,,30424,3,0,59,1,85,,30425,3,0,59,1,85,,30426,3,0,59,1,44,,30427,3,0,59,1,84,,30428,3,0,59,1,84,,30429,3,0,59,1,42,,30430,3,0,59,1,82,,30431,3,0,59,1,80,,30432,3,0,59,1,40,,30433,3,0,59,1
602,'CPSunday',833,,30434,3,0,59,1,80,,30435,3,0,59,1,42,,30436,3,0,59,1,84,,30437,3,0,59,1,86,,30438,3,0,59,1,86,,30439,3,0,59,1,46,,30440,3,0,59,1,86,,30441,3,0,59,1,88,,30442,3,0,59,1,88,,30443,3,0,59,1,88,,30444,3,0,59,1,48,,30445,3,0,59,1,88,,30446,3,0,59,1,86,,30447,3,0,59,1,84,,30448,3,0,59,1,42,,30449,3,0,59,1,80,,30450,3,0,59,1,80,,30451,3,0,59,1
602,'CPWeekday',517,,30495,3,0,59,1,29,,30491,3,0,59,1,70,,30485,3,0,59,1,30,,30484,3,0,59,1,70,,30488,3,0,59,1,17,,30452,3,0,59,1,13,,30483,3,0,59,1,70,,30482,3,0,59,1,30,,30489,3,0,59,1,70,,30481,3,0,59,1,30,,30480,3,0,59,1,70,,30490,3,0,59,1,30,,30470,3,0,59,1,70,,30468,3,0,59,1,30,,30487,3,0,59,1,70,,30469,3,0,59,1,30,,30467,3,0,59,1,70,,30492,3,0,59,1,30,,30471,3,0,59,1,70,,30466,3,0,59,1,30,,30486,3,0,59,1,70,,30462,3,0,59,1,28,,30472,3,0,59,1,66,,30460,3,0,59,1,24,,30493,3,0,59,1,24,,30459,3,0,59,1,64,,30473,3,0,59,1,24,,30461,3,0,59,1,64,,30494,3,0,59,1,26,,30458,3,0,59,1,66,,30478,3,0,59,1,30,,30464,3,0,59,1,70,,30457,3,0,59,1,30,,30475,3,0,59,1,68,,30463,3,0,59,1,28,,30456,3,0,59,1,28,,30477,3,0,59,1,66,,30465,3,0,59,1,26,,30455,3,0,59,1,78,,30476,3,0,59,1,77,,30454,3,0,59,1,38,,30474,3,0,59,1,76,,30453,3,0,59,1,35,,30479,3,0,59,1
804,'CPSaturday',556,,30983,3,0,46 47 7,1,80,,30984,3,0,46 47 7,1,86,,30985,3,0,46 47 7,1,86,,30986,3,0,46 47 7,1,44,,30987,3,0,46 47 7,1,85,,30988,3,0,46 47 7,1,90,,30989,3,0,46 47 7,1,90,,30990,3,0,46 47 7,1,90,,30991,3,0,46 47 7,1,50,,30992,3,0,46 47 7,1,91,,30993,3,0,46 47 7,1,90,,30994,3,0,46 47 7,1,90,,30995,3,0,46 47 7,1,90,,30996,3,0,46 47 7,1,90,,30997,3,0,46 47 7,1,50,,30998,3,0,46 47 7,1,90,,30999,3,0,46 47 7,1,90,,31000,3,0,46 47 7,1,89,,31001,3,0,46 47 7,1,90,,31002,3,0,46 47 7,1,90,,31003,3,0,46 47 7,1,45,,31004,3,0,46 47 7,1,85,,31005,3,0,46 47 7,1
804,'CPWeekday',537,,31010,3,0,46 47 7,1,75,,31011,3,0,46 47 7,1,35,,31012,3,0,46 47 7,1,76,,31013,3,0,46 47 7,1,11,,31006,3,0,46 47 7,1,5,,31008,3,0,46 47 7,1,5,,31009,3,0,46 47 7,1,15,,31014,3,0,46 47 7,1,78,,31015,3,0,46 47 7,1,78,,31016,3,0,46 47 7,1,36,,31017,3,0,46 47 7,1,75,,31018,3,0,46 47 7,1,77,,31019,3,0,46 47 7,1,35,,31020,3,0,46 47 7,1,76,,31021,3,0,46 47 7,1,36,,31022,3,0,46 47 7,1,77,,31023,3,0,46 47 7,1,76,,31024,3,0,46 47 7,1,21,,31007,3,0,46 47 7,1,19,,31025,3,0,46 47 7,1,80,,31026,3,0,46 47 7,1,80,,31027,3,0,46 47 7,1,41,,31028,3,0,46 47 7,1,79,,31029,3,0,46 47 7,1,80,,31030,3,0,46 47 7,1,35,,31031,3,0,46 47 7,1,75,,31032,3,0,46 47 7,1,32,,31033,3,0,46 47 7,1,72,,31034,3,0,46 47 7,1,41,,31035,3,0,46 47 7,1,82,,31036,3,0,46 47 7,1,82,,31037,3,0,46 47 7,1,80,,31038,3,0,46 47 7,1,40,,31039,3,0,46 47 7,1
2602,'CPHoliday1',704,,34381,48,0,37 38,1,25,,34382,48,0,37 38,1,25,,34383,48,0,37 38,1,64,,34384,48,0,37 38,1,25,,34385,48,0,37 38,1,65,,34386,48,0,37 38,1,25,,34387,48,0,37 38,1,25,,34388,48,0,37 38,1,68,,34389,48,0,37 38,1,20,,34390,48,0,37 38,1,60,,34391,48,0,37 38,1,21,,34392,48,0,37 38,1,20,,34393,48,0,37 38,1,60,,34394,48,0,37 38,1,22,,34395,48,0,37 38,1,20,,34396,48,0,37 38,1,60,,34397,48,0,37 38,1,20,,34398,48,0,37 38,1,20,,34399,48,0,37 38,1,60,,34400,48,0,37 38,1,20,,34401,48,0,37 38,1,20,,34402,48,0,37 38,1,60,,34403,48,0,37 38,1,20,,34404,48,0,37 38,1,19,,34405,48,0,37 38,1,60,,34406,48,0,37 38,1,21,,34407,48,0,37 38,1,18,,34408,48,0,37 38,1,60,,34409,48,0,37 38,1,20,,34410,48,0,37 38,1,20,,34411,48,0,37 38,1,60,,34412,48,0,37 38,1,18,,34413,48,0,37 38,1,20,,34414,48,0,37 38,1,60,,34415,48,0,37 38,1,20,,34416,48,0,37 38,1,19,,34417,48,0,37 38,1,62,,34418,48,0,37 38,1,24,,34419,48,0,37 38,1,24,,34420,48,0,37 38,1,64,,34421,48,0,37 38,1,25,,34422,48,0,37 38,1,64,,34423,48,0,37 38,1,26,,34424,48,0,37 38,1,24,,34425,48,0,37 38,1,63,,34426,48,0,37 38,1,23,,34427,48,0,37 38,1,62,,34428,48,0,37 38,1,23,,34429,48,0,37 38,1,24,,34430,48,0,37 38,1,61,,34431,48,0,37 38,1,22,,34432,48,0,37 38,1,20,,34433,48,0,37 38,1
2602,'CPSaturday',525,,34434,48,0,37 38,1,20,,34435,48,0,37 38,1,62,,34436,48,0,37 38,1,22,,34437,48,0,37 38,1,20,,34438,48,0,37 38,1,61,,34439,48,0,37 38,1,20,,34440,48,0,37 38,1,20,,34441,48,0,37 38,1,60,,34442,48,0,37 38,1,20,,34443,48,0,37 38,1,20,,34444,48,0,37 38,1,62,,34445,48,0,37 38,1,22,,34446,48,0,37 38,1,21,,34447,48,0,37 38,1,61,,34448,48,0,37 38,1,21,,34449,48,0,37 38,1,14,,34450,48,0,37 38,1,55,,34451,48,0,37 38,1,16,,34452,48,0,37 38,1,16,,34453,48,0,37 38,1,15,,34454,48,0,37 38,1,55,,34455,48,0,37 38,1,16,,34456,48,0,37 38,1,15,,34457,48,0,37 38,1,15,,34458,48,0,37 38,1,55,,34459,48,0,37 38,1,15,,34460,48,0,37 38,1,15,,34461,48,0,37 38,1,15,,34462,48,0,37 38,1,55,,34463,48,0,37 38,1,15,,34464,48,0,37 38,1,15,,34465,48,0,37 38,1,15,,34466,48,0,37 38,1,55,,34467,48,0,37 38,1,15,,34468,48,0,37 38,1,15,,34469,48,0,37 38,1,15,,34470,48,0,37 38,1,54,,34471,48,0,37 38,1,14,,34472,48,0,37 38,1,14,,34473,48,0,37 38,1,12,,34474,48,0,37 38,1,52,,34475,48,0,37 38,1,12,,34476,48,0,37 38,1,12,,34477,48,0,37 38,1,11,,34478,48,0,37 38,1,11,,34479,48,0,37 38,1,12,,34480,48,0,37 38,1,54,,34481,48,0,37 38,1,14,,34482,48,0,37 38,1,14,,34483,48,0,37 38,1,14,,34484,48,0,37 38,1,52,,34485,48,0,37 38,1,11,,34486,48,0,37 38,1,15,,34487,48,0,37 38,1,14,,34488,48,0,37 38,1,54,,34489,48,0,37 38,1,16,,34490,48,0,37 38,1,16,,34491,48,0,37 38,1,19,,34492,48,0,37 38,1,59,,34493,48,0,37 38,1,19,,34494,48,0,37 38,1,20,,34495,48,0,37 38,1,62,,34496,48,0,37 38,1,23,,34497,48,0,37 38,1,21,,34498,48,0,37 38,1,62,,34499,48,0,37 38,1,22,,34500,48,0,37 38,1,19,,34501,48,0,37 38,1,59,,34502,48,0,37 38,1,19,,34503,48,0,37 38,1,19,,34504,48,0,37 38,1,60,,34505,48,0,37 38,1,18,,34506,48,0,37 38,1,25,,34507,48,0,37 38,1,65,,34508,48,0,37 38,1,24,,34509,48,0,37 38,1,69,,34510,48,0,37 38,1
2602,'CPSunday',704,,34511,48,0,37 38,1,25,,34512,48,0,37 38,1,25,,34513,48,0,37 38,1,64,,34514,48,0,37 38,1,25,,34515,48,0,37 38,1,65,,34516,48,0,37 38,1,25,,34517,48,0,37 38,1,25,,34518,48,0,37 38,1,68,,34519,48,0,37 38,1,20,,34520,48,0,37 38,1,60,,34521,48,0,37 38,1,21,,34522,48,0,37 38,1,20,,34523,48,0,37 38,1,60,,34524,48,0,37 38,1,22,,34525,48,0,37 38,1,20,,34526,48,0,37 38,1,60,,34527,48,0,37 38,1,20,,34528,48,0,37 38,1,20,,34529,48,0,37 38,1,60,,34530,48,0,37 38,1,20,,34531,48,0,37 38,1,20,,34532,48,0,37 38,1,60,,34533,48,0,37 38,1,20,,34534,48,0,37 38,1,19,,34535,48,0,37 38,1,60,,34536,48,0,37 38,1,21,,34537,48,0,37 38,1,18,,34538,48,0,37 38,1,60,,34539,48,0,37 38,1,20,,34540,48,0,37 38,1,20,,34541,48,0,37 38,1,60,,34542,48,0,37 38,1,18,,34543,48,0,37 38,1,20,,34544,48,0,37 38,1,60,,34545,48,0,37 38,1,20,,34546,48,0,37 38,1,19,,34547,48,0,37 38,1,62,,34548,48,0,37 38,1,24,,34549,48,0,37 38,1,24,,34550,48,0,37 38,1,64,,34551,48,0,37 38,1,25,,34552,48,0,37 38,1,64,,34553,48,0,37 38,1,26,,34554,48,0,37 38,1,24,,34555,48,0,37 38,1,63,,34556,48,0,37 38,1,23,,34557,48,0,37 38,1,62,,34558,48,0,37 38,1,23,,34559,48,0,37 38,1,24,,34560,48,0,37 38,1,61,,34561,48,0,37 38,1,22,,34562,48,0,37 38,1,20,,34563,48,0,37 38,1
31201,'CPWeekday',753,,42458,3,0,25,1
