3804,'CPHoliday1',810,,22127,5,0,57 7,1,90,,22125,5,0,57 7,1,55,,22131,5,0,57 7,1,95,,22128,5,0,57 7,1,95,,22126,5,0,57 7,1,95,,22136,5,0,57 7,1,95,,22130,5,0,57 7,1,95,,22129,5,0,57 7,1,95,,22135,5,0,57 7,1,96,,22133,5,0,57 7,1,95,,22134,5,0,57 7,1,94,,22137,5,0,57 7,1,95,,22132,5,0,57 7,1,95,,22138,5,0,57 7,1
3804,'CPSaturday',604,,22139,5,0,57 7,1,25,,22140,5,0,57 7,1,25,,22141,5,0,57 7,1,70,,22142,5,0,57 7,1,30,,22143,5,0,57 7,1,70,,22144,5,0,57 7,1,30,,22145,5,0,57 7,1,71,,22146,5,0,57 7,1,32,,22147,5,0,57 7,1,73,,22148,5,0,57 7,1,74,,22149,5,0,57 7,1,34,,22150,5,0,57 7,1,74,,22151,5,0,57 7,1,34,,22152,5,0,57 7,1,74,,22153,5,0,57 7,1,34,,22154,5,0,57 7,1,74,,22155,5,0,57 7,1,74,,22156,5,0,57 7,1,34,,22157,5,0,57 7,1,74,,22158,5,0,57 7,1,35,,22159,5,0,57 7,1,74,,22160,5,0,57 7,1,35,,22161,5,0,57 7,1,75,,22162,5,0,57 7,1,74,,22163,5,0,57 7,1,34,,22164,5,0,57 7,1,72,,22165,5,0,57 7,1,32,,22166,5,0,57 7,1,70,,22167,5,0,57 7,1,30,,22168,5,0,57 7,1,70,,22169,5,0,57 7,1,27,,22170,5,0,57 7,1,68,,22171,5,0,57 7,1,28,,22172,5,0,57 7,1
3804,'CPSunday',810,,22175,5,0,57 7,1,90,,22173,5,0,57 7,1,55,,22179,5,0,57 7,1,95,,22176,5,0,57 7,1,95,,22174,5,0,57 7,1,95,,22184,5,0,57 7,1,95,,22178,5,0,57 7,1,95,,22177,5,0,57 7,1,95,,22183,5,0,57 7,1,96,,22181,5,0,57 7,1,95,,22182,5,0,57 7,1,94,,22185,5,0,57 7,1,95,,22180,5,0,57 7,1,95,,22186,5,0,57 7,1
3804,'CPWeekday',514,,22210,5,0,57 7,1,30,,22218,5,0,57 7,1,67,,22211,5,0,57 7,1,28,,22208,5,0,57 7,1,68,,22201,5,0,57 7,1,30,,22200,5,0,57 7,1,71,,22209,5,0,57 7,1,30,,22220,5,0,57 7,1,72,,22215,5,0,57 7,1,35,,22203,5,0,57 7,1,75,,22199,5,0,57 7,1,39,,22195,5,0,57 7,1,80,,22222,5,0,57 7,1,80,,22214,5,0,57 7,1,40,,22202,5,0,57 7,1,70,,22196,5,0,57 7,1,26,,22194,5,0,57 7,1,66,,22193,5,0,57 7,1,31,,22219,5,0,57 7,1,70,,22212,5,0,57 7,1,30,,22191,5,0,57 7,1,68,,22207,5,0,57 7,1,28,,22198,5,0,57 7,1,70,,22190,5,0,57 7,1,30,,22192,5,0,57 7,1,69,,22221,5,0,57 7,1,28,,22213,5,0,57 7,1,68,,22188,5,0,57 7,1,28,,22206,5,0,57 7,1,70,,22197,5,0,57 7,1,40,,22187,5,0,57 7,1,90,,22216,5,0,57 7,1,89,,22204,5,0,57 7,1,86,,22189,5,0,57 7,1,86,,22217,5,0,57 7,1,41,,22205,5,0,57 7,1
3901,'CPHoliday1',550,,22243,5,0,18 12,1,78,,22237,5,0,18 12,1,78,,22232,5,0,18 12,1,38,,22228,5,0,18 12,1,80,,22244,5,0,18 12,1,82,,22235,5,0,18 12,1,42,,22233,5,0,18 12,1,83,,22227,5,0,18 12,1,82,,22242,5,0,18 12,1,44,,22236,5,0,18 12,1,85,,22229,5,0,18 12,1,85,,22226,5,0,18 12,1,85,,22245,5,0,18 12,1,45,,22239,5,0,18 12,1,85,,22230,5,0,18 12,1,85,,22225,5,0,18 12,1,85,,22246,5,0,18 12,1,45,,22238,5,0,18 12,1,85,,22231,5,0,18 12,1,84,,22224,5,0,18 12,1,83,,22241,5,0,18 12,1,42,,22240,5,0,18 12,1,82,,22234,5,0,18 12,1,75,,22223,5,0,18 12,1
3901,'CPSaturday',753,,22251,5,0,18 12,1,283,,22250,5,0,18 12,1,298,,22249,5,0,18 12,1,270,,22252,5,0,18 12,1,30,,22248,5,0,18 12,1,270,,22253,5,0,18 12,1,30,,22247,5,0,18 12,1,214,,22254,5,0,18 12,1
3901,'CPSunday',550,,22275,5,0,18 12,1,78,,22269,5,0,18 12,1,78,,22264,5,0,18 12,1,38,,22260,5,0,18 12,1,80,,22276,5,0,18 12,1,82,,22267,5,0,18 12,1,42,,22265,5,0,18 12,1,83,,22259,5,0,18 12,1,82,,22274,5,0,18 12,1,44,,22268,5,0,18 12,1,85,,22261,5,0,18 12,1,85,,22258,5,0,18 12,1,85,,22277,5,0,18 12,1,45,,22271,5,0,18 12,1,85,,22262,5,0,18 12,1,85,,22257,5,0,18 12,1,85,,22278,5,0,18 12,1,45,,22270,5,0,18 12,1,85,,22263,5,0,18 12,1,84,,22256,5,0,18 12,1,83,,22273,5,0,18 12,1,42,,22272,5,0,18 12,1,82,,22266,5,0,18 12,1,75,,22255,5,0,18 12,1
3901,'MASaturday',548,,22302,5,0,18 12,1,65,,22301,5,0,18 12,1,25,,22295,5,0,18 12,1,65,,22294,5,0,18 12,1,25,,22305,5,0,18 12,1,91,,22296,5,0,18 12,1,26,,22289,5,0,18 12,1,66,,22287,5,0,18 12,1,29,,22288,5,0,18 12,1,68,,22304,5,0,18 12,1,96,,22300,5,0,18 12,1,30,,22290,5,0,18 12,1,70,,22284,5,0,18 12,1,30,,22282,5,0,18 12,1,70,,22303,5,0,18 12,1,100,,22299,5,0,18 12,1,30,,22293,5,0,18 12,1,70,,22285,5,0,18 12,1,30,,22280,5,0,18 12,1,170,,22297,5,0,18 12,1,30,,22292,5,0,18 12,1,70,,22283,5,0,18 12,1,30,,22279,5,0,18 12,1,170,,22298,5,0,18 12,1,27,,22291,5,0,18 12,1,26,,22286,5,0,18 12,1,66,,22281,5,0,18 12,1
3901,'MAWeekday',507,,22307,5,0,18 12,1,21,,22308,5,0,18 12,1,21,,22309,5,0,18 12,1,59,,22310,5,0,18 12,1,18,,22311,5,0,18 12,1,19,,22312,5,0,18 12,1,59,,22313,5,0,18 12,1,20,,22314,5,0,18 12,1,22,,22315,5,0,18 12,1,63,,22316,5,0,18 12,1,24,,22317,5,0,18 12,1,70,,22318,5,0,18 12,1,38,,22319,5,0,18 12,1,77,,22320,5,0,18 12,1,38,,22321,5,0,18 12,1,77,,22322,5,0,18 12,1,77,,22323,5,0,18 12,1,35,,22324,5,0,18 12,1,74,,22325,5,0,18 12,1,26,,22326,5,0,18 12,1,66,,22327,5,0,18 12,1,18,,22328,5,0,18 12,1,18,,22329,5,0,18 12,1,61,,22330,5,0,18 12,1,22,,22331,5,0,18 12,1,18,,22332,5,0,18 12,1,59,,22333,5,0,18 12,1,18,,22334,5,0,18 12,1,19,,22335,5,0,18 12,1,62,,22336,5,0,18 12,1,22,,22337,5,0,18 12,1,22,,22338,5,0,18 12,1,63,,22339,5,0,18 12,1,22,,22340,5,0,18 12,1,23,,22341,5,0,18 12,1,63,,22342,5,0,18 12,1,19,,22343,5,0,18 12,1,76,,22344,5,0,18 12,1,41,,22345,5,0,18 12,1,82,,22346,5,0,18 12,1,82,,22347,5,0,18 12,1,37,,22348,5,0,18 12,1,75,,22349,5,0,18 12,1,75,,22350,5,0,18 12,1,35,,22351,5,0,18 12,1,74,,22352,5,0,18 12,1
4304,'CPWeekday',1423,,23037,5,0,18 12,1,80,,23035,5,0,18 12,1,40,,23040,5,0,18 12,1,80,,23042,5,0,18 12,1,80,,23038,5,0,18 12,1,42,,23036,5,0,18 12,1,82,,23041,5,0,18 12,1,82,,23043,5,0,18 12,1,40,,23039,5,0,18 12,1
9002,'CPWeekday',438,,25867,5,0,5,1,65,,25868,5,0,5,1,25,,25869,5,0,5,1,30,,25870,5,0,5,1,70,,25871,5,0,5,1,30,,25872,5,0,5,1,70,,25873,5,0,5,1,30,,25874,5,0,5,1,70,,25875,5,0,5,1,28,,25876,5,0,5,1,90,,25877,5,0,5,1,91,,25878,5,0,5,1,90,,25879,5,0,5,1,90,,25880,5,0,5,1,90,,25881,5,0,5,1,50,,25882,5,0,5,1,72,,25883,5,0,5,1,30,,25884,5,0,5,1,70,,25885,5,0,5,1,30,,25886,5,0,5,1,70,,25887,5,0,5,1,30,,25888,5,0,5,1,70,,25889,5,0,5,1,30,,25890,5,0,5,1,70,,25891,5,0,5,1,30,,25892,5,0,5,1,70,,25893,5,0,5,1,72,,25894,5,0,5,1,33,,25895,5,0,5,1,86,,25896,5,0,5,1,85,,25897,5,0,5,1,47,,25898,5,0,5,1,84,,25899,5,0,5,1
