1401,'CPWeekday',438,,4294,1,0,46 47 7,1,74,,4295,1,0,46 47 7,1,35,,4296,1,0,46 47 7,1,75,,4297,1,0,46 47 7,1,35,,4298,1,0,46 47 7,1,76,,4299,1,0,46 47 7,1,76,,4300,1,0,46 47 7,1,20,,4301,1,0,46 47 7,1,96,,4302,1,0,46 47 7,1,95,,4303,1,0,46 47 7,1,95,,4304,1,0,46 47 7,1,95,,4305,1,0,46 47 7,1,95,,4306,1,0,46 47 7,1,95,,4307,1,0,46 47 7,1,38,,4308,1,0,46 47 7,1,80,,4309,1,0,46 47 7,1,40,,4310,1,0,46 47 7,1,80,,4311,1,0,46 47 7,1,81,,4312,1,0,46 47 7,1,82,,4313,1,0,46 47 7,1,54,,4314,1,0,46 47 7,1,97,,4315,1,0,46 47 7,1,97,,4316,1,0,46 47 7,1,97,,4317,1,0,46 47 7,1,97,,4318,1,0,46 47 7,1,97,,4319,1,0,46 47 7,1
1402,'CPWeekday',504,,4320,58,4,,1,38,,4321,58,4,,1,75,,4322,58,4,,1,36,,4323,58,4,,1,76,,4324,58,4,,1,80,,4325,58,4,,1,20,,4326,34,4,,1,78,,4327,34,4,,1,15,,4328,34,4,,1,93,,4329,34,4,,1,95,,4330,34,4,,1,95,,4331,34,4,,1,96,,4332,34,4,,1,56,,4333,34,4,,1,149,,4334,58,4,,1,47,,4335,58,4,,1,81,,4336,58,4,,1,78,,4337,58,4,,1,41,,4338,58,4,,1,78,,4339,58,4,,1,21,,4340,34,4,,1,95,,4341,34,4,,1,96,,4342,34,4,,1,98,,4343,34,4,,1,96,,4344,34,4,,1,97,,4345,34,4,,1
2903,'CPHoliday1',700,,6763,1,0,37 38,1,46,,6764,1,0,37 38,1,86,,6765,1,0,37 38,1,86,,6766,1,0,37 38,1,86,,6767,1,0,37 38,1,46,,6768,1,0,37 38,1,86,,6769,1,0,37 38,1,88,,6770,1,0,37 38,1,88,,6771,1,0,37 38,1,90,,6772,1,0,37 38,1,50,,6773,1,0,37 38,1,90,,6774,1,0,37 38,1,90,,6775,1,0,37 38,1,90,,6776,1,0,37 38,1,88,,6777,1,0,37 38,1,48,,6778,1,0,37 38,1,86,,6779,1,0,37 38,1,86,,6780,1,0,37 38,1,85,,6781,1,0,37 38,1,85,,6782,1,0,37 38,1,40,,6783,1,0,37 38,1,80,,6784,1,0,37 38,1,38,,6785,1,0,37 38,1,78,,6786,1,0,37 38,1,78,,6787,1,0,37 38,1
2903,'CPSaturday',420,,6788,1,0,37 38,1,30,,6789,1,0,37 38,1,70,,6790,1,0,37 38,1,30,,6791,1,0,37 38,1,70,,6792,1,0,37 38,1,30,,6793,1,0,37 38,1,70,,6794,1,0,37 38,1,30,,6795,1,0,37 38,1,70,,6796,1,0,37 38,1,30,,6797,1,0,37 38,1,70,,6798,1,0,37 38,1,30,,6799,1,0,37 38,1,72,,6800,1,0,37 38,1,32,,6801,1,0,37 38,1,74,,6802,1,0,37 38,1,74,,6803,1,0,37 38,1,34,,6804,1,0,37 38,1,74,,6805,1,0,37 38,1,34,,6806,1,0,37 38,1,74,,6807,1,0,37 38,1,34,,6808,1,0,37 38,1,74,,6809,1,0,37 38,1,74,,6810,1,0,37 38,1,34,,6811,1,0,37 38,1,74,,6812,1,0,37 38,1,34,,6813,1,0,37 38,1,74,,6814,1,0,37 38,1,34,,6815,1,0,37 38,1,74,,6816,1,0,37 38,1,34,,6817,1,0,37 38,1,72,,6818,1,0,37 38,1,72,,6819,1,0,37 38,1,40,,6820,1,0,37 38,1,85,,6821,1,0,37 38,1,85,,6822,1,0,37 38,1,44,,6823,1,0,37 38,1,84,,6824,1,0,37 38,1,80,,6825,1,0,37 38,1,35,,6826,1,0,37 38,1
2903,'CPSunday',700,,6827,1,0,37 38,1,46,,6828,1,0,37 38,1,86,,6829,1,0,37 38,1,86,,6830,1,0,37 38,1,86,,6831,1,0,37 38,1,46,,6832,1,0,37 38,1,86,,6833,1,0,37 38,1,88,,6834,1,0,37 38,1,88,,6835,1,0,37 38,1,90,,6836,1,0,37 38,1,50,,6837,1,0,37 38,1,90,,6838,1,0,37 38,1,90,,6839,1,0,37 38,1,90,,6840,1,0,37 38,1,88,,6841,1,0,37 38,1,48,,6842,1,0,37 38,1,86,,6843,1,0,37 38,1,86,,6844,1,0,37 38,1,85,,6845,1,0,37 38,1,85,,6846,1,0,37 38,1,40,,6847,1,0,37 38,1,80,,6848,1,0,37 38,1,38,,6849,1,0,37 38,1,78,,6850,1,0,37 38,1,78,,6851,1,0,37 38,1
2903,'CPWeekday',435,,6852,1,0,37 38,1,70,,6853,1,0,37 38,1,32,,6854,1,0,37 38,1,74,,6855,1,0,37 38,1,35,,6856,1,0,37 38,1,75,,6857,1,0,37 38,1,34,,6858,1,0,37 38,1,75,,6859,1,0,37 38,1,75,,6860,1,0,37 38,1,35,,6861,1,0,37 38,1,75,,6862,1,0,37 38,1,35,,6863,1,0,37 38,1,75,,6864,1,0,37 38,1,75,,6865,1,0,37 38,1,36,,6866,1,0,37 38,1,76,,6867,1,0,37 38,1,36,,6868,1,0,37 38,1,76,,6869,1,0,37 38,1,77,,6870,1,0,37 38,1,37,,6871,1,0,37 38,1,79,,6872,1,0,37 38,1,38,,6873,1,0,37 38,1,78,,6874,1,0,37 38,1,78,,6875,1,0,37 38,1,39,,6876,1,0,37 38,1,79,,6877,1,0,37 38,1,75,,6878,1,0,37 38,1,34,,6879,1,0,37 38,1,82,,6880,1,0,37 38,1,88,,6881,1,0,37 38,1,48,,6882,1,0,37 38,1,88,,6883,1,0,37 38,1,88,,6884,1,0,37 38,1,85,,6885,1,0,37 38,1
2904,'CPHoliday1',739,,6888,54,4,,1,87,,6889,54,4,,1,84,,6890,54,4,,1,46,,6891,54,4,,1,86,,6892,54,4,,1,86,,6893,54,4,,1,87,,6894,54,4,,1,88,,6895,54,4,,1,50,,6896,54,4,,1,92,,6897,54,4,,1,89,,6898,54,4,,1,91,,6899,54,4,,1,89,,6900,54,4,,1,88,,6901,54,4,,1,48,,6902,54,4,,1,85,,6903,54,4,,1,84,,6904,54,4,,1,85,,6905,54,4,,1,46,,6906,54,4,,1,86,,6907,54,4,,1,81,,6908,54,4,,1,40,,6909,54,4,,1,78,,6910,54,4,,1,78,,6911,54,4,,1,35,,6912,54,4,,1
2904,'CPSaturday',538,,6913,54,4,,1,70,,6914,54,4,,1,31,,6915,54,4,,1,70,,6916,54,4,,1,30,,6917,54,4,,1,71,,6918,54,4,,1,31,,6919,54,4,,1,69,,6920,54,4,,1,33,,6921,54,4,,1,73,,6922,54,4,,1,32,,6923,54,4,,1,73,,6924,54,4,,1,32,,6925,54,4,,1,74,,6926,54,4,,1,74,,6927,54,4,,1,33,,6928,54,4,,1,73,,6929,54,4,,1,35,,6930,54,4,,1,75,,6931,54,4,,1,34,,6932,54,4,,1,74,,6933,54,4,,1,75,,6934,54,4,,1,35,,6935,54,4,,1,72,,6936,54,4,,1,34,,6937,54,4,,1,73,,6938,54,4,,1,33,,6939,54,4,,1,73,,6940,54,4,,1,34,,6941,54,4,,1,75,,6942,54,4,,1,88,,6943,54,4,,1,88,,6944,54,4,,1,44,,6945,54,4,,1,81,,6946,54,4,,1,81,,6947,54,4,,1,35,,6948,54,4,,1,78,,6949,54,4,,1
2904,'CPSunday',739,,6950,54,4,,1,87,,6951,54,4,,1,84,,6952,54,4,,1,46,,6953,54,4,,1,86,,6954,54,4,,1,86,,6955,54,4,,1,87,,6956,54,4,,1,88,,6957,54,4,,1,50,,6958,54,4,,1,92,,6959,54,4,,1,89,,6960,54,4,,1,91,,6961,54,4,,1,89,,6962,54,4,,1,88,,6963,54,4,,1,48,,6964,54,4,,1,85,,6965,54,4,,1,84,,6966,54,4,,1,85,,6967,54,4,,1,46,,6968,54,4,,1,86,,6969,54,4,,1,81,,6970,54,4,,1,40,,6971,54,4,,1,78,,6972,54,4,,1,78,,6973,54,4,,1,35,,6974,54,4,,1
2904,'CPWeekday',459,,6975,54,4,,1,71,,6976,54,4,,1,71,,6977,54,4,,1,34,,6978,54,4,,1,77,,6979,54,4,,1,35,,6980,54,4,,1,77,,6981,54,4,,1,34,,6982,54,4,,1,75,,6983,54,4,,1,73,,6984,54,4,,1,34,,6985,54,4,,1,75,,6986,54,4,,1,38,,6987,54,4,,1,76,,6988,54,4,,1,75,,6989,54,4,,1,34,,6990,54,4,,1,76,,6991,54,4,,1,38,,6992,54,4,,1,79,,6993,54,4,,1,78,,6994,54,4,,1,38,,6995,54,4,,1,78,,6996,54,4,,1,77,,6997,54,4,,1,36,,6998,54,4,,1,78,,6999,54,4,,1,36,,7000,54,4,,1,78,,7001,54,4,,1,82,,7002,54,4,,1,47,,7003,54,4,,1,87,,7004,54,4,,1,87,,7005,54,4,,1,87,,7006,54,4,,1,87,,7007,54,4,,1,47,,7008,54,4,,1
4503,'CPHoliday1',805,,9361,1,0,5,1,35,,9362,1,0,5,1,75,,9363,1,0,5,1,35,,9364,1,0,5,1,75,,9365,1,0,5,1,75,,9366,1,0,5,1,40,,9367,1,0,5,1,80,,9368,1,0,5,1,80,,9369,1,0,5,1,40,,9370,1,0,5,1,80,,9371,1,0,5,1,80,,9372,1,0,5,1,40,,9373,1,0,5,1,80,,9374,1,0,5,1,80,,9375,1,0,5,1,40,,9376,1,0,5,1,80,,9377,1,0,5,1,80,,9378,1,0,5,1,40,,9379,1,0,5,1,80,,9380,1,0,5,1,80,,9381,1,0,5,1,35,,9382,1,0,5,1,75,,9383,1,0,5,1
4503,'CPSaturday',630,,9384,1,0,5,1,75,,9385,1,0,5,1,35,,9386,1,0,5,1,75,,9387,1,0,5,1,40,,9388,1,0,5,1,80,,9389,1,0,5,1,80,,9390,1,0,5,1,40,,9391,1,0,5,1,80,,9392,1,0,5,1,82,,9393,1,0,5,1,42,,9394,1,0,5,1,82,,9395,1,0,5,1,82,,9396,1,0,5,1,82,,9397,1,0,5,1,42,,9398,1,0,5,1,82,,9399,1,0,5,1,82,,9400,1,0,5,1,42,,9401,1,0,5,1,82,,9402,1,0,5,1,80,,9403,1,0,5,1,38,,9404,1,0,5,1,78,,9405,1,0,5,1,78,,9406,1,0,5,1,36,,9407,1,0,5,1,75,,9408,1,0,5,1
4503,'CPSunday',805,,9409,1,0,5,1,35,,9410,1,0,5,1,75,,9411,1,0,5,1,35,,9412,1,0,5,1,75,,9413,1,0,5,1,75,,9414,1,0,5,1,40,,9415,1,0,5,1,80,,9416,1,0,5,1,80,,9417,1,0,5,1,40,,9418,1,0,5,1,80,,9419,1,0,5,1,80,,9420,1,0,5,1,40,,9421,1,0,5,1,80,,9422,1,0,5,1,80,,9423,1,0,5,1,40,,9424,1,0,5,1,80,,9425,1,0,5,1,80,,9426,1,0,5,1,40,,9427,1,0,5,1,80,,9428,1,0,5,1,80,,9429,1,0,5,1,35,,9430,1,0,5,1,75,,9431,1,0,5,1
4503,'CPWeekday',451,,9433,1,0,5,1,79,,9434,1,0,5,1,15,,9435,1,0,53 5,1,55,,9436,1,0,5,1,18,,9437,1,0,53 5,1,18,,9438,1,0,5,1,20,,9439,1,0,53 5,1,64,,9440,1,0,5,1,20,,9441,1,0,53 5,1,60,,9442,1,0,5,1,16,,9443,1,0,53 5,1,18,,9444,1,0,5,1,24,,9445,1,0,53 5,1,58,,9446,1,0,5,1,18,,9447,1,0,5,1,24,,9448,1,0,5,1,72,,9449,1,0,5,1,72,,9450,1,0,5,1,32,,9451,1,0,5,1,72,,9452,1,0,5,1,32,,9453,1,0,5,1,70,,9454,1,0,5,1,30,,9455,1,0,5,1,72,,9456,1,0,53 5,1,17,,9457,1,0,5,1,17,,9458,1,0,53 5,1,56,,9459,1,0,5,1,20,,9460,1,0,53 5,1,20,,9461,1,0,5,1,60,,9462,1,0,53 5,1,18,,9463,1,0,5,1,18,,9464,1,0,53 5,1,7,,9432,1,0,5,1,11,,9465,1,0,5,1,56,,9466,1,0,53 5,1,20,,9467,1,0,5,1,18,,9468,1,0,53 5,1,58,,9469,1,0,5,1,20,,9470,1,0,53 5,1,22,,9471,1,0,5,1,62,,9472,1,0,5,1,22,,9473,1,0,5,1,22,,9474,1,0,5,1,62,,9475,1,0,5,1,24,,9476,1,0,5,1,68,,9477,1,0,5,1,28,,9478,1,0,5,1,68,,9479,1,0,5,1,28,,9480,1,0,5,1,68,,9481,1,0,5,1,30,,9482,1,0,5,1,70,,9483,1,0,5,1
4504,'CPHoliday1',827,,9484,46,4,,1,76,,9485,46,4,,1,38,,9486,46,4,,1,76,,9487,46,4,,1,35,,9488,46,4,,1,78,,9489,46,4,,1,80,,9490,46,4,,1,40,,9491,46,4,,1,80,,9492,46,4,,1,81,,9493,46,4,,1,40,,9494,46,4,,1,79,,9495,46,4,,1,80,,9496,46,4,,1,40,,9497,46,4,,1,80,,9498,46,4,,1,78,,9499,46,4,,1,39,,9500,46,4,,1,80,,9501,46,4,,1,79,,9502,46,4,,1,38,,9503,46,4,,1,79,,9504,46,4,,1,79,,9505,46,4,,1
4504,'CPSaturday',619,,9506,46,4,,1,36,,9507,46,4,,1,78,,9508,46,4,,1,76,,9509,46,4,,1,39,,9510,46,4,,1,75,,9511,46,4,,1,81,,9512,46,4,,1,41,,9513,46,4,,1,80,,9514,46,4,,1,82,,9515,46,4,,1,43,,9516,46,4,,1,82,,9517,46,4,,1,83,,9518,46,4,,1,41,,9519,46,4,,1,82,,9520,46,4,,1,81,,9521,46,4,,1,82,,9522,46,4,,1,39,,9523,46,4,,1,82,,9524,46,4,,1,82,,9525,46,4,,1,38,,9526,46,4,,1,79,,9527,46,4,,1,79,,9528,46,4,,1,35,,9529,46,4,,1,73,,9530,46,4,,1
4504,'CPSunday',827,,9531,46,4,,1,76,,9532,46,4,,1,38,,9533,46,4,,1,76,,9534,46,4,,1,35,,9535,46,4,,1,78,,9536,46,4,,1,80,,9537,46,4,,1,40,,9538,46,4,,1,80,,9539,46,4,,1,81,,9540,46,4,,1,40,,9541,46,4,,1,79,,9542,46,4,,1,80,,9543,46,4,,1,40,,9544,46,4,,1,80,,9545,46,4,,1,78,,9546,46,4,,1,39,,9547,46,4,,1,80,,9548,46,4,,1,79,,9549,46,4,,1,38,,9550,46,4,,1,79,,9551,46,4,,1,79,,9552,46,4,,1
4504,'CPWeekday',515,,9553,46,4,,1,33,,9554,46,4,,1,75,,9555,46,4,,1,16,,9556,43,4,,1,67,,9557,46,4,,1,18,,9558,43,4,,1,24,,9559,46,4,,1,53,,9560,43,4,,1,25,,9561,46,4,,1,20,,9562,43,4,,1,61,,9563,46,4,,1,13,,9564,43,4,,1,22,,9565,46,4,,1,16,,9566,43,4,,1,65,,9567,46,4,,1,25,,9568,43,4,,1,73,,9569,46,4,,1,32,,9570,46,4,,1,73,,9571,46,4,,1,33,,9572,46,4,,1,72,,9573,46,4,,1,72,,9574,46,4,,1,22,,9575,46,4,,1,23,,9576,46,4,,1,60,,9577,46,4,,1,22,,9578,46,4,,1,12,,9579,43,4,,1,62,,9580,46,4,,1,16,,9581,43,4,,1,24,,9582,46,4,,1,13,,9583,43,4,,1,62,,9584,46,4,,1,14,,9585,43,4,,1,21,,9586,46,4,,1,53,,9587,43,4,,1,23,,9588,46,4,,1,9,,9589,43,4,,1,64,,9590,46,4,,1,9,,9591,43,4,,1,25,,9592,46,4,,1,8,,9593,43,4,,1,62,,9594,46,4,,1,16,,9595,46,4,,1,19,,9596,46,4,,1,59,,9597,46,4,,1,22,,9598,46,4,,1,28,,9599,46,4,,1,68,,9600,46,4,,1,30,,9601,46,4,,1,70,,9602,46,4,,1,30,,9603,46,4,,1
