3803,'CPSaturday',708,,20511,50,0,5,1,36,,20512,50,0,5,1,70,,20513,50,0,5,1,32,,20514,50,0,5,1,71,,20515,50,0,5,1,31,,20516,50,0,5,1,73,,20517,50,0,5,1,33,,20518,50,0,5,1,71,,20519,50,0,5,1,34,,20520,50,0,5,1,74,,20521,50,0,5,1,74,,20522,50,0,5,1,35,,20523,50,0,5,1,74,,20524,50,0,5,1,37,,20525,50,0,5,1,75,,20526,50,0,5,1,75,,20527,50,0,5,1,36,,20528,50,0,5,1,74,,20497,50,0,5,1,33,,20498,50,0,5,1,74,,20499,50,0,5,1,33,,20500,50,0,5,1,73,,20501,50,0,5,1,31,,20502,50,0,5,1,72,,20503,50,0,5,1,72,,20504,50,0,5,1,32,,20505,50,0,5,1,69,,20506,50,0,5,1,30,,20507,50,0,5,1,69,,20508,50,0,5,1,27,,20509,50,0,5,1,24,,20510,50,0,5,1
3803,'CPSunday',821,,20529,50,0,5,1,92,,20540,50,0,5,1,93,,20530,50,0,5,1,50,,20531,50,0,5,1,97,,20536,50,0,5,1,96,,20533,50,0,5,1,96,,20532,50,0,5,1,95,,20539,50,0,5,1,97,,20534,50,0,5,1,95,,20538,50,0,5,1,95,,20535,50,0,5,1,94,,20537,50,0,5,1,93,,20541,50,0,5,1,94,,20543,50,0,5,1,50,,20542,50,0,5,1
3803,'CPWeekday',504,,20579,50,0,5,1,30,,20568,50,0,5,1,23,,20567,50,0,5,1,67,,20565,50,0,5,1,27,,20564,50,0,5,1,67,,20566,50,0,5,1,33,,20576,50,0,5,1,72,,20570,50,0,5,1,36,,20559,50,0,5,1,75,,20557,50,0,5,1,78,,20556,50,0,5,1,39,,20580,50,0,5,1,80,,20571,50,0,5,1,78,,20558,50,0,5,1,37,,20553,50,0,5,1,76,,20552,50,0,5,1,35,,20577,50,0,5,1,77,,20572,50,0,5,1,16,,20551,50,0,5,1,75,,20562,50,0,5,1,32,,20554,50,0,5,1,70,,20549,50,0,5,1,29,,20550,50,0,5,1,69,,20581,50,0,5,1,28,,20573,50,0,5,1,70,,20548,50,0,5,1,28,,20563,50,0,5,1,71,,20555,50,0,5,1,32,,20545,50,0,5,1,74,,20578,50,0,5,1,73,,20569,50,0,5,1,26,,20544,50,0,5,1,26,,20560,50,0,5,1,86,,20546,50,0,5,1,85,,20574,50,0,5,1,83,,20561,50,0,5,1,41,,20547,50,0,5,1
3803,'CPHoliday1',821,,26908,49,0,5,1,92,,26919,49,0,5,1,93,,26909,49,0,5,1,50,,26910,49,0,5,1,97,,26915,49,0,5,1,96,,26912,49,0,5,1,96,,26911,49,0,5,1,95,,26918,49,0,5,1,97,,26913,49,0,5,1,95,,26917,49,0,5,1,95,,26914,49,0,5,1,94,,26916,49,0,5,1,93,,26920,49,0,5,1,94,,26922,49,0,5,1,50,,26921,49,0,5,1
4303,'CPWeekday',534,,21309,52,0,5,1,80,,21316,52,0,5,1,41,,21312,52,0,5,1,80,,21314,52,0,5,1,80,,21310,52,0,5,1,40,,21317,52,0,5,1,80,,21313,52,0,5,1,76,,21315,52,0,5,1,40,,21311,52,0,5,1
4403,'CPSaturday',754,,21349,39,0,5,1,85,,21350,39,0,5,1,88,,21348,39,0,5,1,85,,21346,39,0,5,1,45,,21347,39,0,5,1,85,,21345,39,0,5,1,85,,21344,39,0,5,1,85,,21341,39,0,5,1,30,,21343,39,0,5,1,71,,21342,39,0,5,1,32,,21340,39,0,5,1,74,,21339,39,0,5,1,32,,21338,39,0,5,1,72,,21337,39,0,5,1,32,,21336,39,0,5,1,71,,21334,39,0,5,1,32,,21333,39,0,5,1,71,,21332,39,0,5,1,72,,21335,39,0,5,1,32,,21329,39,0,5,1,81,,21328,39,0,5,1,42,,21330,39,0,5,1,84,,21327,39,0,5,1,82,,21331,39,0,5,1
4403,'CPSunday',749,,21374,39,0,5,1,84,,21375,39,0,5,1,85,,21373,39,0,5,1,85,,21371,39,0,5,1,30,,21370,39,0,5,1,70,,21372,39,0,5,1,30,,21368,39,0,5,1,71,,21367,39,0,5,1,29,,21369,39,0,5,1,71,,21365,39,0,5,1,31,,21366,39,0,5,1,71,,21363,39,0,5,1,31,,21364,39,0,5,1,71,,21362,39,0,5,1,31,,21361,39,0,5,1,71,,21360,39,0,5,1,31,,21359,39,0,5,1,71,,21358,39,0,5,1,31,,21357,39,0,5,1,85,,21353,39,0,5,1,86,,21354,39,0,5,1,40,,21352,39,0,5,1,85,,21355,39,0,5,1,83,,21351,39,0,5,1,80,,21356,39,0,5,1
4403,'CPWeekday',559,,21376,39,0,5,1,65,,21377,39,0,5,1,25,,21378,39,0,5,1,69,,21379,39,0,5,1,26,,21380,39,0,5,1,66,,21381,39,0,5,1,28,,21382,39,0,5,1,68,,21383,39,0,5,1,26,,21384,39,0,5,1,26,,21385,39,0,5,1,66,,21386,39,0,5,1,26,,21387,39,0,5,1,66,,21388,39,0,5,1,25,,21389,39,0,5,1,65,,21390,39,0,5,1,25,,21391,39,0,5,1,25,,21392,39,0,5,1,65,,21393,39,0,5,1,25,,21394,39,0,5,1,65,,21395,39,0,5,1,21,,21396,39,0,5,1,16,,21397,39,0,5,1,56,,21398,39,0,5,1,16,,21399,39,0,5,1,16,,21400,39,0,5,1,16,,21401,39,0,5,1,56,,21402,39,0,5,1,16,,21403,39,0,5,1,16,,21404,39,0,5,1,16,,21405,39,0,5,1,56,,21406,39,0,5,1,16,,21407,39,0,5,1,16,,21408,39,0,5,1,56,,21409,39,0,5,1,18,,21410,39,0,5,1,18,,21411,39,0,5,1,14,,21412,39,0,5,1,56,,21413,39,0,5,1,16,,21414,39,0,5,1,15,,21415,39,0,5,1,15,,21416,39,0,5,1,56,,21417,39,0,5,1,18,,21418,39,0,5,1,22,,21419,39,0,5,1,65,,21420,39,0,5,1,38,,21421,39,0,5,1,85,,21422,39,0,5,1,88,,21423,39,0,5,1,88,,21424,39,0,5,1,88,,21425,39,0,5,1,49,,21426,39,0,5,1
4403,'CPHoliday1',752,,27097,36,0,5,1,86,,27098,36,0,5,1,86,,27099,36,0,5,1,86,,27100,36,0,5,1,31,,27101,36,0,5,1,71,,27102,36,0,5,1,30,,27103,36,0,5,1,70,,27104,36,0,5,1,30,,27105,36,0,5,1,70,,27106,36,0,5,1,30,,27107,36,0,5,1,70,,27108,36,0,5,1,30,,27109,36,0,5,1,70,,27110,36,0,5,1,30,,27111,36,0,5,1,70,,27112,36,0,5,1,30,,27113,36,0,5,1,70,,27114,36,0,5,1,29,,27115,36,0,5,1,84,,27116,36,0,5,1,85,,27117,36,0,5,1,44,,27118,36,0,5,1,85,,27119,36,0,5,1,85,,27120,36,0,5,1,80,,27121,36,0,5,1
10804,'CPWeekday',1521,,24587,7,0,41 22 28 42 30,1,31,,24588,7,0,41 22 28 42 30,1,60,,24589,7,0,41 22 28 42 30,1,20,,24590,7,0,41 22 28 42 30,1,9,,24599,7,0,41 22 28 42 30,1,13,,24591,7,0,41 22 28 42 30,1,62,,24592,7,0,41 22 28 42 30,1,23,,24593,7,0,41 22 28 42 30,1,65,,24594,7,0,41 22 28 42 30,1,28,,24595,7,0,41 22 28 42 30,1,70,,24596,7,0,41 22 28 42 30,1,30,,24597,7,0,41 22 28 42 30,1,70,,24598,7,0,41 22 28 42 30,1
