704,'CPWeekday',231,,2578,26,0,19 20,1,77,,2579,26,0,19 20,1,46,,2580,26,0,19 20,1,81,,2581,26,0,19 20,1,66,,2591,26,0,19 20,1,24,,2588,26,0,19 20,1,133,,2582,26,0,19 20,1,83,,2590,26,0,19 20,1,63,,2589,26,0,19 20,1,132,,2583,26,0,19 20,1,278,,2584,26,0,19 20,1,243,,2585,26,0,19 20,1,299,,2586,26,0,19 20,1,282,,2587,26,0,19 20,1
704,'MAHoliday1',430,,2592,26,0,19 20,1,80,,2593,26,0,19 20,1,23,,2594,26,0,19 20,1,22,,2595,26,0,19 20,1,61,,2596,26,0,19 20,1,23,,2597,26,0,19 20,1,62,,2598,26,0,19 20,1,23,,2599,26,0,19 20,1,22,,2600,26,0,19 20,1,62,,2601,26,0,19 20,1,23,,2602,26,0,19 20,1,21,,2603,26,0,19 20,1,62,,2604,26,0,19 20,1,23,,2605,26,0,19 20,1,22,,2606,26,0,19 20,1,62,,2607,26,0,19 20,1,21,,2608,26,0,19 20,1,62,,2609,26,0,19 20,1,21,,2610,26,0,19 20,1,24,,2611,26,0,19 20,1,65,,2612,26,0,19 20,1,24,,2613,26,0,19 20,1,64,,2614,26,0,19 20,1,24,,2615,26,0,19 20,1,24,,2616,26,0,19 20,1,65,,2617,26,0,19 20,1,24,,2618,26,0,19 20,1,64,,2619,26,0,19 20,1,24,,2620,26,0,19 20,1,23,,2621,26,0,19 20,1,64,,2622,26,0,19 20,1,24,,2623,26,0,19 20,1,64,,2624,26,0,19 20,1,24,,2625,26,0,19 20,1,24,,2626,26,0,19 20,1,63,,2627,26,0,19 20,1,24,,2628,26,0,19 20,1,64,,2629,26,0,19 20,1,23,,2630,26,0,19 20,1,24,,2631,26,0,19 20,1,61,,2632,26,0,19 20,1,22,,2633,26,0,19 20,1,22,,2634,26,0,19 20,1,63,,2635,26,0,19 20,1,23,,2636,26,0,19 20,1,62,,2637,26,0,19 20,1,22,,2638,26,0,19 20,1,22,,2639,26,0,19 20,1,61,,2640,26,0,19 20,1,22,,2641,26,0,19 20,1,20,,2642,26,0,19 20,1,59,,2643,26,0,19 20,1
704,'MASaturday',423,,2644,26,0,19 20,1,20,,2645,26,0,19 20,1,60,,2646,26,0,19 20,1,22,,2647,26,0,19 20,1,21,,2648,26,0,19 20,1,62,,2649,26,0,19 20,1,23,,2650,26,0,19 20,1,23,,2651,26,0,19 20,1,63,,2652,26,0,19 20,1,22,,2653,26,0,19 20,1,62,,2654,26,0,19 20,1,21,,2655,26,0,19 20,1,23,,2656,26,0,19 20,1,65,,2657,26,0,19 20,1,24,,2658,26,0,19 20,1,25,,2659,26,0,19 20,1,67,,2660,26,0,19 20,1,25,,2661,26,0,19 20,1,63,,2662,26,0,19 20,1,25,,2663,26,0,19 20,1,65,,2664,26,0,19 20,1,24,,2665,26,0,19 20,1,25,,2666,26,0,19 20,1,66,,2667,26,0,19 20,1,25,,2668,26,0,19 20,1,65,,2669,26,0,19 20,1,24,,2670,26,0,19 20,1,26,,2671,26,0,19 20,1,65,,2672,26,0,19 20,1,25,,2673,26,0,19 20,1,65,,2674,26,0,19 20,1,25,,2675,26,0,19 20,1,65,,2676,26,0,19 20,1,24,,2677,26,0,19 20,1,23,,2678,26,0,19 20,1,64,,2679,26,0,19 20,1,25,,2680,26,0,19 20,1,66,,2681,26,0,19 20,1,24,,2682,26,0,19 20,1,22,,2683,26,0,19 20,1,62,,2684,26,0,19 20,1,22,,2685,26,0,19 20,1,20,,2686,26,0,19 20,1,61,,2687,26,0,19 20,1,23,,2688,26,0,19 20,1,63,,2689,26,0,19 20,1,23,,2690,26,0,19 20,1,22,,2691,26,0,19 20,1,61,,2692,26,0,19 20,1,20,,2693,26,0,19 20,1,20,,2694,26,0,19 20,1,60,,2695,26,0,19 20,1,21,,2696,26,0,19 20,1,21,,2697,26,0,19 20,1,60,,2698,26,0,19 20,1
704,'MASunday',430,,2699,26,0,19 20,1,80,,2700,26,0,19 20,1,23,,2701,26,0,19 20,1,22,,2702,26,0,19 20,1,61,,2703,26,0,19 20,1,23,,2704,26,0,19 20,1,62,,2705,26,0,19 20,1,23,,2706,26,0,19 20,1,22,,2707,26,0,19 20,1,62,,2708,26,0,19 20,1,23,,2709,26,0,19 20,1,21,,2710,26,0,19 20,1,62,,2711,26,0,19 20,1,23,,2712,26,0,19 20,1,22,,2713,26,0,19 20,1,62,,2714,26,0,19 20,1,21,,2715,26,0,19 20,1,62,,2716,26,0,19 20,1,21,,2717,26,0,19 20,1,24,,2718,26,0,19 20,1,65,,2719,26,0,19 20,1,24,,2720,26,0,19 20,1,64,,2721,26,0,19 20,1,24,,2722,26,0,19 20,1,24,,2723,26,0,19 20,1,65,,2724,26,0,19 20,1,24,,2725,26,0,19 20,1,64,,2726,26,0,19 20,1,24,,2727,26,0,19 20,1,23,,2728,26,0,19 20,1,64,,2729,26,0,19 20,1,24,,2730,26,0,19 20,1,64,,2731,26,0,19 20,1,24,,2732,26,0,19 20,1,24,,2733,26,0,19 20,1,63,,2734,26,0,19 20,1,24,,2735,26,0,19 20,1,64,,2736,26,0,19 20,1,23,,2737,26,0,19 20,1,24,,2738,26,0,19 20,1,61,,2739,26,0,19 20,1,22,,2740,26,0,19 20,1,22,,2741,26,0,19 20,1,63,,2742,26,0,19 20,1,23,,2743,26,0,19 20,1,62,,2744,26,0,19 20,1,22,,2745,26,0,19 20,1,22,,2746,26,0,19 20,1,61,,2747,26,0,19 20,1,22,,2748,26,0,19 20,1,20,,2749,26,0,19 20,1,59,,2750,26,0,19 20,1
704,'MAWeekday',547,,2751,26,0,19 20,1,63,,2752,26,0,19 20,1,26,,2788,26,0,19 20,1,83,,2753,26,0,19 20,1,107,,2754,26,0,19 20,1,24,,2755,26,0,19 20,1,63,,2787,26,0,19 20,1,92,,2756,26,0,19 20,1,28,,2789,26,0,19 20,1,25,,2757,26,0,19 20,1,66,,2758,26,0,19 20,1,25,,2759,26,0,19 20,1,91,,2760,26,0,19 20,1,63,,2761,26,0,19 20,1,19,,2790,26,0,19 20,1,20,,2762,26,0,19 20,1,64,,2763,26,0,19 20,1,25,,2764,26,0,19 20,1,91,,2765,26,0,19 20,1,28,,2766,26,0,19 20,1,66,,2767,26,0,19 20,1,25,,2768,26,0,19 20,1,66,,2769,26,0,19 20,1,26,,2770,26,0,19 20,1,88,,2771,26,0,19 20,1,23,,2772,26,0,19 20,1,65,,2773,26,0,19 20,1,23,,2774,26,0,19 20,1,23,,2775,26,0,19 20,1,60,,2776,26,0,19 20,1,86,,2777,26,0,19 20,1,22,,2778,26,0,19 20,1,22,,2779,26,0,19 20,1,75,,2780,26,0,19 20,1,34,,2781,26,0,19 20,1,73,,2782,26,0,19 20,1,76,,2783,26,0,19 20,1,37,,2784,26,0,19 20,1,73,,2785,26,0,19 20,1,38,,2786,26,0,19 20,1
3902,'CPHoliday1',703,,8435,1,0,5,1,40,,8430,1,0,5,1,80,,8424,1,0,5,1,80,,8421,1,0,5,1,42,,8436,1,0,5,1,82,,8433,1,0,5,1,84,,8425,1,0,5,1,45,,8420,1,0,5,1,85,,8437,1,0,5,1,85,,8431,1,0,5,1,85,,8426,1,0,5,1,45,,8419,1,0,5,1,85,,8438,1,0,5,1,85,,8432,1,0,5,1,85,,8427,1,0,5,1,45,,8418,1,0,5,1,85,,8439,1,0,5,1,84,,8428,1,0,5,1,82,,8423,1,0,5,1,42,,8417,1,0,5,1,80,,8434,1,0,5,1,80,,8429,1,0,5,1,36,,8422,1,0,5,1,70,,8416,1,0,5,1
3902,'CPSaturday',914,,8444,1,0,5,1,288,,8443,1,0,5,1,228,,8445,1,0,5,1,70,,8442,1,0,5,1,230,,8446,1,0,5,1,70,,8441,1,0,5,1,228,,8447,1,0,5,1,26,,8440,1,0,5,1
3902,'CPSunday',703,,8467,1,0,5,1,40,,8462,1,0,5,1,80,,8456,1,0,5,1,80,,8453,1,0,5,1,42,,8468,1,0,5,1,82,,8465,1,0,5,1,84,,8457,1,0,5,1,45,,8452,1,0,5,1,85,,8469,1,0,5,1,85,,8463,1,0,5,1,85,,8458,1,0,5,1,45,,8451,1,0,5,1,85,,8470,1,0,5,1,85,,8464,1,0,5,1,85,,8459,1,0,5,1,45,,8450,1,0,5,1,85,,8471,1,0,5,1,84,,8460,1,0,5,1,82,,8455,1,0,5,1,42,,8449,1,0,5,1,80,,8466,1,0,5,1,80,,8461,1,0,5,1,36,,8454,1,0,5,1,70,,8448,1,0,5,1
3902,'MASaturday',701,,8492,1,0,5,1,25,,8488,1,0,5,1,26,,8487,1,0,5,1,66,,8481,1,0,5,1,28,,8496,1,0,5,1,96,,8489,1,0,5,1,68,,8484,1,0,5,1,28,,8480,1,0,5,1,68,,8478,1,0,5,1,28,,8495,1,0,5,1,96,,8490,1,0,5,1,70,,8485,1,0,5,1,30,,8476,1,0,5,1,70,,8472,1,0,5,1,130,,8491,1,0,5,1,70,,8482,1,0,5,1,30,,8477,1,0,5,1,70,,8473,1,0,5,1,130,,8493,1,0,5,1,70,,8483,1,0,5,1,30,,8475,1,0,5,1,70,,8474,1,0,5,1,120,,8494,1,0,5,1,25,,8486,1,0,5,1,60,,8479,1,0,5,1
3902,'MAWeekday',433,,8497,1,0,5,1,15,,8498,1,0,5,1,55,,8499,1,0,5,1,15,,8500,1,0,5,1,16,,8501,1,0,5,1,18,,8502,1,0,5,1,59,,8503,1,0,5,1,21,,8504,1,0,5,1,23,,8505,1,0,5,1,64,,8506,1,0,5,1,23,,8507,1,0,5,1,60,,8508,1,0,5,1,19,,8509,1,0,5,1,19,,8510,1,0,5,1,62,,8511,1,0,5,1,24,,8512,1,0,5,1,77,,8513,1,0,5,1,36,,8514,1,0,5,1,76,,8515,1,0,5,1,36,,8516,1,0,5,1,76,,8517,1,0,5,1,75,,8518,1,0,5,1,35,,8519,1,0,5,1,21,,8520,1,0,5,1,62,,8521,1,0,5,1,20,,8522,1,0,5,1,60,,8523,1,0,5,1,21,,8524,1,0,5,1,21,,8525,1,0,5,1,61,,8526,1,0,5,1,22,,8527,1,0,5,1,22,,8528,1,0,5,1,60,,8529,1,0,5,1,17,,8530,1,0,5,1,18,,8531,1,0,5,1,59,,8532,1,0,5,1,20,,8533,1,0,5,1,20,,8534,1,0,5,1,62,,8535,1,0,5,1,22,,8536,1,0,5,1,23,,8537,1,0,5,1,73,,8538,1,0,5,1,79,,8539,1,0,5,1,39,,8540,1,0,5,1,78,,8541,1,0,5,1,38,,8542,1,0,5,1,78,,8543,1,0,5,1,78,,8544,1,0,5,1,38,,8545,1,0,5,1
10704,'MAHoliday1',837,,12876,14,0,26 22 28 29 30,1,70,,12877,14,0,26 22 28 29 30,1,30,,12878,14,0,26 22 28 29 30,1,70,,12879,14,0,26 22 28 29 30,1,17,,12880,14,0,26 22 28 29 30,1,18,,12881,14,0,26 22 28 29 30,1,58,,12882,14,0,26 22 28 29 30,1,18,,12883,14,0,26 22 28 29 30,1,18,,12884,14,0,26 22 28 29 30,1,18,,12885,14,0,26 22 28 29 30,1,58,,12886,14,0,26 22 28 29 30,1,20,,12887,14,0,26 22 28 29 30,1,18,,12888,14,0,26 22 28 29 30,1,59,,12889,14,0,26 22 28 29 30,1,18,,12890,14,0,26 22 28 29 30,1,18,,12891,14,0,26 22 28 29 30,1,58,,12892,14,0,26 22 28 29 30,1,19,,12893,14,0,26 22 28 29 30,1,19,,12894,14,0,26 22 28 29 30,1,60,,12895,14,0,26 22 28 29 30,1,21,,12896,14,0,26 22 28 29 30,1,21,,12897,14,0,26 22 28 29 30,1,59,,12898,14,0,26 22 28 29 30,1,19,,12899,14,0,26 22 28 29 30,1,20,,12900,14,0,26 22 28 29 30,1,60,,12901,14,0,26 22 28 29 30,1,21,,12902,14,0,26 22 28 29 30,1,19,,12903,14,0,26 22 28 29 30,1,60,,12904,14,0,26 22 28 29 30,1,20,,12905,14,0,26 22 28 29 30,1,17,,12906,14,0,26 22 28 29 30,1,17,,12907,14,0,26 22 28 29 30,1,57,,12908,14,0,26 22 28 29 30,1,17,,12909,14,0,26 22 28 29 30,1,18,,12910,14,0,26 22 28 29 30,1,74,,12911,14,0,26 22 28 29 30,1,35,,12912,14,0,26 22 28 29 30,1,69,,12913,14,0,26 22 28 29 30,1,24,,12914,14,0,26 22 28 29 30,1
10704,'MASaturday',839,,12915,14,0,26 22 28 29 30,1,70,,12916,14,0,26 22 28 29 30,1,27,,12917,14,0,26 22 28 29 30,1,69,,12918,14,0,26 22 28 29 30,1,19,,12919,14,0,26 22 28 29 30,1,19,,12920,14,0,26 22 28 29 30,1,59,,12921,14,0,26 22 28 29 30,1,18,,12922,14,0,26 22 28 29 30,1,18,,12923,14,0,26 22 28 29 30,1,18,,12924,14,0,26 22 28 29 30,1,57,,12925,14,0,26 22 28 29 30,1,18,,12926,14,0,26 22 28 29 30,1,18,,12927,14,0,26 22 28 29 30,1,59,,12928,14,0,26 22 28 29 30,1,21,,12929,14,0,26 22 28 29 30,1,20,,12930,14,0,26 22 28 29 30,1,61,,12931,14,0,26 22 28 29 30,1,17,,12932,14,0,26 22 28 29 30,1,19,,12933,14,0,26 22 28 29 30,1,58,,12934,14,0,26 22 28 29 30,1,20,,12935,14,0,26 22 28 29 30,1,19,,12936,14,0,26 22 28 29 30,1,60,,12937,14,0,26 22 28 29 30,1,18,,12938,14,0,26 22 28 29 30,1,20,,12939,14,0,26 22 28 29 30,1,60,,12940,14,0,26 22 28 29 30,1,21,,12941,14,0,26 22 28 29 30,1,18,,12942,14,0,26 22 28 29 30,1,17,,12943,14,0,26 22 28 29 30,1,56,,12944,14,0,26 22 28 29 30,1,18,,12945,14,0,26 22 28 29 30,1,18,,12946,14,0,26 22 28 29 30,1,59,,12947,14,0,26 22 28 29 30,1,19,,12948,14,0,26 22 28 29 30,1,21,,12949,14,0,26 22 28 29 30,1,74,,12950,14,0,26 22 28 29 30,1,34,,12951,14,0,26 22 28 29 30,1,70,,12952,14,0,26 22 28 29 30,1,24,,12953,14,0,26 22 28 29 30,1
10704,'MASunday',837,,12954,14,0,26 22 28 29 30,1,70,,12955,14,0,26 22 28 29 30,1,30,,12956,14,0,26 22 28 29 30,1,70,,12957,14,0,26 22 28 29 30,1,17,,12958,14,0,26 22 28 29 30,1,18,,12959,14,0,26 22 28 29 30,1,58,,12960,14,0,26 22 28 29 30,1,18,,12961,14,0,26 22 28 29 30,1,18,,12962,14,0,26 22 28 29 30,1,18,,12963,14,0,26 22 28 29 30,1,58,,12964,14,0,26 22 28 29 30,1,20,,12965,14,0,26 22 28 29 30,1,18,,12966,14,0,26 22 28 29 30,1,59,,12967,14,0,26 22 28 29 30,1,18,,12968,14,0,26 22 28 29 30,1,18,,12969,14,0,26 22 28 29 30,1,58,,12970,14,0,26 22 28 29 30,1,19,,12971,14,0,26 22 28 29 30,1,19,,12972,14,0,26 22 28 29 30,1,60,,12973,14,0,26 22 28 29 30,1,21,,12974,14,0,26 22 28 29 30,1,21,,12975,14,0,26 22 28 29 30,1,59,,12976,14,0,26 22 28 29 30,1,19,,12977,14,0,26 22 28 29 30,1,20,,12978,14,0,26 22 28 29 30,1,60,,12979,14,0,26 22 28 29 30,1,21,,12980,14,0,26 22 28 29 30,1,19,,12981,14,0,26 22 28 29 30,1,60,,12982,14,0,26 22 28 29 30,1,20,,12983,14,0,26 22 28 29 30,1,17,,12984,14,0,26 22 28 29 30,1,17,,12985,14,0,26 22 28 29 30,1,57,,12986,14,0,26 22 28 29 30,1,17,,12987,14,0,26 22 28 29 30,1,18,,12988,14,0,26 22 28 29 30,1,74,,12989,14,0,26 22 28 29 30,1,35,,12990,14,0,26 22 28 29 30,1,69,,12991,14,0,26 22 28 29 30,1,24,,12992,14,0,26 22 28 29 30,1
10704,'MAWeekday',526,,12993,14,0,26 22 28 29 30,1,32,,12994,14,0,26 22 28 29 30,1,55,,12995,14,0,26 22 28 29 30,1,15,,12996,14,0,26 22 28 29 30,1,18,,12997,14,0,26 22 28 29 30,1,55,,12998,14,0,26 22 28 29 30,1,17,,12999,14,0,26 22 28 29 30,1,15,,13000,14,0,26 22 28 29 30,1,15,,13001,14,0,26 22 28 29 30,1,55,,13002,14,0,26 22 28 29 30,1,13,,13003,14,0,26 22 28 29 30,1,12,,13004,14,0,26 22 28 29 30,1,12,,13005,14,0,26 22 28 29 30,1,14,,13006,14,0,26 22 28 29 30,1,51,,13007,14,0,26 22 28 29 30,1,14,,13008,14,0,26 22 28 29 30,1,15,,13009,14,0,26 22 28 29 30,1,14,,13010,14,0,26 22 28 29 30,1,54,,13011,14,0,26 22 28 29 30,1,15,,13012,14,0,26 22 28 29 30,1,15,,13013,14,0,26 22 28 29 30,1,15,,13014,14,0,26 22 28 29 30,1,55,,13015,14,0,26 22 28 29 30,1,13,,13016,14,0,26 22 28 29 30,1,15,,13017,14,0,26 22 28 29 30,1,16,,13018,14,0,26 22 28 29 30,1,55,,13019,14,0,26 22 28 29 30,1,16,,13020,14,0,26 22 28 29 30,1,15,,13021,14,0,26 22 28 29 30,1,16,,13022,14,0,26 22 28 29 30,1,55,,13023,14,0,26 22 28 29 30,1,15,,13024,14,0,26 22 28 29 30,1,15,,13025,14,0,26 22 28 29 30,1,16,,13026,14,0,26 22 28 29 30,1,55,,13027,14,0,26 22 28 29 30,1,16,,13028,14,0,26 22 28 29 30,1,17,,13029,14,0,26 22 28 29 30,1,16,,13030,14,0,26 22 28 29 30,1,55,,13031,14,0,26 22 28 29 30,1,11,,13032,14,0,26 22 28 29 30,1,9,,13033,14,0,26 22 28 29 30,1,12,,13034,14,0,26 22 28 29 30,1,11,,13035,14,0,26 22 28 29 30,1,52,,13036,14,0,26 22 28 29 30,1,12,,13037,14,0,26 22 28 29 30,1,13,,13038,14,0,26 22 28 29 30,1,11,,13039,14,0,26 22 28 29 30,1,10,,13040,14,0,26 22 28 29 30,1,52,,13041,14,0,26 22 28 29 30,1,12,,13042,14,0,26 22 28 29 30,1,12,,13043,14,0,26 22 28 29 30,1,10,,13044,14,0,26 22 28 29 30,1,11,,13045,14,0,26 22 28 29 30,1,12,,13046,14,0,26 22 28 29 30,1,51,,13047,14,0,26 22 28 29 30,1,9,,13048,14,0,26 22 28 29 30,1,11,,13049,14,0,26 22 28 29 30,1,12,,13050,14,0,26 22 28 29 30,1,15,,13051,14,0,26 22 28 29 30,1,55,,13052,14,0,26 22 28 29 30,1,16,,13053,14,0,26 22 28 29 30,1,13,,13054,14,0,26 22 28 29 30,1,61,,13055,14,0,26 22 28 29 30,1,20,,13056,14,0,26 22 28 29 30,1,21,,13057,14,0,26 22 28 29 30,1,58,,13058,14,0,26 22 28 29 30,1,18,,13059,14,0,26 22 28 29 30,1,17,,13060,14,0,26 22 28 29 30,1,18,,13061,14,0,26 22 28 29 30,1,58,,13062,14,0,26 22 28 29 30,1,19,,13063,14,0,26 22 28 29 30,1,19,,13064,14,0,26 22 28 29 30,1,59,,13065,14,0,26 22 28 29 30,1,20,,13066,14,0,26 22 28 29 30,1,25,,13067,14,0,26 22 28 29 30,1
10903,'CPHoliday1',811,,13131,3,0,31 27 28 5 30,1,25,,13125,3,0,31 27 28 5 30,1,65,,13118,3,0,31 27 28 5 30,1,26,,13113,3,0,31 27 28 5 30,1,25,,13111,3,0,31 27 28 5 30,1,60,,13110,3,0,31 27 28 5 30,1,20,,13132,3,0,31 27 28 5 30,1,20,,13124,3,0,31 27 28 5 30,1,60,,13121,3,0,31 27 28 5 30,1,20,,13104,3,0,31 27 28 5 30,1,20,,13114,3,0,31 27 28 5 30,1,61,,13105,3,0,31 27 28 5 30,1,20,,13103,3,0,31 27 28 5 30,1,20,,13130,3,0,31 27 28 5 30,1,61,,13126,3,0,31 27 28 5 30,1,20,,13119,3,0,31 27 28 5 30,1,20,,13101,3,0,31 27 28 5 30,1,60,,13115,3,0,31 27 28 5 30,1,20,,13106,3,0,31 27 28 5 30,1,20,,13100,3,0,31 27 28 5 30,1,60,,13133,3,0,31 27 28 5 30,1,20,,13127,3,0,31 27 28 5 30,1,20,,13120,3,0,31 27 28 5 30,1,60,,13097,3,0,31 27 28 5 30,1,20,,13112,3,0,31 27 28 5 30,1,20,,13107,3,0,31 27 28 5 30,1,60,,13098,3,0,31 27 28 5 30,1,20,,13134,3,0,31 27 28 5 30,1,20,,13128,3,0,31 27 28 5 30,1,60,,13117,3,0,31 27 28 5 30,1,20,,13094,3,0,31 27 28 5 30,1,20,,13116,3,0,31 27 28 5 30,1,59,,13108,3,0,31 27 28 5 30,1,20,,13099,3,0,31 27 28 5 30,1,20,,13135,3,0,31 27 28 5 30,1,60,,13129,3,0,31 27 28 5 30,1,20,,13123,3,0,31 27 28 5 30,1,20,,13095,3,0,31 27 28 5 30,1,64,,13109,3,0,31 27 28 5 30,1,25,,13102,3,0,31 27 28 5 30,1,70,,13136,3,0,31 27 28 5 30,1,30,,13122,3,0,31 27 28 5 30,1,70,,13096,3,0,31 27 28 5 30,1
10903,'CPSaturday',722,,13183,3,0,31 27 28 5 30,1,20,,13177,3,0,31 27 28 5 30,1,60,,13169,3,0,31 27 28 5 30,1,20,,13163,3,0,31 27 28 5 30,1,21,,13156,3,0,31 27 28 5 30,1,60,,13155,3,0,31 27 28 5 30,1,20,,13182,3,0,31 27 28 5 30,1,20,,13175,3,0,31 27 28 5 30,1,60,,13168,3,0,31 27 28 5 30,1,20,,13154,3,0,31 27 28 5 30,1,18,,13161,3,0,31 27 28 5 30,1,18,,13157,3,0,31 27 28 5 30,1,58,,13147,3,0,31 27 28 5 30,1,18,,13148,3,0,31 27 28 5 30,1,18,,13184,3,0,31 27 28 5 30,1,58,,13176,3,0,31 27 28 5 30,1,18,,13171,3,0,31 27 28 5 30,1,18,,13146,3,0,31 27 28 5 30,1,58,,13162,3,0,31 27 28 5 30,1,18,,13158,3,0,31 27 28 5 30,1,18,,13149,3,0,31 27 28 5 30,1,18,,13145,3,0,31 27 28 5 30,1,58,,13185,3,0,31 27 28 5 30,1,19,,13178,3,0,31 27 28 5 30,1,18,,13170,3,0,31 27 28 5 30,1,60,,13144,3,0,31 27 28 5 30,1,20,,13166,3,0,31 27 28 5 30,1,20,,13159,3,0,31 27 28 5 30,1,60,,13152,3,0,31 27 28 5 30,1,20,,13141,3,0,31 27 28 5 30,1,20,,13187,3,0,31 27 28 5 30,1,60,,13181,3,0,31 27 28 5 30,1,20,,13173,3,0,31 27 28 5 30,1,20,,13140,3,0,31 27 28 5 30,1,58,,13164,3,0,31 27 28 5 30,1,18,,13160,3,0,31 27 28 5 30,1,18,,13150,3,0,31 27 28 5 30,1,58,,13139,3,0,31 27 28 5 30,1,18,,13186,3,0,31 27 28 5 30,1,16,,13179,3,0,31 27 28 5 30,1,16,,13174,3,0,31 27 28 5 30,1,60,,13143,3,0,31 27 28 5 30,1,25,,13167,3,0,31 27 28 5 30,1,65,,13153,3,0,31 27 28 5 30,1,24,,13138,3,0,31 27 28 5 30,1,22,,13180,3,0,31 27 28 5 30,1,62,,13172,3,0,31 27 28 5 30,1,22,,13142,3,0,31 27 28 5 30,1,22,,13165,3,0,31 27 28 5 30,1,62,,13151,3,0,31 27 28 5 30,1,22,,13137,3,0,31 27 28 5 30,1
10903,'CPSunday',811,,13225,3,0,31 27 28 5 30,1,25,,13219,3,0,31 27 28 5 30,1,65,,13212,3,0,31 27 28 5 30,1,26,,13207,3,0,31 27 28 5 30,1,25,,13205,3,0,31 27 28 5 30,1,60,,13204,3,0,31 27 28 5 30,1,20,,13226,3,0,31 27 28 5 30,1,20,,13218,3,0,31 27 28 5 30,1,60,,13215,3,0,31 27 28 5 30,1,20,,13198,3,0,31 27 28 5 30,1,20,,13208,3,0,31 27 28 5 30,1,61,,13199,3,0,31 27 28 5 30,1,20,,13197,3,0,31 27 28 5 30,1,20,,13224,3,0,31 27 28 5 30,1,61,,13220,3,0,31 27 28 5 30,1,20,,13213,3,0,31 27 28 5 30,1,20,,13195,3,0,31 27 28 5 30,1,60,,13209,3,0,31 27 28 5 30,1,20,,13200,3,0,31 27 28 5 30,1,20,,13194,3,0,31 27 28 5 30,1,60,,13227,3,0,31 27 28 5 30,1,20,,13221,3,0,31 27 28 5 30,1,20,,13214,3,0,31 27 28 5 30,1,60,,13191,3,0,31 27 28 5 30,1,20,,13206,3,0,31 27 28 5 30,1,20,,13201,3,0,31 27 28 5 30,1,60,,13192,3,0,31 27 28 5 30,1,20,,13228,3,0,31 27 28 5 30,1,20,,13222,3,0,31 27 28 5 30,1,60,,13211,3,0,31 27 28 5 30,1,20,,13188,3,0,31 27 28 5 30,1,20,,13210,3,0,31 27 28 5 30,1,59,,13202,3,0,31 27 28 5 30,1,20,,13193,3,0,31 27 28 5 30,1,20,,13229,3,0,31 27 28 5 30,1,60,,13223,3,0,31 27 28 5 30,1,20,,13217,3,0,31 27 28 5 30,1,20,,13189,3,0,31 27 28 5 30,1,64,,13203,3,0,31 27 28 5 30,1,25,,13196,3,0,31 27 28 5 30,1,70,,13230,3,0,31 27 28 5 30,1,30,,13216,3,0,31 27 28 5 30,1,70,,13190,3,0,31 27 28 5 30,1
10903,'CPWeekday',522,,13231,3,0,31 27 28 5 30,1,25,,13232,3,0,31 27 28 5 30,1,65,,13233,3,0,31 27 28 5 30,1,15,,13234,3,0,31 27 28 5 30,1,15,,13235,3,0,31 27 28 5 30,1,15,,13236,3,0,31 27 28 5 30,1,56,,13237,3,0,31 27 28 5 30,1,15,,13238,3,0,31 27 28 5 30,1,15,,13239,3,0,31 27 28 5 30,1,15,,13240,3,0,31 27 28 5 30,1,56,,13241,3,0,31 27 28 5 30,1,15,,13242,3,0,31 27 28 5 30,1,15,,13243,3,0,31 27 28 5 30,1,15,,13244,3,0,31 27 28 5 30,1,54,,13245,3,0,31 27 28 5 30,1,15,,13246,3,0,31 27 28 5 30,1,15,,13247,3,0,31 27 28 5 30,1,15,,13248,3,0,31 27 28 5 30,1,54,,13249,3,0,31 27 28 5 30,1,15,,13250,3,0,31 27 28 5 30,1,15,,13251,3,0,31 27 28 5 30,1,15,,13252,3,0,31 27 28 5 30,1,55,,13253,3,0,31 27 28 5 30,1,15,,13254,3,0,31 27 28 5 30,1,15,,13255,3,0,31 27 28 5 30,1,15,,13256,3,0,31 27 28 5 30,1,56,,13257,3,0,31 27 28 5 30,1,15,,13258,3,0,31 27 28 5 30,1,15,,13259,3,0,31 27 28 5 30,1,15,,13260,3,0,31 27 28 5 30,1,56,,13261,3,0,31 27 28 5 30,1,15,,13262,3,0,31 27 28 5 30,1,16,,13263,3,0,31 27 28 5 30,1,55,,13264,3,0,31 27 28 5 30,1,15,,13265,3,0,31 27 28 5 30,1,15,,13266,3,0,31 27 28 5 30,1,15,,13267,3,0,31 27 28 5 30,1,55,,13268,3,0,31 27 28 5 30,1,16,,13269,3,0,31 27 28 5 30,1,10,,13270,3,0,31 27 28 5 30,1,10,,13271,3,0,31 27 28 5 30,1,10,,13272,3,0,31 27 28 5 30,1,10,,13273,3,0,31 27 28 5 30,1,50,,13274,3,0,31 27 28 5 30,1,10,,13275,3,0,31 27 28 5 30,1,9,,13276,3,0,31 27 28 5 30,1,9,,13277,3,0,31 27 28 5 30,1,9,,13278,3,0,31 27 28 5 30,1,9,,13279,3,0,31 27 28 5 30,1,49,,13280,3,0,31 27 28 5 30,1,9,,13281,3,0,31 27 28 5 30,1,10,,13282,3,0,31 27 28 5 30,1,9,,13283,3,0,31 27 28 5 30,1,8,,13284,3,0,31 27 28 5 30,1,8,,13285,3,0,31 27 28 5 30,1,9,,13286,3,0,31 27 28 5 30,1,49,,13287,3,0,31 27 28 5 30,1,8,,13288,3,0,31 27 28 5 30,1,9,,13289,3,0,31 27 28 5 30,1,9,,13290,3,0,31 27 28 5 30,1,9,,13291,3,0,31 27 28 5 30,1,9,,13292,3,0,31 27 28 5 30,1,9,,13293,3,0,31 27 28 5 30,1,49,,13294,3,0,31 27 28 5 30,1,9,,13295,3,0,31 27 28 5 30,1,15,,13296,3,0,31 27 28 5 30,1,15,,13297,3,0,31 27 28 5 30,1,15,,13298,3,0,31 27 28 5 30,1,55,,13299,3,0,31 27 28 5 30,1,15,,13300,3,0,31 27 28 5 30,1,15,,13301,3,0,31 27 28 5 30,1,15,,13302,3,0,31 27 28 5 30,1,53,,13303,3,0,31 27 28 5 30,1,15,,13304,3,0,31 27 28 5 30,1,15,,13305,3,0,31 27 28 5 30,1,15,,13306,3,0,31 27 28 5 30,1,55,,13307,3,0,31 27 28 5 30,1,18,,13308,3,0,31 27 28 5 30,1,20,,13309,3,0,31 27 28 5 30,1,60,,13310,3,0,31 27 28 5 30,1,20,,13311,3,0,31 27 28 5 30,1,22,,13312,3,0,31 27 28 5 30,1
13502,'CPWeekday',619,,13925,3,0,32 35 28 34 30,1,15,,13926,3,0,32 35 28 34 30,1,15,,13927,3,0,32 35 28 34 30,1,55,,13928,3,0,32 35 28 34 30,1,15,,13929,3,0,32 35 28 34 30,1,15,,13930,3,0,32 35 28 34 30,1,15,,13931,3,0,32 35 28 34 30,1,55,,13932,3,0,32 35 28 34 30,1,15,,13933,3,0,32 35 28 34 30,1,15,,13934,3,0,32 35 28 34 30,1,15,,13935,3,0,32 35 28 34 30,1,55,,13936,3,0,32 35 28 34 30,1,15,,13937,3,0,32 35 28 34 30,1,540,,13938,3,0,32 35 28 34 30,1,55,,13939,3,0,32 35 28 34 30,1,15,,13940,3,0,32 35 28 34 30,1,15,,13941,3,0,32 35 28 34 30,1,15,,13942,3,0,32 35 28 34 30,1,55,,13943,3,0,32 35 28 34 30,1,15,,13944,3,0,32 35 28 34 30,1,15,,13945,3,0,32 35 28 34 30,1,15,,13946,3,0,32 35 28 34 30,1,55,,13947,3,0,32 35 28 34 30,1,15,,13948,3,0,32 35 28 34 30,1,15,,13949,3,0,32 35 28 34 30,1,15,,13950,3,0,32 35 28 34 30,1,55,,13951,3,0,32 35 28 34 30,1
