704,'CPWeekday',237,,2578,34,0,19 20,1,77,,2579,34,0,19 20,1,86,,2580,34,0,19 20,1,42,,2581,34,0,19 20,1,66,,2591,34,0,19 20,1,24,,2588,34,0,19 20,1,175,,2582,34,0,19 20,1,43,,2590,34,0,19 20,1,63,,2589,34,0,19 20,1,132,,2583,34,0,19 20,1,278,,2584,34,0,19 20,1,283,,2585,34,0,19 20,1,299,,2586,34,0,19 20,1,240,,2587,34,0,19 20,1
704,'MAHoliday1',436,,2592,34,0,19 20,1,80,,2593,34,0,19 20,1,23,,2594,34,0,19 20,1,62,,2595,34,0,19 20,1,21,,2596,34,0,19 20,1,23,,2597,34,0,19 20,1,62,,2598,34,0,19 20,1,23,,2599,34,0,19 20,1,22,,2600,34,0,19 20,1,62,,2601,34,0,19 20,1,23,,2602,34,0,19 20,1,21,,2603,34,0,19 20,1,62,,2604,34,0,19 20,1,23,,2605,34,0,19 20,1,63,,2606,34,0,19 20,1,22,,2607,34,0,19 20,1,21,,2608,34,0,19 20,1,62,,2609,34,0,19 20,1,21,,2610,34,0,19 20,1,24,,2611,34,0,19 20,1,65,,2612,34,0,19 20,1,24,,2613,34,0,19 20,1,64,,2614,34,0,19 20,1,24,,2615,34,0,19 20,1,24,,2616,34,0,19 20,1,65,,2617,34,0,19 20,1,24,,2618,34,0,19 20,1,64,,2619,34,0,19 20,1,24,,2620,34,0,19 20,1,23,,2621,34,0,19 20,1,64,,2622,34,0,19 20,1,24,,2623,34,0,19 20,1,64,,2624,34,0,19 20,1,24,,2625,34,0,19 20,1,24,,2626,34,0,19 20,1,63,,2627,34,0,19 20,1,24,,2628,34,0,19 20,1,64,,2629,34,0,19 20,1,23,,2630,34,0,19 20,1,24,,2631,34,0,19 20,1,61,,2632,34,0,19 20,1,22,,2633,34,0,19 20,1,62,,2634,34,0,19 20,1,23,,2635,34,0,19 20,1,23,,2636,34,0,19 20,1,62,,2637,34,0,19 20,1,22,,2638,34,0,19 20,1,21,,2639,34,0,19 20,1,61,,2640,34,0,19 20,1,22,,2641,34,0,19 20,1,20,,2642,34,0,19 20,1,59,,2643,34,0,19 20,1
704,'MASaturday',429,,2644,34,0,19 20,1,20,,2645,34,0,19 20,1,61,,2646,34,0,19 20,1,22,,2647,34,0,19 20,1,21,,2648,34,0,19 20,1,62,,2649,34,0,19 20,1,23,,2650,34,0,19 20,1,63,,2651,34,0,19 20,1,23,,2652,34,0,19 20,1,22,,2653,34,0,19 20,1,62,,2654,34,0,19 20,1,21,,2655,34,0,19 20,1,23,,2656,34,0,19 20,1,65,,2657,34,0,19 20,1,24,,2658,34,0,19 20,1,65,,2659,34,0,19 20,1,27,,2660,34,0,19 20,1,25,,2661,34,0,19 20,1,63,,2662,34,0,19 20,1,25,,2663,34,0,19 20,1,65,,2664,34,0,19 20,1,24,,2665,34,0,19 20,1,65,,2666,34,0,19 20,1,27,,2667,34,0,19 20,1,25,,2668,34,0,19 20,1,64,,2669,34,0,19 20,1,24,,2670,34,0,19 20,1,66,,2671,34,0,19 20,1,26,,2672,34,0,19 20,1,25,,2673,34,0,19 20,1,65,,2674,34,0,19 20,1,25,,2675,34,0,19 20,1,64,,2676,34,0,19 20,1,24,,2677,34,0,19 20,1,23,,2678,34,0,19 20,1,64,,2679,34,0,19 20,1,25,,2680,34,0,19 20,1,66,,2681,34,0,19 20,1,24,,2682,34,0,19 20,1,22,,2683,34,0,19 20,1,62,,2684,34,0,19 20,1,22,,2685,34,0,19 20,1,59,,2686,34,0,19 20,1,21,,2687,34,0,19 20,1,23,,2688,34,0,19 20,1,64,,2689,34,0,19 20,1,23,,2690,34,0,19 20,1,22,,2691,34,0,19 20,1,61,,2692,34,0,19 20,1,19,,2693,34,0,19 20,1,20,,2694,34,0,19 20,1,60,,2695,34,0,19 20,1,22,,2696,34,0,19 20,1,21,,2697,34,0,19 20,1,59,,2698,34,0,19 20,1
704,'MASunday',436,,2699,34,0,19 20,1,80,,2700,34,0,19 20,1,23,,2701,34,0,19 20,1,62,,2702,34,0,19 20,1,21,,2703,34,0,19 20,1,23,,2704,34,0,19 20,1,62,,2705,34,0,19 20,1,23,,2706,34,0,19 20,1,22,,2707,34,0,19 20,1,62,,2708,34,0,19 20,1,23,,2709,34,0,19 20,1,21,,2710,34,0,19 20,1,62,,2711,34,0,19 20,1,23,,2712,34,0,19 20,1,63,,2713,34,0,19 20,1,22,,2714,34,0,19 20,1,21,,2715,34,0,19 20,1,62,,2716,34,0,19 20,1,21,,2717,34,0,19 20,1,24,,2718,34,0,19 20,1,65,,2719,34,0,19 20,1,24,,2720,34,0,19 20,1,64,,2721,34,0,19 20,1,24,,2722,34,0,19 20,1,24,,2723,34,0,19 20,1,65,,2724,34,0,19 20,1,24,,2725,34,0,19 20,1,64,,2726,34,0,19 20,1,24,,2727,34,0,19 20,1,23,,2728,34,0,19 20,1,64,,2729,34,0,19 20,1,24,,2730,34,0,19 20,1,64,,2731,34,0,19 20,1,24,,2732,34,0,19 20,1,24,,2733,34,0,19 20,1,63,,2734,34,0,19 20,1,24,,2735,34,0,19 20,1,64,,2736,34,0,19 20,1,23,,2737,34,0,19 20,1,24,,2738,34,0,19 20,1,61,,2739,34,0,19 20,1,22,,2740,34,0,19 20,1,62,,2741,34,0,19 20,1,23,,2742,34,0,19 20,1,23,,2743,34,0,19 20,1,62,,2744,34,0,19 20,1,22,,2745,34,0,19 20,1,21,,2746,34,0,19 20,1,61,,2747,34,0,19 20,1,22,,2748,34,0,19 20,1,20,,2749,34,0,19 20,1,59,,2750,34,0,19 20,1
704,'MAWeekday',554,,2751,34,0,19 20,1,65,,2752,34,0,19 20,1,26,,2788,34,0,19 20,1,83,,2753,34,0,19 20,1,106,,2754,34,0,19 20,1,24,,2755,34,0,19 20,1,63,,2787,34,0,19 20,1,93,,2756,34,0,19 20,1,27,,2789,34,0,19 20,1,65,,2757,34,0,19 20,1,26,,2758,34,0,19 20,1,25,,2759,34,0,19 20,1,92,,2760,34,0,19 20,1,63,,2761,34,0,19 20,1,19,,2790,34,0,19 20,1,20,,2762,34,0,19 20,1,64,,2763,34,0,19 20,1,25,,2764,34,0,19 20,1,92,,2765,34,0,19 20,1,68,,2766,34,0,19 20,1,26,,2767,34,0,19 20,1,25,,2768,34,0,19 20,1,66,,2769,34,0,19 20,1,26,,2770,34,0,19 20,1,87,,2771,34,0,19 20,1,23,,2772,34,0,19 20,1,65,,2773,34,0,19 20,1,22,,2774,34,0,19 20,1,62,,2775,34,0,19 20,1,20,,2776,34,0,19 20,1,86,,2777,34,0,19 20,1,22,,2778,34,0,19 20,1,22,,2779,34,0,19 20,1,75,,2780,34,0,19 20,1,74,,2781,34,0,19 20,1,32,,2782,34,0,19 20,1,76,,2783,34,0,19 20,1,37,,2784,34,0,19 20,1,73,,2785,34,0,19 20,1,37,,2786,34,0,19 20,1
3902,'CPHoliday1',710,,8435,8,0,5,1,40,,8430,8,0,5,1,80,,8424,8,0,5,1,80,,8421,8,0,5,1,42,,8436,8,0,5,1,82,,8433,8,0,5,1,84,,8425,8,0,5,1,85,,8420,8,0,5,1,45,,8437,8,0,5,1,85,,8431,8,0,5,1,85,,8426,8,0,5,1,85,,8419,8,0,5,1,45,,8438,8,0,5,1,86,,8432,8,0,5,1,85,,8427,8,0,5,1,85,,8418,8,0,5,1,45,,8439,8,0,5,1,83,,8428,8,0,5,1,82,,8423,8,0,5,1,42,,8417,8,0,5,1,79,,8434,8,0,5,1,80,,8429,8,0,5,1,36,,8422,8,0,5,1,70,,8416,8,0,5,1
3902,'CPSaturday',921,,8444,8,0,5,1,288,,8443,8,0,5,1,229,,8445,8,0,5,1,70,,8442,8,0,5,1,230,,8446,8,0,5,1,70,,8441,8,0,5,1,227,,8447,8,0,5,1,66,,8440,8,0,5,1
3902,'CPSunday',710,,8467,8,0,5,1,40,,8462,8,0,5,1,80,,8456,8,0,5,1,80,,8453,8,0,5,1,42,,8468,8,0,5,1,82,,8465,8,0,5,1,84,,8457,8,0,5,1,85,,8452,8,0,5,1,45,,8469,8,0,5,1,85,,8463,8,0,5,1,85,,8458,8,0,5,1,85,,8451,8,0,5,1,45,,8470,8,0,5,1,86,,8464,8,0,5,1,85,,8459,8,0,5,1,85,,8450,8,0,5,1,45,,8471,8,0,5,1,83,,8460,8,0,5,1,82,,8455,8,0,5,1,42,,8449,8,0,5,1,79,,8466,8,0,5,1,80,,8461,8,0,5,1,36,,8454,8,0,5,1,70,,8448,8,0,5,1
3902,'MASaturday',707,,8492,8,0,5,1,25,,8488,8,0,5,1,26,,8487,8,0,5,1,67,,8481,8,0,5,1,28,,8496,8,0,5,1,96,,8489,8,0,5,1,68,,8484,8,0,5,1,28,,8480,8,0,5,1,68,,8478,8,0,5,1,28,,8495,8,0,5,1,96,,8490,8,0,5,1,70,,8485,8,0,5,1,31,,8476,8,0,5,1,70,,8472,8,0,5,1,130,,8491,8,0,5,1,70,,8482,8,0,5,1,30,,8477,8,0,5,1,70,,8473,8,0,5,1,130,,8493,8,0,5,1,70,,8483,8,0,5,1,29,,8475,8,0,5,1,70,,8474,8,0,5,1,119,,8494,8,0,5,1,25,,8486,8,0,5,1,60,,8479,8,0,5,1
3902,'MAWeekday',439,,8497,8,0,5,1,15,,8498,8,0,5,1,56,,8499,8,0,5,1,15,,8500,8,0,5,1,16,,8501,8,0,5,1,18,,8502,8,0,5,1,60,,8503,8,0,5,1,21,,8504,8,0,5,1,64,,8505,8,0,5,1,24,,8506,8,0,5,1,23,,8507,8,0,5,1,61,,8508,8,0,5,1,19,,8509,8,0,5,1,19,,8510,8,0,5,1,61,,8511,8,0,5,1,24,,8512,8,0,5,1,76,,8513,8,0,5,1,36,,8514,8,0,5,1,75,,8515,8,0,5,1,36,,8516,8,0,5,1,76,,8517,8,0,5,1,75,,8518,8,0,5,1,36,,8519,8,0,5,1,61,,8520,8,0,5,1,22,,8521,8,0,5,1,20,,8522,8,0,5,1,61,,8523,8,0,5,1,21,,8524,8,0,5,1,21,,8525,8,0,5,1,62,,8526,8,0,5,1,22,,8527,8,0,5,1,22,,8528,8,0,5,1,60,,8529,8,0,5,1,16,,8530,8,0,5,1,18,,8531,8,0,5,1,59,,8532,8,0,5,1,20,,8533,8,0,5,1,19,,8534,8,0,5,1,62,,8535,8,0,5,1,22,,8536,8,0,5,1,23,,8537,8,0,5,1,72,,8538,8,0,5,1,79,,8539,8,0,5,1,39,,8540,8,0,5,1,78,,8541,8,0,5,1,77,,8542,8,0,5,1,38,,8543,8,0,5,1,78,,8544,8,0,5,1,38,,8545,8,0,5,1
4303,'CPWeekday',455,,9089,9,0,5,1,80,,9096,9,0,5,1,80,,9092,9,0,5,1,40,,9094,9,0,5,1,80,,9090,9,0,5,1,80,,9097,9,0,5,1,40,,9093,9,0,5,1,80,,9095,9,0,5,1,80,,9091,9,0,5,1
