703,'CPWeekday',242,,2361,23,0,17,1,81,,2362,23,0,17,1,81,,2363,23,0,17,1,42,,2364,23,0,17,1,84,,2365,23,0,17,1,81,,2374,23,0,17,1,18,,2371,23,0,17,1,176,,2366,23,0,17,1,46,,2373,23,0,17,1,60,,2372,23,0,17,1,137,,2367,23,0,17,1,276,,2368,23,0,17,1,294,,2369,23,0,17,1,292,,2370,23,0,17,1
703,'MAHoliday1',439,,2375,23,0,17,1,62,,2376,23,0,17,1,20,,2377,23,0,17,1,23,,2378,23,0,17,1,62,,2379,23,0,17,1,22,,2380,23,0,17,1,21,,2381,23,0,17,1,62,,2382,23,0,17,1,21,,2383,23,0,17,1,22,,2384,23,0,17,1,62,,2385,23,0,17,1,21,,2386,23,0,17,1,22,,2387,23,0,17,1,63,,2388,23,0,17,1,23,,2389,23,0,17,1,62,,2390,23,0,17,1,23,,2391,23,0,17,1,24,,2392,23,0,17,1,65,,2393,23,0,17,1,25,,2394,23,0,17,1,64,,2395,23,0,17,1,24,,2396,23,0,17,1,24,,2397,23,0,17,1,64,,2398,23,0,17,1,23,,2399,23,0,17,1,64,,2400,23,0,17,1,24,,2401,23,0,17,1,24,,2402,23,0,17,1,64,,2403,23,0,17,1,24,,2404,23,0,17,1,65,,2405,23,0,17,1,24,,2406,23,0,17,1,23,,2407,23,0,17,1,65,,2408,23,0,17,1,24,,2409,23,0,17,1,64,,2410,23,0,17,1,22,,2411,23,0,17,1,22,,2412,23,0,17,1,64,,2413,23,0,17,1,21,,2414,23,0,17,1,21,,2415,23,0,17,1,62,,2416,23,0,17,1,22,,2417,23,0,17,1,63,,2418,23,0,17,1,21,,2419,23,0,17,1,22,,2420,23,0,17,1,62,,2421,23,0,17,1,21,,2422,23,0,17,1,22,,2423,23,0,17,1,63,,2424,23,0,17,1,25,,2425,23,0,17,1,63,,2426,23,0,17,1,24,,2427,23,0,17,1,25,,2428,23,0,17,1
703,'MASaturday',403,,2429,23,0,17,1,22,,2430,23,0,17,1,22,,2431,23,0,17,1,63,,2432,23,0,17,1,22,,2433,23,0,17,1,22,,2434,23,0,17,1,62,,2435,23,0,17,1,22,,2436,23,0,17,1,62,,2437,23,0,17,1,23,,2438,23,0,17,1,22,,2439,23,0,17,1,66,,2440,23,0,17,1,27,,2441,23,0,17,1,65,,2442,23,0,17,1,25,,2443,23,0,17,1,26,,2444,23,0,17,1,64,,2445,23,0,17,1,24,,2446,23,0,17,1,64,,2447,23,0,17,1,25,,2448,23,0,17,1,24,,2449,23,0,17,1,64,,2450,23,0,17,1,25,,2451,23,0,17,1,65,,2452,23,0,17,1,27,,2453,23,0,17,1,66,,2454,23,0,17,1,25,,2455,23,0,17,1,25,,2456,23,0,17,1,65,,2457,23,0,17,1,25,,2458,23,0,17,1,64,,2459,23,0,17,1,25,,2460,23,0,17,1,24,,2461,23,0,17,1,65,,2462,23,0,17,1,24,,2463,23,0,17,1,65,,2464,23,0,17,1,25,,2465,23,0,17,1,25,,2466,23,0,17,1,64,,2467,23,0,17,1,22,,2468,23,0,17,1,61,,2469,23,0,17,1,22,,2470,23,0,17,1,22,,2471,23,0,17,1,62,,2472,23,0,17,1,21,,2473,23,0,17,1,22,,2474,23,0,17,1,61,,2475,23,0,17,1,22,,2476,23,0,17,1,62,,2477,23,0,17,1,21,,2478,23,0,17,1,18,,2479,23,0,17,1,20,,2480,23,0,17,1,60,,2481,23,0,17,1,20,,2482,23,0,17,1,19,,2483,23,0,17,1,60,,2484,23,0,17,1
703,'MASunday',439,,2485,23,0,17,1,62,,2486,23,0,17,1,20,,2487,23,0,17,1,23,,2488,23,0,17,1,62,,2489,23,0,17,1,22,,2490,23,0,17,1,21,,2491,23,0,17,1,62,,2492,23,0,17,1,21,,2493,23,0,17,1,22,,2494,23,0,17,1,62,,2495,23,0,17,1,21,,2496,23,0,17,1,22,,2497,23,0,17,1,63,,2498,23,0,17,1,23,,2499,23,0,17,1,62,,2500,23,0,17,1,23,,2501,23,0,17,1,24,,2502,23,0,17,1,65,,2503,23,0,17,1,25,,2504,23,0,17,1,64,,2505,23,0,17,1,24,,2506,23,0,17,1,24,,2507,23,0,17,1,64,,2508,23,0,17,1,23,,2509,23,0,17,1,64,,2510,23,0,17,1,24,,2511,23,0,17,1,24,,2512,23,0,17,1,64,,2513,23,0,17,1,24,,2514,23,0,17,1,65,,2515,23,0,17,1,24,,2516,23,0,17,1,23,,2517,23,0,17,1,65,,2518,23,0,17,1,24,,2519,23,0,17,1,64,,2520,23,0,17,1,22,,2521,23,0,17,1,22,,2522,23,0,17,1,64,,2523,23,0,17,1,21,,2524,23,0,17,1,21,,2525,23,0,17,1,62,,2526,23,0,17,1,22,,2527,23,0,17,1,63,,2528,23,0,17,1,21,,2529,23,0,17,1,22,,2530,23,0,17,1,62,,2531,23,0,17,1,21,,2532,23,0,17,1,22,,2533,23,0,17,1,63,,2534,23,0,17,1,25,,2535,23,0,17,1,63,,2536,23,0,17,1
703,'MAWeekday',507,,2575,23,0,17,1,46,,2537,23,0,17,1,98,,2538,23,0,17,1,65,,2539,23,0,17,1,25,,2574,23,0,17,1,89,,2540,23,0,17,1,102,,2541,23,0,17,1,23,,2542,23,0,17,1,65,,2543,23,0,17,1,95,,2544,23,0,17,1,27,,2576,23,0,17,1,66,,2545,23,0,17,1,26,,2546,23,0,17,1,25,,2547,23,0,17,1,90,,2548,23,0,17,1,64,,2549,23,0,17,1,24,,2577,23,0,17,1,64,,2550,23,0,17,1,26,,2551,23,0,17,1,25,,2552,23,0,17,1,91,,2553,23,0,17,1,65,,2554,23,0,17,1,24,,2555,23,0,17,1,25,,2556,23,0,17,1,63,,2557,23,0,17,1,25,,2558,23,0,17,1,87,,2559,23,0,17,1,22,,2560,23,0,17,1,62,,2561,23,0,17,1,22,,2562,23,0,17,1,63,,2563,23,0,17,1,29,,2564,23,0,17,1,70,,2565,23,0,17,1,25,,2566,23,0,17,1,25,,2567,23,0,17,1,70,,2568,23,0,17,1,28,,2569,23,0,17,1,72,,2570,23,0,17,1,34,,2571,23,0,17,1,74,,2572,23,0,17,1,74,,2573,23,0,17,1
3901,'CPHoliday1',648,,8306,71,0,18 12,1,78,,8300,71,0,18 12,1,83,,8295,71,0,18 12,1,38,,8291,71,0,18 12,1,81,,8307,71,0,18 12,1,84,,8298,71,0,18 12,1,42,,8296,71,0,18 12,1,83,,8290,71,0,18 12,1,83,,8305,71,0,18 12,1,85,,8299,71,0,18 12,1,47,,8292,71,0,18 12,1,85,,8289,71,0,18 12,1,86,,8308,71,0,18 12,1,85,,8302,71,0,18 12,1,45,,8293,71,0,18 12,1,83,,8288,71,0,18 12,1,85,,8309,71,0,18 12,1,84,,8301,71,0,18 12,1,40,,8294,71,0,18 12,1,84,,8287,71,0,18 12,1,82,,8304,71,0,18 12,1,40,,8303,71,0,18 12,1,81,,8297,71,0,18 12,1,75,,8286,71,0,18 12,1
3901,'CPSaturday',857,,8314,71,0,18 12,1,287,,8313,71,0,18 12,1,301,,8312,71,0,18 12,1,272,,8315,71,0,18 12,1,30,,8311,71,0,18 12,1,261,,8316,71,0,18 12,1,28,,8310,71,0,18 12,1,206,,8317,71,0,18 12,1
3901,'CPSunday',648,,8338,71,0,18 12,1,78,,8332,71,0,18 12,1,83,,8327,71,0,18 12,1,38,,8323,71,0,18 12,1,81,,8339,71,0,18 12,1,84,,8330,71,0,18 12,1,42,,8328,71,0,18 12,1,83,,8322,71,0,18 12,1,83,,8337,71,0,18 12,1,85,,8331,71,0,18 12,1,47,,8324,71,0,18 12,1,85,,8321,71,0,18 12,1,86,,8340,71,0,18 12,1,85,,8334,71,0,18 12,1,45,,8325,71,0,18 12,1,83,,8320,71,0,18 12,1,85,,8341,71,0,18 12,1,84,,8333,71,0,18 12,1,40,,8326,71,0,18 12,1,84,,8319,71,0,18 12,1,82,,8336,71,0,18 12,1,40,,8335,71,0,18 12,1,81,,8329,71,0,18 12,1,75,,8318,71,0,18 12,1
3901,'MASaturday',647,,8365,71,0,18 12,1,66,,8364,71,0,18 12,1,28,,8358,71,0,18 12,1,66,,8357,71,0,18 12,1,25,,8368,71,0,18 12,1,91,,8359,71,0,18 12,1,28,,8352,71,0,18 12,1,66,,8350,71,0,18 12,1,30,,8351,71,0,18 12,1,68,,8367,71,0,18 12,1,98,,8363,71,0,18 12,1,31,,8353,71,0,18 12,1,70,,8347,71,0,18 12,1,30,,8345,71,0,18 12,1,71,,8366,71,0,18 12,1,100,,8362,71,0,18 12,1,30,,8356,71,0,18 12,1,71,,8348,71,0,18 12,1,30,,8343,71,0,18 12,1,170,,8360,71,0,18 12,1,27,,8355,71,0,18 12,1,69,,8346,71,0,18 12,1,30,,8342,71,0,18 12,1,162,,8361,71,0,18 12,1,25,,8354,71,0,18 12,1,26,,8349,71,0,18 12,1,64,,8344,71,0,18 12,1
3901,'MAWeekday',520,,8369,39,0,18 12,1,91,,8370,72,0,18 12,1,26,,8371,72,0,18 12,1,64,,8372,72,0,18 12,1,22,,8373,72,0,18 12,1,19,,8374,72,0,18 12,1,61,,8375,72,0,18 12,1,19,,8376,72,0,18 12,1,20,,8377,72,0,18 12,1,63,,8378,72,0,18 12,1,24,,8379,72,0,18 12,1,20,,8380,71,0,18 12,1,71,,8381,71,0,18 12,1,35,,8382,71,0,18 12,1,77,,8383,71,0,18 12,1,77,,8384,71,0,18 12,1,38,,8385,71,0,18 12,1,77,,8386,71,0,18 12,1,76,,8387,71,0,18 12,1,34,,8388,71,0,18 12,1,25,,8389,71,0,18 12,1,69,,8390,72,0,18 12,1,20,,8391,72,0,18 12,1,61,,8392,72,0,18 12,1,21,,8393,72,0,18 12,1,22,,8394,72,0,18 12,1,58,,8395,72,0,18 12,1,19,,8396,72,0,18 12,1,17,,8397,72,0,18 12,1,59,,8398,72,0,18 12,1,21,,8399,72,0,18 12,1,22,,8400,72,0,18 12,1,60,,8401,72,0,18 12,1,21,,8402,72,0,18 12,1,16,,8403,71,0,18 12,1,62,,8404,71,0,18 12,1,22,,8405,71,0,18 12,1,18,,8406,71,0,18 12,1,75,,8407,71,0,18 12,1,37,,8408,71,0,18 12,1,81,,8409,71,0,18 12,1,80,,8410,71,0,18 12,1,37,,8411,71,0,18 12,1,75,,8412,71,0,18 12,1,73,,8413,71,0,18 12,1,33,,8414,71,0,18 12,1,74,,8415,71,0,18 12,1
4304,'CPWeekday',1516,,9100,64,0,18 12,1,42,,9098,64,0,18 12,1,83,,9103,64,0,18 12,1,81,,9105,64,0,18 12,1,81,,9101,64,0,18 12,1,40,,9099,64,0,18 12,1,80,,9104,64,0,18 12,1,80,,9106,64,0,18 12,1,39,,9102,64,0,18 12,1
