203,'CPHoliday1',540,,524,2,0,19 20,1,60,,525,2,0,19 20,1,20,,526,2,0,19 20,1,20,,527,2,0,19 20,1,62,,528,2,0,19 20,1,22,,529,2,0,19 20,1,22,,530,2,0,19 20,1,62,,531,2,0,19 20,1,24,,532,2,0,19 20,1,24,,533,2,0,19 20,1,64,,534,2,0,19 20,1,25,,535,2,0,19 20,1,64,,536,2,0,19 20,1,24,,537,2,0,19 20,1,14,,538,2,0,19 20,1,54,,539,2,0,19 20,1,14,,540,2,0,19 20,1,14,,541,2,0,19 20,1,14,,542,2,0,19 20,1,14,,543,2,0,19 20,1,55,,544,2,0,19 20,1,15,,545,2,0,19 20,1,15,,546,2,0,19 20,1,15,,547,2,0,19 20,1,55,,548,2,0,19 20,1,15,,549,2,0,19 20,1,15,,550,2,0,19 20,1,15,,551,2,0,19 20,1,55,,552,2,0,19 20,1,15,,553,2,0,19 20,1,15,,554,2,0,19 20,1,15,,555,2,0,19 20,1,55,,556,2,0,19 20,1,15,,557,2,0,19 20,1,15,,558,2,0,19 20,1,15,,559,2,0,19 20,1,55,,560,2,0,19 20,1,15,,561,2,0,19 20,1,15,,562,2,0,19 20,1,15,,563,2,0,19 20,1,55,,564,2,0,19 20,1,15,,565,2,0,19 20,1,15,,566,2,0,19 20,1,58,,567,2,0,19 20,1,18,,568,2,0,19 20,1,18,,569,2,0,19 20,1,18,,570,2,0,19 20,1,58,,571,2,0,19 20,1,16,,572,2,0,19 20,1,16,,573,2,0,19 20,1,58,,574,2,0,19 20,1,20,,575,2,0,19 20,1,22,,576,2,0,19 20,1,61,,577,2,0,19 20,1,20,,578,2,0,19 20,1,18,,579,2,0,19 20,1,58,,580,2,0,19 20,1,18,,581,2,0,19 20,1,32,,582,2,0,19 20,1,72,,583,2,0,19 20,1,30,,584,2,0,19 20,1,68,,585,2,0,19 20,1
203,'CPSaturday',430,,586,2,0,19 20,1,20,,587,2,0,19 20,1,60,,588,2,0,19 20,1,20,,589,2,0,19 20,1,20,,590,2,0,19 20,1,60,,591,2,0,19 20,1,20,,592,2,0,19 20,1,20,,593,2,0,19 20,1,55,,594,2,0,19 20,1,15,,595,2,0,19 20,1,20,,596,2,0,19 20,1,60,,597,2,0,19 20,1,20,,598,2,0,19 20,1,20,,599,2,0,19 20,1,60,,600,2,0,19 20,1,20,,601,2,0,19 20,1,21,,602,2,0,19 20,1,60,,603,2,0,19 20,1,20,,604,2,0,19 20,1,20,,605,2,0,19 20,1,16,,606,2,0,19 20,1,56,,607,2,0,19 20,1,14,,608,2,0,19 20,1,14,,609,2,0,19 20,1,14,,610,2,0,19 20,1,54,,611,2,0,19 20,1,14,,612,2,0,19 20,1,14,,613,2,0,19 20,1,14,,614,2,0,19 20,1,54,,615,2,0,19 20,1,14,,616,2,0,19 20,1,14,,617,2,0,19 20,1,14,,618,2,0,19 20,1,54,,619,2,0,19 20,1,14,,620,2,0,19 20,1,14,,621,2,0,19 20,1,14,,622,2,0,19 20,1,14,,623,2,0,19 20,1,54,,624,2,0,19 20,1,14,,625,2,0,19 20,1,14,,626,2,0,19 20,1,14,,627,2,0,19 20,1,54,,628,2,0,19 20,1,14,,629,2,0,19 20,1,14,,630,2,0,19 20,1,14,,631,2,0,19 20,1,54,,632,2,0,19 20,1,14,,633,2,0,19 20,1,14,,634,2,0,19 20,1,14,,635,2,0,19 20,1,14,,636,2,0,19 20,1,54,,637,2,0,19 20,1,14,,638,2,0,19 20,1,14,,639,2,0,19 20,1,14,,640,2,0,19 20,1,54,,641,2,0,19 20,1,14,,642,2,0,19 20,1,20,,643,2,0,19 20,1,60,,644,2,0,19 20,1,20,,645,2,0,19 20,1,20,,646,2,0,19 20,1,60,,647,2,0,19 20,1,20,,648,2,0,19 20,1,19,,649,2,0,19 20,1,60,,650,2,0,19 20,1,22,,651,2,0,19 20,1,22,,652,2,0,19 20,1,66,,653,2,0,19 20,1,26,,654,2,0,19 20,1,64,,655,2,0,19 20,1,22,,656,2,0,19 20,1,22,,657,2,0,19 20,1,60,,658,2,0,19 20,1,18,,659,2,0,19 20,1,18,,660,2,0,19 20,1,58,,661,2,0,19 20,1
203,'CPSunday',540,,662,2,0,19 20,1,60,,663,2,0,19 20,1,20,,664,2,0,19 20,1,20,,665,2,0,19 20,1,62,,666,2,0,19 20,1,22,,667,2,0,19 20,1,22,,668,2,0,19 20,1,62,,669,2,0,19 20,1,24,,670,2,0,19 20,1,24,,671,2,0,19 20,1,64,,672,2,0,19 20,1,25,,673,2,0,19 20,1,64,,674,2,0,19 20,1,24,,675,2,0,19 20,1,14,,676,2,0,19 20,1,54,,677,2,0,19 20,1,14,,678,2,0,19 20,1,14,,679,2,0,19 20,1,14,,680,2,0,19 20,1,14,,681,2,0,19 20,1,55,,682,2,0,19 20,1,15,,683,2,0,19 20,1,15,,684,2,0,19 20,1,15,,685,2,0,19 20,1,55,,686,2,0,19 20,1,15,,687,2,0,19 20,1,15,,688,2,0,19 20,1,15,,689,2,0,19 20,1,55,,690,2,0,19 20,1,15,,691,2,0,19 20,1,15,,692,2,0,19 20,1,15,,693,2,0,19 20,1,55,,694,2,0,19 20,1,15,,695,2,0,19 20,1,15,,696,2,0,19 20,1,15,,697,2,0,19 20,1,55,,698,2,0,19 20,1,15,,699,2,0,19 20,1,15,,700,2,0,19 20,1,15,,701,2,0,19 20,1,55,,702,2,0,19 20,1,15,,703,2,0,19 20,1,15,,704,2,0,19 20,1,58,,705,2,0,19 20,1,18,,706,2,0,19 20,1,18,,707,2,0,19 20,1,18,,708,2,0,19 20,1,58,,709,2,0,19 20,1,16,,710,2,0,19 20,1,16,,711,2,0,19 20,1,58,,712,2,0,19 20,1,20,,713,2,0,19 20,1,22,,714,2,0,19 20,1,61,,715,2,0,19 20,1,20,,716,2,0,19 20,1,18,,717,2,0,19 20,1,58,,718,2,0,19 20,1,18,,719,2,0,19 20,1,32,,720,2,0,19 20,1,72,,721,2,0,19 20,1,30,,722,2,0,19 20,1,68,,723,2,0,19 20,1
203,'CPWeekday',210,,832,2,0,19 20,1,25,,831,2,0,19 20,1,65,,829,2,0,19 20,1,25,,830,2,0,19 20,1,25,,833,2,0,19 20,1,65,,826,2,0,19 20,1,25,,825,2,0,19 20,1,78,,814,2,0,19 20,1,12,,798,2,0,19 20,1,10,,800,2,0,19 20,1,12,,797,2,0,19 20,1,53,,796,2,0,19 20,1,12,,790,2,0,19 20,1,12,,813,2,0,19 20,1,12,,780,2,0,19 20,1,12,,801,2,0,19 20,1,52,,781,2,0,19 20,1,12,,782,2,0,19 20,1,10,,793,2,0,19 20,1,10,,777,2,0,19 20,1,10,,778,2,0,19 20,1,10,,816,2,0,19 20,1,50,,779,2,0,19 20,1,12,,803,2,0,19 20,1,12,,773,2,0,19 20,1,12,,774,2,0,19 20,1,12,,785,2,0,19 20,1,52,,776,2,0,19 20,1,10,,775,2,0,19 20,1,10,,817,2,0,19 20,1,10,,761,2,0,19 20,1,12,,804,2,0,19 20,1,52,,765,2,0,19 20,1,12,,762,2,0,19 20,1,12,,783,2,0,19 20,1,12,,766,2,0,19 20,1,10,,763,2,0,19 20,1,10,,818,2,0,19 20,1,50,,764,2,0,19 20,1,10,,802,2,0,19 20,1,12,,758,2,0,19 20,1,12,,759,2,0,19 20,1,12,,784,2,0,19 20,1,52,,752,2,0,19 20,1,12,,753,2,0,19 20,1,12,,815,2,0,19 20,1,12,,767,2,0,19 20,1,12,,805,2,0,19 20,1,52,,754,2,0,19 20,1,12,,750,2,0,19 20,1,12,,786,2,0,19 20,1,12,,755,2,0,19 20,1,12,,751,2,0,19 20,1,52,,819,2,0,19 20,1,12,,769,2,0,19 20,1,10,,807,2,0,19 20,1,10,,749,2,0,19 20,1,10,,748,2,0,19 20,1,10,,745,2,0,19 20,1,50,,795,2,0,19 20,1,10,,757,2,0,19 20,1,10,,744,2,0,19 20,1,10,,741,2,0,19 20,1,10,,820,2,0,19 20,1,10,,771,2,0,19 20,1,50,,806,2,0,19 20,1,10,,746,2,0,19 20,1,10,,737,2,0,19 20,1,10,,740,2,0,19 20,1,10,,788,2,0,19 20,1,10,,756,2,0,19 20,1,50,,738,2,0,19 20,1,10,,739,2,0,19 20,1,10,,821,2,0,19 20,1,10,,770,2,0,19 20,1,10,,808,2,0,19 20,1,10,,747,2,0,19 20,1,50,,733,2,0,19 20,1,10,,735,2,0,19 20,1,10,,787,2,0,19 20,1,10,,736,2,0,19 20,1,10,,732,2,0,19 20,1,10,,812,2,0,19 20,1,50,,760,2,0,19 20,1,10,,799,2,0,19 20,1,10,,742,2,0,19 20,1,10,,731,2,0,19 20,1,10,,734,2,0,19 20,1,10,,789,2,0,19 20,1,50,,730,2,0,19 20,1,10,,729,2,0,19 20,1,11,,768,2,0,19 20,1,12,,809,2,0,19 20,1,12,,743,2,0,19 20,1,52,,728,2,0,19 20,1,12,,794,2,0,19 20,1,14,,726,2,0,19 20,1,14,,772,2,0,19 20,1,14,,810,2,0,19 20,1,58,,725,2,0,19 20,1,18,,791,2,0,19 20,1,18,,727,2,0,19 20,1,58,,811,2,0,19 20,1,18,,724,2,0,19 20,1,22,,792,2,0,19 20,1,65,,827,2,0,19 20,1,25,,822,2,0,19 20,1,65,,823,2,0,19 20,1,25,,824,2,0,19 20,1,20,,828,2,0,19 20,1
803,'CPSaturday',636,,2802,2,0,19 20,1,82,,2792,2,0,19 20,1,41,,2803,2,0,19 20,1,85,,2798,2,0,19 20,1,84,,2804,2,0,19 20,1,88,,2793,2,0,19 20,1,88,,2805,2,0,19 20,1,50,,2794,2,0,19 20,1,90,,2806,2,0,19 20,1,93,,2799,2,0,19 20,1,93,,2807,2,0,19 20,1,93,,2800,2,0,19 20,1,93,,2811,2,0,19 20,1,93,,2791,2,0,19 20,1,93,,2809,2,0,19 20,1,52,,2801,2,0,19 20,1,91,,2812,2,0,19 20,1,88,,2795,2,0,19 20,1,86,,2813,2,0,19 20,1,86,,2796,2,0,19 20,1,45,,2808,2,0,19 20,1,84,,2797,2,0,19 20,1,84,,2810,2,0,19 20,1
803,'CPWeekday',456,,2842,2,0,19 20,1,69,,2844,2,0,19 20,1,29,,2841,2,0,19 20,1,70,,2843,2,0,19 20,1,34,,2838,2,0,19 20,1,75,,2839,2,0,19 20,1,77,,2840,2,0,19 20,1,37,,2835,2,0,19 20,1,77,,2836,2,0,19 20,1,76,,2837,2,0,19 20,1,35,,2834,2,0,19 20,1,75,,2833,2,0,19 20,1,35,,2832,2,0,19 20,1,75,,2831,2,0,19 20,1,35,,2830,2,0,19 20,1,75,,2829,2,0,19 20,1,79,,2828,2,0,19 20,1,41,,2827,2,0,19 20,1,82,,2826,2,0,19 20,1,82,,2825,2,0,19 20,1,42,,2819,2,0,19 20,1,83,,2824,2,0,19 20,1,75,,2818,2,0,19 20,1,37,,2814,2,0,19 20,1,72,,2823,2,0,19 20,1,85,,2816,2,0,19 20,1,44,,2821,2,0,19 20,1,83,,2817,2,0,19 20,1,82,,2822,2,0,19 20,1,41,,2815,2,0,19 20,1,82,,2820,2,0,19 20,1
1402,'CPWeekday',433,,4320,2,0,53 6 7,1,75,,4321,2,0,53 6 7,1,35,,4322,2,0,53 6 7,1,75,,4323,2,0,53 6 7,1,35,,4324,2,0,53 6 7,1,75,,4325,2,0,53 6 7,1,76,,4326,2,0,6 7,1,40,,4327,2,0,6 7,1,56,,4328,2,0,6 7,1,55,,4329,2,0,6 7,1,95,,4330,2,0,6 7,1,95,,4331,2,0,6 7,1,95,,4332,2,0,6 7,1,95,,4333,2,0,6 7,1,94,,4334,2,0,53 6 7,1,83,,4335,2,0,53 6 7,1,41,,4336,2,0,53 6 7,1,80,,4337,2,0,53 6 7,1,80,,4338,2,0,53 6 7,1,40,,4339,2,0,53 6 7,1,78,,4340,2,0,6 7,1,96,,4341,2,0,6 7,1,97,,4342,2,0,6 7,1,97,,4343,2,0,6 7,1,97,,4344,2,0,6 7,1,97,,4345,2,0,6 7,1
2301,'CPHoliday1',804,,5600,23,0,54 55 7,1,29,,5601,23,0,54 55 7,1,68,,5602,23,0,54 55 7,1,28,,5603,23,0,54 55 7,1,28,,5604,23,0,54 55 7,1,68,,5605,23,0,54 55 7,1,20,,5606,23,0,54 55 7,1,60,,5607,23,0,54 55 7,1,23,,5608,23,0,54 55 7,1,24,,5609,23,0,54 55 7,1,64,,5610,23,0,54 55 7,1,24,,5611,23,0,54 55 7,1,64,,5612,23,0,54 55 7,1,25,,5613,23,0,54 55 7,1,24,,5614,23,0,54 55 7,1,64,,5615,23,0,54 55 7,1,24,,5616,23,0,54 55 7,1,65,,5617,23,0,54 55 7,1,25,,5618,23,0,54 55 7,1,25,,5619,23,0,54 55 7,1,65,,5620,23,0,54 55 7,1,25,,5621,23,0,54 55 7,1,64,,5622,23,0,54 55 7,1,24,,5623,23,0,54 55 7,1,25,,5624,23,0,54 55 7,1,64,,5625,23,0,54 55 7,1,25,,5626,23,0,54 55 7,1,65,,5592,23,0,54 55 7,1,30,,5593,23,0,54 55 7,1,72,,5594,23,0,54 55 7,1,31,,5595,23,0,54 55 7,1,72,,5596,23,0,54 55 7,1,30,,5597,23,0,54 55 7,1,70,,5598,23,0,54 55 7,1,30,,5599,23,0,54 55 7,1,66,,5627,23,0,54 55 7,1,25,,5628,23,0,54 55 7,1,65,,5629,23,0,54 55 7,1,25,,5631,23,0,54 55 7,1,25,,5630,23,0,54 55 7,1
2301,'CPSaturday',533,,5632,23,0,54 55 7,1,26,,5633,23,0,54 55 7,1,68,,5634,23,0,54 55 7,1,29,,5635,23,0,54 55 7,1,68,,5636,23,0,54 55 7,1,28,,5637,23,0,54 55 7,1,68,,5638,23,0,54 55 7,1,29,,5639,23,0,54 55 7,1,68,,5640,23,0,54 55 7,1,28,,5641,23,0,54 55 7,1,69,,5642,23,0,54 55 7,1,22,,5643,23,0,54 55 7,1,65,,5644,23,0,54 55 7,1,24,,5645,23,0,54 55 7,1,24,,5646,23,0,54 55 7,1,64,,5647,23,0,54 55 7,1,24,,5648,23,0,54 55 7,1,67,,5649,23,0,54 55 7,1,26,,5650,23,0,54 55 7,1,26,,5651,23,0,54 55 7,1,66,,5652,23,0,54 55 7,1,26,,5653,23,0,54 55 7,1,66,,5654,23,0,54 55 7,1,26,,5655,23,0,54 55 7,1,66,,5656,23,0,54 55 7,1,25,,5657,23,0,54 55 7,1,26,,5658,23,0,54 55 7,1,65,,5659,23,0,54 55 7,1,26,,5660,23,0,54 55 7,1,66,,5661,23,0,54 55 7,1,25,,5662,23,0,54 55 7,1,65,,5663,23,0,54 55 7,1,24,,5664,23,0,54 55 7,1,25,,5665,23,0,54 55 7,1,70,,5666,23,0,54 55 7,1,30,,5667,23,0,54 55 7,1,70,,5668,23,0,54 55 7,1,30,,5669,23,0,54 55 7,1,69,,5670,23,0,54 55 7,1,28,,5671,23,0,54 55 7,1,66,,5672,23,0,54 55 7,1,26,,5673,23,0,54 55 7,1,65,,5674,23,0,54 55 7,1,25,,5675,23,0,54 55 7,1,24,,5676,23,0,54 55 7,1
2301,'CPSunday',804,,5685,23,0,54 55 7,1,29,,5686,23,0,54 55 7,1,68,,5687,23,0,54 55 7,1,28,,5688,23,0,54 55 7,1,28,,5689,23,0,54 55 7,1,68,,5690,23,0,54 55 7,1,20,,5691,23,0,54 55 7,1,60,,5692,23,0,54 55 7,1,23,,5693,23,0,54 55 7,1,24,,5694,23,0,54 55 7,1,64,,5695,23,0,54 55 7,1,24,,5696,23,0,54 55 7,1,64,,5697,23,0,54 55 7,1,25,,5698,23,0,54 55 7,1,24,,5699,23,0,54 55 7,1,64,,5700,23,0,54 55 7,1,24,,5701,23,0,54 55 7,1,65,,5702,23,0,54 55 7,1,25,,5703,23,0,54 55 7,1,25,,5704,23,0,54 55 7,1,65,,5705,23,0,54 55 7,1,25,,5706,23,0,54 55 7,1,64,,5707,23,0,54 55 7,1,24,,5708,23,0,54 55 7,1,25,,5709,23,0,54 55 7,1,64,,5710,23,0,54 55 7,1,25,,5711,23,0,54 55 7,1,65,,5677,23,0,54 55 7,1,30,,5678,23,0,54 55 7,1,72,,5679,23,0,54 55 7,1,31,,5680,23,0,54 55 7,1,72,,5681,23,0,54 55 7,1,30,,5682,23,0,54 55 7,1,70,,5683,23,0,54 55 7,1,30,,5684,23,0,54 55 7,1
2301,'CPWeekday',438,,5754,23,0,54 55 7,1,19,,5737,23,0,54 55 7,1,63,,5735,23,0,54 55 7,1,20,,5734,23,0,54 55 7,1,60,,5751,23,0,54 55 7,1,22,,5738,23,0,54 55 7,1,23,,5733,23,0,54 55 7,1,66,,5722,23,0,54 55 7,1,24,,5752,23,0,54 55 7,1,24,,5739,23,0,54 55 7,1,67,,5720,23,0,54 55 7,1,26,,5719,23,0,54 55 7,1,66,,5753,23,0,54 55 7,1,26,,5740,23,0,54 55 7,1,66,,5723,23,0,54 55 7,1,26,,5718,23,0,54 55 7,1,64,,5755,23,0,54 55 7,1,23,,5736,23,0,54 55 7,1,24,,5721,23,0,54 55 7,1,66,,5717,23,0,54 55 7,1,26,,5759,23,0,54 55 7,1,65,,5744,23,0,54 55 7,1,27,,5725,23,0,54 55 7,1,26,,5716,23,0,54 55 7,1,66,,5757,23,0,54 55 7,1,27,,5747,23,0,54 55 7,1,67,,5727,23,0,54 55 7,1,26,,5715,23,0,54 55 7,1,66,,5756,23,0,54 55 7,1,29,,5745,23,0,54 55 7,1,68,,5726,23,0,54 55 7,1,28,,5714,23,0,54 55 7,1,66,,5758,23,0,54 55 7,1,28,,5748,23,0,54 55 7,1,26,,5724,23,0,54 55 7,1,69,,5713,23,0,54 55 7,1,36,,5746,23,0,54 55 7,1,70,,5728,23,0,54 55 7,1,30,,5712,23,0,54 55 7,1,70,,5749,23,0,54 55 7,1,76,,5729,23,0,54 55 7,1,43,,5743,23,0,54 55 7,1,83,,5730,23,0,54 55 7,1,79,,5741,23,0,54 55 7,1,35,,5731,23,0,54 55 7,1,76,,5742,23,0,54 55 7,1,34,,5732,23,0,54 55 7,1,74,,5750,23,0,54 55 7,1
2302,'CPHoliday1',745,,5781,25,0,6 7,1,70,,5782,25,0,6 7,1,29,,5783,25,0,6 7,1,69,,5784,25,0,6 7,1,29,,5785,25,0,6 7,1,68,,5786,25,0,6 7,1,28,,5787,25,0,6 7,1,68,,5788,25,0,6 7,1,22,,5789,25,0,6 7,1,22,,5790,25,0,6 7,1,65,,5791,25,0,6 7,1,24,,5792,25,0,6 7,1,64,,5793,25,0,6 7,1,26,,5794,25,0,6 7,1,24,,5760,25,0,6 7,1,64,,5761,25,0,6 7,1,23,,5762,25,0,6 7,1,64,,5763,25,0,6 7,1,25,,5764,25,0,6 7,1,25,,5765,25,0,6 7,1,66,,5766,25,0,6 7,1,25,,5767,25,0,6 7,1,65,,5768,25,0,6 7,1,25,,5769,25,0,6 7,1,65,,5770,25,0,6 7,1,22,,5771,25,0,6 7,1,25,,5772,25,0,6 7,1,62,,5773,25,0,6 7,1,22,,5774,25,0,6 7,1,70,,5775,25,0,6 7,1,29,,5776,25,0,6 7,1,70,,5777,25,0,6 7,1,29,,5778,25,0,6 7,1,30,,5779,25,0,6 7,1,72,,5780,25,0,6 7,1,27,,5795,25,0,6 7,1,65,,5796,25,0,6 7,1,25,,5797,25,0,6 7,1,65,,5798,25,0,6 7,1,25,,5799,25,0,6 7,1
2302,'CPSaturday',546,,5800,25,0,6 7,1,66,,5801,25,0,6 7,1,26,,5802,25,0,6 7,1,68,,5803,25,0,6 7,1,29,,5804,25,0,6 7,1,68,,5805,25,0,6 7,1,29,,5806,25,0,6 7,1,69,,5807,25,0,6 7,1,29,,5808,25,0,6 7,1,22,,5809,25,0,6 7,1,63,,5810,25,0,6 7,1,22,,5811,25,0,6 7,1,22,,5812,25,0,6 7,1,65,,5813,25,0,6 7,1,25,,5814,25,0,6 7,1,65,,5815,25,0,6 7,1,25,,5816,25,0,6 7,1,65,,5817,25,0,6 7,1,27,,5818,25,0,6 7,1,25,,5819,25,0,6 7,1,66,,5820,25,0,6 7,1,26,,5821,25,0,6 7,1,66,,5822,25,0,6 7,1,25,,5823,25,0,6 7,1,66,,5824,25,0,6 7,1,26,,5825,25,0,6 7,1,26,,5826,25,0,6 7,1,66,,5827,25,0,6 7,1,26,,5828,25,0,6 7,1,65,,5829,25,0,6 7,1,26,,5830,25,0,6 7,1,66,,5831,25,0,6 7,1,23,,5832,25,0,6 7,1,24,,5833,25,0,6 7,1,63,,5834,25,0,6 7,1,24,,5835,25,0,6 7,1,69,,5836,25,0,6 7,1,29,,5837,25,0,6 7,1,68,,5838,25,0,6 7,1,28,,5839,25,0,6 7,1,68,,5840,25,0,6 7,1,25,,5841,25,0,6 7,1,26,,5842,25,0,6 7,1,65,,5843,25,0,6 7,1,24,,5844,25,0,6 7,1,65,,5845,25,0,6 7,1,24,,5846,25,0,6 7,1
2302,'CPSunday',745,,5868,25,0,6 7,1,70,,5869,25,0,6 7,1,29,,5870,25,0,6 7,1,69,,5871,25,0,6 7,1,29,,5872,25,0,6 7,1,68,,5873,25,0,6 7,1,28,,5874,25,0,6 7,1,68,,5875,25,0,6 7,1,22,,5876,25,0,6 7,1,22,,5877,25,0,6 7,1,65,,5878,25,0,6 7,1,24,,5879,25,0,6 7,1,64,,5880,25,0,6 7,1,26,,5881,25,0,6 7,1,24,,5847,25,0,6 7,1,64,,5848,25,0,6 7,1,23,,5849,25,0,6 7,1,64,,5850,25,0,6 7,1,25,,5851,25,0,6 7,1,25,,5852,25,0,6 7,1,66,,5853,25,0,6 7,1,25,,5854,25,0,6 7,1,65,,5855,25,0,6 7,1,25,,5856,25,0,6 7,1,65,,5857,25,0,6 7,1,22,,5858,25,0,6 7,1,25,,5859,25,0,6 7,1,62,,5860,25,0,6 7,1,22,,5861,25,0,6 7,1,70,,5862,25,0,6 7,1,29,,5863,25,0,6 7,1,70,,5864,25,0,6 7,1,29,,5865,25,0,6 7,1,30,,5866,25,0,6 7,1,72,,5867,25,0,6 7,1
2302,'CPWeekday',509,,5920,25,0,6 7,1,24,,5906,25,0,6 7,1,68,,5905,25,0,6 7,1,24,,5904,25,0,6 7,1,23,,5925,25,0,6 7,1,63,,5912,25,0,6 7,1,25,,5894,25,0,6 7,1,65,,5890,25,0,6 7,1,24,,5922,25,0,6 7,1,25,,5909,25,0,6 7,1,66,,5891,25,0,6 7,1,25,,5888,25,0,6 7,1,65,,5923,25,0,6 7,1,25,,5910,25,0,6 7,1,26,,5892,25,0,6 7,1,66,,5889,25,0,6 7,1,26,,5924,25,0,6 7,1,67,,5913,25,0,6 7,1,22,,5895,25,0,6 7,1,64,,5887,25,0,6 7,1,27,,5921,25,0,6 7,1,26,,5911,25,0,6 7,1,67,,5893,25,0,6 7,1,26,,5886,25,0,6 7,1,66,,5926,25,0,6 7,1,27,,5908,25,0,6 7,1,70,,5896,25,0,6 7,1,26,,5885,25,0,6 7,1,68,,5927,25,0,6 7,1,27,,5914,25,0,6 7,1,68,,5897,25,0,6 7,1,26,,5883,25,0,6 7,1,22,,5928,25,0,6 7,1,68,,5915,25,0,6 7,1,27,,5898,25,0,6 7,1,69,,5884,25,0,6 7,1,29,,5916,25,0,6 7,1,70,,5901,25,0,6 7,1,29,,5882,25,0,6 7,1,68,,5919,25,0,6 7,1,40,,5899,25,0,6 7,1,79,,5917,25,0,6 7,1,79,,5900,25,0,6 7,1,38,,5918,25,0,6 7,1,76,,5903,25,0,6 7,1,34,,5907,25,0,6 7,1,74,,5902,25,0,6 7,1
