1801,'CPWeekday',530,,4985,33,4,,1,14,,4986,33,4,,1,14,,4987,33,4,,1,54,,4988,33,4,,1,15,,4989,33,4,,1,12,,4990,33,4,,1,15,,4991,33,4,,1,55,,4992,33,4,,1,15,,4993,33,4,,1,16,,4994,33,4,,1,16,,4995,33,4,,1,55,,4996,33,4,,1,15,,4997,33,4,,1,15,,4998,33,4,,1,15,,4999,33,4,,1,55,,5000,33,4,,1,14,,5001,33,4,,1,15,,5002,33,4,,1,369,,5003,33,4,,1,17,,5004,33,4,,1,17,,5005,33,4,,1,15,,5006,33,4,,1,55,,5007,33,4,,1,16,,5008,33,4,,1,15,,5009,33,4,,1,15,,5010,33,4,,1,55,,5011,33,4,,1,16,,5012,33,4,,1,15,,5013,33,4,,1,55,,5014,33,4,,1,16,,5015,33,4,,1,15,,5016,33,4,,1,15,,5017,33,4,,1,55,,5018,33,4,,1,15,,5019,33,4,,1,14,,5020,33,4,,1,14,,5021,33,4,,1,15,,5022,33,4,,1,55,,5023,33,4,,1,13,,5024,33,4,,1,15,,5025,33,4,,1,15,,5026,33,4,,1,55,,5027,33,4,,1,14,,5028,33,4,,1,14,,5029,33,4,,1
1802,'CPWeekday',538,,5030,1,0,15 16,1,15,,5031,1,0,15 16,1,55,,5032,1,0,15 16,1,14,,5033,1,0,15 16,1,15,,5034,1,0,15 16,1,15,,5035,1,0,15 16,1,55,,5036,1,0,15 16,1,15,,5037,1,0,15 16,1,15,,5038,1,0,15 16,1,15,,5039,1,0,15 16,1,55,,5040,1,0,15 16,1,15,,5041,1,0,15 16,1,15,,5042,1,0,15 16,1,15,,5043,1,0,15 16,1,55,,5044,1,0,15 16,1,15,,5045,1,0,15 16,1,15,,5046,1,0,15 16,1,316,,5047,1,0,15 16,1,55,,5048,1,0,15 16,1,15,,5049,1,0,15 16,1,15,,5050,1,0,15 16,1,15,,5051,1,0,15 16,1,55,,5052,1,0,15 16,1,15,,5053,1,0,15 16,1,15,,5054,1,0,15 16,1,15,,5055,1,0,15 16,1,55,,5056,1,0,15 16,1,15,,5057,1,0,15 16,1,15,,5058,1,0,15 16,1,15,,5059,1,0,15 16,1,55,,5060,1,0,15 16,1,15,,5061,1,0,15 16,1,15,,5062,1,0,15 16,1,15,,5063,1,0,15 16,1,55,,5064,1,0,15 16,1,15,,5065,1,0,15 16,1,15,,5066,1,0,15 16,1,15,,5067,1,0,15 16,1,55,,5068,1,0,15 16,1,15,,5069,1,0,15 16,1,15,,5070,1,0,15 16,1,15,,5071,1,0,15 16,1,55,,5072,1,0,15 16,1,15,,5073,1,0,15 16,1,15,,5074,1,0,15 16,1
4201,'CPWeekday',437,,8546,45,4,,1,21,,8547,45,4,,1,64,,8548,45,4,,1,23,,8549,45,4,,1,62,,8550,45,4,,1,22,,8551,45,4,,1,16,,8552,45,4,,1,56,,8553,45,4,,1,17,,8554,45,4,,1,16,,8555,45,4,,1,18,,8556,45,4,,1,56,,8557,45,4,,1,15,,8558,45,4,,1,15,,8559,45,4,,1,14,,8560,45,4,,1,55,,8561,45,4,,1,15,,8562,45,4,,1,13,,8563,45,4,,1,14,,8564,45,4,,1,54,,8565,45,4,,1,15,,8566,45,4,,1,15,,8567,45,4,,1,15,,8568,45,4,,1,53,,8569,45,4,,1,14,,8570,45,4,,1,14,,8571,45,4,,1,14,,8572,45,4,,1,15,,8573,45,4,,1,55,,8574,45,4,,1,17,,8575,45,4,,1,16,,8576,45,4,,1,56,,8577,45,4,,1,16,,8578,45,4,,1,16,,8579,45,4,,1,15,,8580,45,4,,1,55,,8581,45,4,,1,16,,8582,45,4,,1,15,,8583,45,4,,1,16,,8584,45,4,,1,56,,8585,45,4,,1,16,,8586,45,4,,1,15,,8587,45,4,,1,15,,8588,45,4,,1,56,,8589,45,4,,1,15,,8590,45,4,,1,15,,8591,45,4,,1,15,,8592,45,4,,1,55,,8593,45,4,,1,13,,8594,45,4,,1,15,,8595,45,4,,1,15,,8596,45,4,,1,53,,8597,45,4,,1,14,,8598,45,4,,1,15,,8599,45,4,,1,15,,8600,45,4,,1,53,,8601,45,4,,1,14,,8602,45,4,,1,15,,8603,45,4,,1,14,,8604,45,4,,1,55,,8605,45,4,,1,15,,8606,45,4,,1,14,,8607,45,4,,1,14,,8608,45,4,,1,13,,8609,45,4,,1,55,,8610,45,4,,1,15,,8611,45,4,,1,14,,8612,45,4,,1,15,,8613,45,4,,1,55,,8614,45,4,,1,15,,8615,45,4,,1,15,,8616,45,4,,1,15,,8617,45,4,,1,54,,8618,45,4,,1,15,,8619,45,4,,1,15,,8620,45,4,,1,13,,8621,45,4,,1,54,,8622,45,4,,1,14,,8623,45,4,,1,15,,8624,45,4,,1,15,,8625,45,4,,1,54,,8626,45,4,,1,15,,8627,45,4,,1,14,,8628,45,4,,1,14,,8629,45,4,,1,54,,8630,45,4,,1,12,,8631,45,4,,1,15,,8632,45,4,,1,15,,8633,45,4,,1
4201,'MAHoliday1',602,,8634,45,4,,1,23,,8635,45,4,,1,25,,8636,45,4,,1,65,,8637,45,4,,1,24,,8638,45,4,,1,62,,8639,45,4,,1,20,,8640,45,4,,1,21,,8641,45,4,,1,60,,8642,45,4,,1,23,,8643,45,4,,1,22,,8644,45,4,,1,63,,8645,45,4,,1,24,,8646,45,4,,1,22,,8647,45,4,,1,62,,8648,45,4,,1,23,,8649,45,4,,1,62,,8650,45,4,,1,23,,8651,45,4,,1,22,,8652,45,4,,1,60,,8653,45,4,,1,20,,8654,45,4,,1,20,,8655,45,4,,1,60,,8656,45,4,,1,20,,8657,45,4,,1,20,,8658,45,4,,1,62,,8659,45,4,,1,20,,8660,45,4,,1,20,,8661,45,4,,1,60,,8662,45,4,,1,20,,8663,45,4,,1,20,,8664,45,4,,1,60,,8665,45,4,,1,20,,8666,45,4,,1,19,,8667,45,4,,1,60,,8668,45,4,,1,20,,8669,45,4,,1,20,,8670,45,4,,1,59,,8671,45,4,,1,19,,8672,45,4,,1,20,,8673,45,4,,1,60,,8674,45,4,,1,24,,8675,45,4,,1,23,,8676,45,4,,1,64,,8677,45,4,,1,24,,8678,45,4,,1,61,,8679,45,4,,1,19,,8680,45,4,,1,19,,8681,45,4,,1,59,,8682,45,4,,1,20,,8683,45,4,,1,18,,8684,45,4,,1,19,,8685,45,4,,1,59,,8686,45,4,,1,19,,8687,45,4,,1,19,,8688,45,4,,1,58,,8689,45,4,,1,20,,8690,45,4,,1
4201,'MASaturday',441,,8715,45,4,,1,15,,8716,45,4,,1,56,,8717,45,4,,1,15,,8718,45,4,,1,15,,8719,45,4,,1,15,,8720,45,4,,1,57,,8691,45,4,,1,19,,8721,45,4,,1,18,,8722,45,4,,1,56,,8723,45,4,,1,16,,8724,45,4,,1,21,,8725,45,4,,1,59,,8726,45,4,,1,18,,8692,45,4,,1,19,,8701,45,4,,1,19,,8727,45,4,,1,59,,8728,45,4,,1,16,,8729,45,4,,1,16,,8730,45,4,,1,56,,8731,45,4,,1,16,,8732,45,4,,1,16,,8693,45,4,,1,16,,8702,45,4,,1,57,,8733,45,4,,1,18,,8734,45,4,,1,18,,8735,45,4,,1,58,,8736,45,4,,1,16,,8737,45,4,,1,16,,8738,45,4,,1,17,,8694,45,4,,1,57,,8703,45,4,,1,17,,8739,45,4,,1,16,,8709,45,4,,1,56,,8740,45,4,,1,16,,8741,45,4,,1,17,,8742,45,4,,1,15,,8743,45,4,,1,55,,8744,45,4,,1,15,,8695,45,4,,1,16,,8704,45,4,,1,16,,8745,45,4,,1,56,,8710,45,4,,1,16,,8746,45,4,,1,17,,8747,45,4,,1,16,,8748,45,4,,1,55,,8749,45,4,,1,15,,8750,45,4,,1,15,,8696,45,4,,1,16,,8705,45,4,,1,56,,8751,45,4,,1,16,,8711,45,4,,1,14,,8752,45,4,,1,15,,8753,45,4,,1,56,,8754,45,4,,1,15,,8755,45,4,,1,15,,8756,45,4,,1,16,,8697,45,4,,1,56,,8706,45,4,,1,16,,8757,45,4,,1,18,,8712,45,4,,1,60,,8758,45,4,,1,18,,8759,45,4,,1,17,,8760,45,4,,1,58,,8698,45,4,,1,17,,8707,45,4,,1,20,,8761,45,4,,1,20,,8713,45,4,,1,60,,8762,45,4,,1,17,,8763,45,4,,1,19,,8699,45,4,,1,59,,8708,45,4,,1,19,,8764,45,4,,1,16,,8714,45,4,,1,60,,8765,45,4,,1,20,,8766,45,4,,1,17,,8700,45,4,,1
4201,'MASunday',602,,8767,45,4,,1,23,,8768,45,4,,1,25,,8769,45,4,,1,65,,8770,45,4,,1,24,,8771,45,4,,1,62,,8772,45,4,,1,20,,8773,45,4,,1,21,,8774,45,4,,1,60,,8775,45,4,,1,23,,8776,45,4,,1,22,,8777,45,4,,1,63,,8778,45,4,,1,24,,8779,45,4,,1,22,,8780,45,4,,1,62,,8781,45,4,,1,23,,8782,45,4,,1,62,,8783,45,4,,1,23,,8784,45,4,,1,22,,8785,45,4,,1,60,,8786,45,4,,1,20,,8787,45,4,,1,20,,8788,45,4,,1,60,,8789,45,4,,1,20,,8790,45,4,,1,20,,8791,45,4,,1,62,,8792,45,4,,1,20,,8793,45,4,,1,20,,8794,45,4,,1,60,,8795,45,4,,1,20,,8796,45,4,,1,20,,8797,45,4,,1,60,,8798,45,4,,1,20,,8799,45,4,,1,19,,8800,45,4,,1,60,,8801,45,4,,1,20,,8802,45,4,,1,20,,8803,45,4,,1,59,,8804,45,4,,1,19,,8805,45,4,,1,20,,8806,45,4,,1,60,,8807,45,4,,1,24,,8808,45,4,,1,23,,8809,45,4,,1,64,,8810,45,4,,1,24,,8811,45,4,,1,61,,8812,45,4,,1,19,,8813,45,4,,1,19,,8814,45,4,,1,59,,8815,45,4,,1,20,,8816,45,4,,1,18,,8817,45,4,,1,19,,8818,45,4,,1,59,,8819,45,4,,1,19,,8820,45,4,,1,19,,8821,45,4,,1,58,,8822,45,4,,1,20,,8823,45,4,,1
4202,'CPWeekday',400,,8824,1,0,5,1,24,,8825,1,0,5,1,22,,8826,1,0,5,1,62,,8827,1,0,5,1,22,,8828,1,0,5,1,15,,8829,1,0,5,1,55,,8830,1,0,5,1,15,,8831,1,0,5,1,15,,8832,1,0,5,1,15,,8833,1,0,5,1,55,,8834,1,0,5,1,15,,8835,1,0,5,1,15,,8836,1,0,5,1,15,,8837,1,0,5,1,55,,8838,1,0,5,1,15,,8839,1,0,5,1,15,,8840,1,0,5,1,15,,8841,1,0,5,1,55,,8842,1,0,5,1,15,,8843,1,0,5,1,15,,8844,1,0,5,1,15,,8845,1,0,5,1,55,,8846,1,0,5,1,15,,8847,1,0,5,1,15,,8848,1,0,5,1,15,,8849,1,0,5,1,55,,8850,1,0,5,1,15,,8851,1,0,5,1,15,,8852,1,0,5,1,15,,8853,1,0,5,1,55,,8854,1,0,5,1,15,,8855,1,0,5,1,15,,8856,1,0,5,1,15,,8857,1,0,5,1,55,,8858,1,0,5,1,15,,8859,1,0,5,1,15,,8860,1,0,5,1,15,,8861,1,0,5,1,55,,8862,1,0,5,1,15,,8863,1,0,5,1,15,,8864,1,0,5,1,15,,8865,1,0,5,1,55,,8866,1,0,5,1,15,,8867,1,0,5,1,15,,8868,1,0,5,1,15,,8869,1,0,5,1,55,,8870,1,0,5,1,15,,8871,1,0,5,1,15,,8872,1,0,5,1,15,,8873,1,0,5,1,55,,8874,1,0,5,1,15,,8875,1,0,5,1,15,,8876,1,0,5,1,15,,8877,1,0,5,1,55,,8878,1,0,5,1,15,,8879,1,0,5,1,15,,8880,1,0,5,1,15,,8881,1,0,5,1,55,,8882,1,0,5,1,15,,8883,1,0,5,1,15,,8884,1,0,5,1,15,,8885,1,0,5,1,55,,8886,1,0,5,1,15,,8887,1,0,5,1,15,,8888,1,0,5,1,15,,8889,1,0,5,1,55,,8890,1,0,5,1,15,,8891,1,0,5,1,15,,8892,1,0,5,1,15,,8893,1,0,5,1,55,,8894,1,0,5,1,15,,8895,1,0,5,1,15,,8896,1,0,5,1,15,,8897,1,0,5,1,55,,8898,1,0,5,1,15,,8899,1,0,5,1,15,,8900,1,0,5,1,15,,8901,1,0,5,1,55,,8902,1,0,5,1,15,,8903,1,0,5,1,15,,8904,1,0,5,1,15,,8905,1,0,5,1,55,,8906,1,0,5,1
4202,'MAHoliday1',530,,8907,1,0,5,1,22,,8908,1,0,5,1,62,,8909,1,0,5,1,24,,8910,1,0,5,1,64,,8911,1,0,5,1,24,,8912,1,0,5,1,24,,8913,1,0,5,1,64,,8914,1,0,5,1,20,,8915,1,0,5,1,20,,8916,1,0,5,1,60,,8917,1,0,5,1,22,,8918,1,0,5,1,22,,8919,1,0,5,1,62,,8920,1,0,5,1,24,,8921,1,0,5,1,64,,8922,1,0,5,1,24,,8923,1,0,5,1,22,,8924,1,0,5,1,62,,8925,1,0,5,1,22,,8926,1,0,5,1,62,,8927,1,0,5,1,20,,8928,1,0,5,1,20,,8929,1,0,5,1,60,,8930,1,0,5,1,20,,8931,1,0,5,1,20,,8932,1,0,5,1,60,,8933,1,0,5,1,20,,8934,1,0,5,1,20,,8935,1,0,5,1,60,,8936,1,0,5,1,20,,8937,1,0,5,1,20,,8938,1,0,5,1,60,,8939,1,0,5,1,20,,8940,1,0,5,1,20,,8941,1,0,5,1,60,,8942,1,0,5,1,20,,8943,1,0,5,1,20,,8944,1,0,5,1,60,,8945,1,0,5,1,20,,8946,1,0,5,1,20,,8947,1,0,5,1,60,,8948,1,0,5,1,20,,8949,1,0,5,1,20,,8950,1,0,5,1,62,,8951,1,0,5,1,24,,8952,1,0,5,1,24,,8953,1,0,5,1,62,,8954,1,0,5,1,20,,8955,1,0,5,1,18,,8956,1,0,5,1,60,,8957,1,0,5,1,20,,8958,1,0,5,1,20,,8959,1,0,5,1,60,,8960,1,0,5,1,20,,8961,1,0,5,1
4202,'MASaturday',450,,8986,1,0,5,1,55,,8987,1,0,5,1,15,,8988,1,0,5,1,15,,8989,1,0,5,1,15,,8990,1,0,5,1,55,,8991,1,0,5,1,15,,8962,1,0,5,1,15,,8971,1,0,5,1,15,,8992,1,0,5,1,55,,8993,1,0,5,1,16,,8994,1,0,5,1,16,,8995,1,0,5,1,18,,8996,1,0,5,1,58,,8997,1,0,5,1,18,,8963,1,0,5,1,18,,8972,1,0,5,1,58,,8998,1,0,5,1,18,,8999,1,0,5,1,18,,9000,1,0,5,1,58,,9001,1,0,5,1,16,,9002,1,0,5,1,16,,9003,1,0,5,1,15,,8964,1,0,5,1,55,,8973,1,0,5,1,15,,9004,1,0,5,1,14,,8980,1,0,5,1,14,,9005,1,0,5,1,55,,9006,1,0,5,1,15,,9007,1,0,5,1,16,,9008,1,0,5,1,16,,9009,1,0,5,1,56,,8965,1,0,5,1,16,,8974,1,0,5,1,16,,9010,1,0,5,1,16,,8981,1,0,5,1,56,,9011,1,0,5,1,16,,9012,1,0,5,1,16,,9013,1,0,5,1,16,,9014,1,0,5,1,56,,9015,1,0,5,1,16,,8966,1,0,5,1,16,,8975,1,0,5,1,56,,9016,1,0,5,1,16,,8982,1,0,5,1,16,,9017,1,0,5,1,16,,9018,1,0,5,1,56,,9019,1,0,5,1,16,,9020,1,0,5,1,16,,9021,1,0,5,1,16,,8967,1,0,5,1,56,,8976,1,0,5,1,16,,9022,1,0,5,1,16,,8983,1,0,5,1,16,,9023,1,0,5,1,56,,9024,1,0,5,1,16,,9025,1,0,5,1,18,,9026,1,0,5,1,60,,8968,1,0,5,1,20,,8977,1,0,5,1,20,,9027,1,0,5,1,60,,8984,1,0,5,1,22,,9028,1,0,5,1,22,,9029,1,0,5,1,60,,8969,1,0,5,1,20,,8978,1,0,5,1,20,,9030,1,0,5,1,60,,8985,1,0,5,1,20,,9031,1,0,5,1,20,,9032,1,0,5,1,60,,8970,1,0,5,1,20,,8979,1,0,5,1,15,,9033,1,0,5,1
4202,'MASunday',530,,9034,1,0,5,1,22,,9035,1,0,5,1,62,,9036,1,0,5,1,24,,9037,1,0,5,1,64,,9038,1,0,5,1,24,,9039,1,0,5,1,24,,9040,1,0,5,1,64,,9041,1,0,5,1,20,,9042,1,0,5,1,20,,9043,1,0,5,1,60,,9044,1,0,5,1,22,,9045,1,0,5,1,22,,9046,1,0,5,1,62,,9047,1,0,5,1,24,,9048,1,0,5,1,64,,9049,1,0,5,1,24,,9050,1,0,5,1,22,,9051,1,0,5,1,62,,9052,1,0,5,1,22,,9053,1,0,5,1,62,,9054,1,0,5,1,20,,9055,1,0,5,1,20,,9056,1,0,5,1,60,,9057,1,0,5,1,20,,9058,1,0,5,1,20,,9059,1,0,5,1,60,,9060,1,0,5,1,20,,9061,1,0,5,1,20,,9062,1,0,5,1,60,,9063,1,0,5,1,20,,9064,1,0,5,1,20,,9065,1,0,5,1,60,,9066,1,0,5,1,20,,9067,1,0,5,1,20,,9068,1,0,5,1,60,,9069,1,0,5,1,20,,9070,1,0,5,1,20,,9071,1,0,5,1,60,,9072,1,0,5,1,20,,9073,1,0,5,1,20,,9074,1,0,5,1,60,,9075,1,0,5,1,20,,9076,1,0,5,1,20,,9077,1,0,5,1,62,,9078,1,0,5,1,24,,9079,1,0,5,1,24,,9080,1,0,5,1,62,,9081,1,0,5,1,20,,9082,1,0,5,1,18,,9083,1,0,5,1,60,,9084,1,0,5,1,20,,9085,1,0,5,1,20,,9086,1,0,5,1,60,,9087,1,0,5,1,20,,9088,1,0,5,1
