901,'CPSaturday',559,,16333,17,0,19 20,1,65,,16332,17,0,19 20,1,32,,16331,17,0,19 20,1,64,,16330,42,0,19 20,1,33,,16328,42,0,19 20,1,74,,16329,42,0,19 20,1,32,,16327,42,0,19 20,1,77,,16316,42,0,19 20,1,73,,16317,42,0,19 20,1,35,,16319,42,0,19 20,1,77,,16307,42,0,19 20,1,36,,16306,42,0,19 20,1,75,,16321,42,0,19 20,1,78,,16313,42,0,19 20,1,40,,16305,42,0,19 20,1,78,,16324,42,0,19 20,1,79,,16310,42,0,19 20,1,39,,16304,42,0,19 20,1,77,,16323,42,0,19 20,1,79,,16312,42,0,19 20,1,38,,16303,42,0,19 20,1,75,,16320,42,0,19 20,1,39,,16309,42,0,19 20,1,73,,16302,42,0,19 20,1,76,,16318,42,0,19 20,1,37,,16314,42,0,19 20,1,73,,16300,42,0,19 20,1,33,,16322,42,0,19 20,1,73,,16308,42,0,19 20,1,34,,16301,42,0,19 20,1,74,,16325,42,0,19 20,1,32,,16311,42,0,19 20,1,71,,16299,42,0,19 20,1,70,,16326,42,0,19 20,1,31,,16315,42,0,19 20,1
901,'CPSunday',646,,16360,17,0,19 20,1,82,,16359,42,0,19 20,1,88,,16358,42,0,19 20,1,88,,16357,42,0,19 20,1,52,,16356,42,0,19 20,1,91,,16353,42,0,19 20,1,76,,16349,42,0,19 20,1,32,,16348,42,0,19 20,1,75,,16354,42,0,19 20,1,80,,16344,42,0,19 20,1,34,,16347,42,0,19 20,1,77,,16352,42,0,19 20,1,38,,16345,42,0,19 20,1,78,,16340,42,0,19 20,1,78,,16350,42,0,19 20,1,38,,16338,42,0,19 20,1,77,,16342,42,0,19 20,1,77,,16355,42,0,19 20,1,34,,16337,42,0,19 20,1,76,,16341,42,0,19 20,1,36,,16351,42,0,19 20,1,76,,16336,42,0,19 20,1,89,,16346,42,0,19 20,1,89,,16335,42,0,19 20,1,45,,16343,42,0,19 20,1,88,,16334,42,0,19 20,1,86,,16339,42,0,19 20,1
901,'CPWeekday',449,,16403,43,0,19 20,1,65,,16407,43,0,19 20,1,21,,16405,43,0,19 20,1,21,,16408,43,0,19 20,1,60,,16409,43,0,19 20,1,21,,16404,43,0,19 20,1,21,,16406,43,0,19 20,1,66,,16397,43,0,19 20,1,29,,16399,43,0,19 20,1,60,,16402,43,0,19 20,1,27,,16396,43,0,19 20,1,60,,16398,43,0,19 20,1,27,,16400,43,0,19 20,1,23,,16401,43,0,19 20,1,64,,16394,43,0,19 20,1,21,,16391,43,0,19 20,1,67,,16392,43,0,19 20,1,28,,16393,43,0,19 20,1,70,,16395,43,0,19 20,1,30,,16387,43,0,19 20,1,70,,16388,43,0,19 20,1,30,,16389,43,0,19 20,1,70,,16390,43,0,19 20,1,31,,16385,43,0,19 20,1,71,,16386,43,0,19 20,1,31,,16384,43,0,19 20,1,67,,16383,43,0,19 20,1,23,,16382,43,0,19 20,1,22,,16381,43,0,19 20,1,70,,16380,43,0,19 20,1,30,,16379,43,0,19 20,1,69,,16378,43,0,19 20,1,19,,16377,43,0,19 20,1,24,,16376,43,0,19 20,1,62,,16375,43,0,19 20,1,29,,16370,43,0,19 20,1,67,,16369,43,0,19 20,1,25,,16368,43,0,19 20,1,65,,16371,43,0,19 20,1,28,,16367,43,0,19 20,1,67,,16365,43,0,19 20,1,25,,16362,43,0,19 20,1,27,,16372,43,0,19 20,1,65,,16366,43,0,19 20,1,25,,16364,43,0,19 20,1,66,,16361,43,0,19 20,1,30,,16373,43,0,19 20,1,86,,16363,43,0,19 20,1,85,,16374,43,0,19 20,1
901,'CPHoliday1',645,,25932,17,0,19 20,1,81,,25905,42,0,19 20,1,88,,25906,42,0,19 20,1,87,,25907,42,0,19 20,1,51,,25908,42,0,19 20,1,87,,25909,42,0,19 20,1,75,,25910,42,0,19 20,1,30,,25911,42,0,19 20,1,74,,25912,42,0,19 20,1,35,,25913,42,0,19 20,1,75,,25914,42,0,19 20,1,75,,25915,42,0,19 20,1,33,,25916,42,0,19 20,1,77,,25917,42,0,19 20,1,35,,25918,42,0,19 20,1,75,,25919,42,0,19 20,1,35,,25920,42,0,19 20,1,74,,25921,42,0,19 20,1,75,,25922,42,0,19 20,1,33,,25923,42,0,19 20,1,73,,25924,42,0,19 20,1,34,,25925,42,0,19 20,1,88,,25926,42,0,19 20,1,86,,25927,42,0,19 20,1,88,,25928,42,0,19 20,1,46,,25929,42,0,19 20,1,86,,25930,42,0,19 20,1,87,,25931,42,0,19 20,1
2803,'CPSaturday',748,,19209,23,0,19 20,1,63,,19208,23,0,19 20,1,26,,19215,23,0,19 20,1,68,,19202,23,0,19 20,1,28,,19222,23,0,19 20,1,71,,19201,23,0,19 20,1,30,,19221,23,0,19 20,1,70,,19195,23,0,19 20,1,30,,19214,23,0,19 20,1,70,,19197,23,0,19 20,1,31,,19216,23,0,19 20,1,71,,19196,23,0,19 20,1,31,,19220,23,0,19 20,1,70,,19203,23,0,19 20,1,30,,19217,23,0,19 20,1,70,,19199,23,0,19 20,1,28,,19212,23,0,19 20,1,70,,19200,23,0,19 20,1,30,,19223,23,0,19 20,1,70,,19198,23,0,19 20,1,30,,19218,23,0,19 20,1,69,,19193,23,0,19 20,1,29,,19210,23,0,19 20,1,70,,19204,23,0,19 20,1,30,,19211,23,0,19 20,1,70,,19205,23,0,19 20,1,30,,19219,23,0,19 20,1,70,,19206,23,0,19 20,1,29,,19213,23,0,19 20,1,72,,19194,23,0,19 20,1,31,,19224,23,0,19 20,1,74,,19207,23,0,19 20,1
2803,'CPSunday',817,,19225,23,0,19 20,1,26,,19226,23,0,19 20,1,67,,19227,23,0,19 20,1,26,,19228,23,0,19 20,1,66,,19229,23,0,19 20,1,28,,19230,23,0,19 20,1,72,,19231,23,0,19 20,1,31,,19232,23,0,19 20,1,70,,19233,23,0,19 20,1,30,,19234,23,0,19 20,1,70,,19235,23,0,19 20,1,30,,19236,23,0,19 20,1,71,,19237,23,0,19 20,1,30,,19238,23,0,19 20,1,70,,19239,23,0,19 20,1,30,,19240,23,0,19 20,1,70,,19241,23,0,19 20,1,30,,19242,23,0,19 20,1,71,,19243,23,0,19 20,1,29,,19244,23,0,19 20,1,69,,19245,23,0,19 20,1,27,,19246,23,0,19 20,1,29,,19247,23,0,19 20,1,65,,19248,23,0,19 20,1,22,,19249,23,0,19 20,1
2803,'CPWeekday',511,,19250,23,0,19 20,1,15,,19251,23,0,19 20,1,17,,19252,23,0,19 20,1,16,,19253,23,0,19 20,1,56,,19254,23,0,19 20,1,14,,19255,23,0,19 20,1,20,,19256,23,0,19 20,1,52,,19257,23,0,19 20,1,18,,19258,23,0,19 20,1,17,,19259,23,0,19 20,1,18,,19260,23,0,19 20,1,57,,19261,23,0,19 20,1,15,,19262,23,0,19 20,1,18,,19263,23,0,19 20,1,58,,19264,23,0,19 20,1,14,,19265,23,0,19 20,1,14,,19266,23,0,19 20,1,13,,19267,23,0,19 20,1,58,,19268,23,0,19 20,1,20,,19269,23,0,19 20,1,21,,19270,23,0,19 20,1,60,,19271,23,0,19 20,1,20,,19272,23,0,19 20,1,19,,19273,23,0,19 20,1,60,,19274,23,0,19 20,1,20,,19275,23,0,19 20,1,20,,19276,23,0,19 20,1,59,,19277,23,0,19 20,1,20,,19278,23,0,19 20,1,21,,19279,23,0,19 20,1,61,,19280,23,0,19 20,1,21,,19281,23,0,19 20,1,21,,19282,23,0,19 20,1,61,,19283,23,0,19 20,1,21,,19284,23,0,19 20,1,20,,19285,23,0,19 20,1,60,,19286,23,0,19 20,1,25,,19287,26,0,19 20,1,15,,19288,26,0,19 20,1,56,,19289,26,0,19 20,1,19,,19290,26,0,19 20,1,19,,19291,26,0,19 20,1,10,,19313,26,0,19 20,1,53,,19292,26,0,19 20,1,14,,19293,26,0,19 20,1,14,,19294,26,0,19 20,1,17,,19295,26,0,19 20,1,58,,19296,26,0,19 20,1,15,,19297,26,0,19 20,1,20,,19298,26,0,19 20,1,59,,19299,26,0,19 20,1,7,,19300,23,0,19 20,1,14,,19301,23,0,19 20,1,18,,19302,23,0,19 20,1,20,,19303,23,0,19 20,1,60,,19304,23,0,19 20,1,19,,19305,23,0,19 20,1,66,,19306,23,0,19 20,1,27,,19307,23,0,19 20,1,26,,19308,23,0,19 20,1,65,,19309,23,0,19 20,1,23,,19310,23,0,19 20,1,63,,19311,23,0,19 20,1,23,,19312,23,0,19 20,1
2803,'CPHoliday1',817,,26583,23,0,19 20,1,26,,26584,23,0,19 20,1,67,,26585,23,0,19 20,1,26,,26586,23,0,19 20,1,66,,26587,23,0,19 20,1,28,,26588,23,0,19 20,1,72,,26589,23,0,19 20,1,31,,26590,23,0,19 20,1,70,,26591,23,0,19 20,1,30,,26592,23,0,19 20,1,70,,26593,23,0,19 20,1,30,,26594,23,0,19 20,1,71,,26595,23,0,19 20,1,30,,26596,23,0,19 20,1,70,,26597,23,0,19 20,1,30,,26598,23,0,19 20,1,70,,26599,23,0,19 20,1,30,,26600,23,0,19 20,1,71,,26601,23,0,19 20,1,29,,26602,23,0,19 20,1,69,,26603,23,0,19 20,1,27,,26604,23,0,19 20,1,29,,26605,23,0,19 20,1,65,,26606,23,0,19 20,1,22,,26607,23,0,19 20,1
6104,'CPSaturday',608,,22799,31,0,19 20,1,30,,22793,31,0,19 20,1,72,,22794,31,0,19 20,1,21,,22795,31,0,19 20,1,20,,22798,31,0,19 20,1,59,,22788,31,0,19 20,1,18,,22782,31,0,19 20,1,21,,22781,31,0,19 20,1,62,,22780,31,0,19 20,1,20,,22801,31,0,19 20,1,22,,22790,31,0,19 20,1,59,,22778,31,0,19 20,1,18,,22779,31,0,19 20,1,20,,22774,31,0,19 20,1,60,,22769,31,0,19 20,1,18,,22800,31,0,19 20,1,18,,22789,31,0,19 20,1,60,,22768,31,0,19 20,1,21,,22767,31,0,19 20,1,22,,22777,31,0,19 20,1,60,,22766,31,0,19 20,1,20,,22803,31,0,19 20,1,22,,22791,31,0,19 20,1,54,,22765,31,0,19 20,1,14,,22764,31,0,19 20,1,17,,22759,31,0,19 20,1,18,,22770,31,0,19 20,1,58,,22758,31,0,19 20,1,18,,22763,31,0,19 20,1,16,,22802,31,0,19 20,1,56,,22792,31,0,19 20,1,17,,22755,31,0,19 20,1,17,,22757,31,0,19 20,1,17,,22756,31,0,19 20,1,57,,22776,31,0,19 20,1,15,,22749,31,0,19 20,1,13,,22760,31,0,19 20,1,15,,22796,31,0,19 20,1,53,,22748,31,0,19 20,1,13,,22783,31,0,19 20,1,14,,22747,31,0,19 20,1,13,,22746,31,0,19 20,1,13,,22751,31,0,19 20,1,54,,22773,31,0,19 20,1,13,,22743,31,0,19 20,1,13,,22762,31,0,19 20,1,13,,22797,31,0,19 20,1,53,,22744,31,0,19 20,1,13,,22785,31,0,19 20,1,14,,22739,31,0,19 20,1,10,,22745,31,0,19 20,1,11,,22752,31,0,19 20,1,52,,22771,31,0,19 20,1,12,,22738,31,0,19 20,1,17,,22761,31,0,19 20,1,16,,22737,31,0,19 20,1,56,,22784,31,0,19 20,1,16,,22740,31,0,19 20,1,13,,22750,31,0,19 20,1,14,,22772,31,0,19 20,1,56,,22735,31,0,19 20,1,18,,22736,31,0,19 20,1,17,,22786,31,0,19 20,1,15,,22741,31,0,19 20,1,55,,22754,31,0,19 20,1,14,,22775,31,0,19 20,1,15,,22734,31,0,19 20,1,15,,22732,31,0,19 20,1,54,,22787,31,0,19 20,1,13,,22742,31,0,19 20,1,13,,22753,31,0,19 20,1,66,,22733,31,0,19 20,1
6104,'CPSunday',651,,22865,31,0,19 20,1,85,,22804,31,0,19 20,1,83,,22805,31,0,19 20,1,24,,22806,31,0,19 20,1,63,,22807,31,0,19 20,1,23,,22808,31,0,19 20,1,23,,22809,31,0,19 20,1,63,,22810,31,0,19 20,1,18,,22811,31,0,19 20,1,19,,22812,31,0,19 20,1,63,,22813,31,0,19 20,1,22,,22814,31,0,19 20,1,22,,22815,31,0,19 20,1,62,,22816,31,0,19 20,1,25,,22817,31,0,19 20,1,62,,22818,31,0,19 20,1,23,,22819,31,0,19 20,1,22,,22820,31,0,19 20,1,65,,22821,31,0,19 20,1,25,,22822,31,0,19 20,1,64,,22823,31,0,19 20,1,15,,22824,31,0,19 20,1,15,,22825,31,0,19 20,1,15,,22826,31,0,19 20,1,55,,22827,31,0,19 20,1,17,,22828,31,0,19 20,1,16,,22829,31,0,19 20,1,60,,22830,31,0,19 20,1,20,,22831,31,0,19 20,1,17,,22832,31,0,19 20,1,14,,22833,31,0,19 20,1,55,,22834,31,0,19 20,1,16,,22835,31,0,19 20,1,7,,22836,31,0,19 20,1,8,,22837,31,0,19 20,1,16,,22838,31,0,19 20,1,49,,22839,31,0,19 20,1,8,,22840,31,0,19 20,1,6,,22841,31,0,19 20,1,11,,22842,31,0,19 20,1,17,,22843,31,0,19 20,1,58,,22844,31,0,19 20,1,15,,22845,31,0,19 20,1,16,,22846,31,0,19 20,1,14,,22847,31,0,19 20,1,55,,22848,31,0,19 20,1,14,,22849,31,0,19 20,1,15,,22850,31,0,19 20,1,14,,22851,31,0,19 20,1,55,,22852,31,0,19 20,1,14,,22853,31,0,19 20,1,15,,22854,31,0,19 20,1,13,,22855,31,0,19 20,1,14,,22856,31,0,19 20,1,54,,22857,31,0,19 20,1,17,,22858,31,0,19 20,1,20,,22859,31,0,19 20,1,63,,22860,31,0,19 20,1,25,,22861,31,0,19 20,1,69,,22862,31,0,19 20,1,43,,22863,31,0,19 20,1,84,,22864,31,0,19 20,1
6104,'CPWeekday',410,,22866,23,0,19 20,1,20,,22867,23,0,19 20,1,26,,22868,31,0,19 20,1,66,,22869,31,0,19 20,1,20,,22870,31,0,19 20,1,17,,22871,31,0,19 20,1,57,,22872,31,0,19 20,1,12,,22873,31,0,19 20,1,14,,22874,31,0,19 20,1,13,,22875,31,0,19 20,1,53,,22876,31,0,19 20,1,15,,22877,31,0,19 20,1,14,,22878,31,0,19 20,1,14,,22879,31,0,19 20,1,54,,22880,31,0,19 20,1,14,,22881,31,0,19 20,1,15,,22882,31,0,19 20,1,16,,22883,31,0,19 20,1,55,,22884,31,0,19 20,1,15,,22885,31,0,19 20,1,13,,22886,31,0,19 20,1,13,,22887,31,0,19 20,1,13,,22888,31,0,19 20,1,52,,22889,31,0,19 20,1,14,,22890,31,0,19 20,1,14,,22891,31,0,19 20,1,15,,22892,31,0,19 20,1,55,,22893,31,0,19 20,1,15,,22894,31,0,19 20,1,14,,22895,31,0,19 20,1,13,,22896,31,0,19 20,1,53,,22897,31,0,19 20,1,13,,22898,31,0,19 20,1,13,,22899,31,0,19 20,1,14,,22900,31,0,19 20,1,14,,22901,31,0,19 20,1,55,,22902,31,0,19 20,1,15,,22903,31,0,19 20,1,15,,22904,31,0,19 20,1,14,,22905,31,0,19 20,1,54,,22906,31,0,19 20,1,14,,22907,31,0,19 20,1,15,,22908,31,0,19 20,1,15,,22909,31,0,19 20,1,56,,22910,31,0,19 20,1,14,,22911,31,0,19 20,1,13,,22912,31,0,19 20,1,14,,22913,31,0,19 20,1,54,,22914,31,0,19 20,1,14,,22915,31,0,19 20,1,13,,22916,31,0,19 20,1,14,,22917,31,0,19 20,1,53,,22918,31,0,19 20,1,13,,22919,31,0,19 20,1,13,,22920,31,0,19 20,1,13,,22921,31,0,19 20,1,14,,22922,31,0,19 20,1,54,,22923,31,0,19 20,1,13,,22924,31,0,19 20,1,13,,22925,31,0,19 20,1,12,,22926,31,0,19 20,1,12,,22927,31,0,19 20,1,53,,22928,31,0,19 20,1,12,,22929,31,0,19 20,1,12,,22930,31,0,19 20,1,14,,22931,31,0,19 20,1,52,,22932,31,0,19 20,1,11,,22933,31,0,19 20,1,12,,22934,31,0,19 20,1,13,,22935,31,0,19 20,1,14,,22936,31,0,19 20,1,52,,22937,31,0,19 20,1,12,,22938,31,0,19 20,1,13,,22939,31,0,19 20,1,13,,22940,31,0,19 20,1,14,,22941,31,0,19 20,1,54,,22942,31,0,19 20,1,11,,22943,31,0,19 20,1,12,,22944,31,0,19 20,1,10,,22945,31,0,19 20,1,13,,22946,31,0,19 20,1,52,,22947,31,0,19 20,1,13,,22948,31,0,19 20,1,14,,22949,31,0,19 20,1,14,,22950,31,0,19 20,1,55,,22951,31,0,19 20,1,15,,22952,31,0,19 20,1,14,,22953,31,0,19 20,1,12,,22954,31,0,19 20,1,59,,22955,31,0,19 20,1,20,,22956,31,0,19 20,1,19,,22957,31,0,19 20,1,59,,22958,31,0,19 20,1,20,,22959,31,0,19 20,1,19,,22960,31,0,19 20,1,20,,22961,31,0,19 20,1
6104,'CPHoliday1',651,,27368,31,0,19 20,1,71,,27369,31,0,19 20,1,31,,27370,31,0,19 20,1,71,,27371,31,0,19 20,1,21,,27372,31,0,19 20,1,60,,27373,31,0,19 20,1,18,,27374,31,0,19 20,1,18,,27375,31,0,19 20,1,18,,27376,31,0,19 20,1,59,,27377,31,0,19 20,1,21,,27378,31,0,19 20,1,14,,27379,31,0,19 20,1,54,,27380,31,0,19 20,1,15,,27381,31,0,19 20,1,15,,27382,31,0,19 20,1,14,,27383,31,0,19 20,1,54,,27384,31,0,19 20,1,14,,27385,31,0,19 20,1,16,,27386,31,0,19 20,1,14,,27387,31,0,19 20,1,54,,27388,31,0,19 20,1,16,,27389,31,0,19 20,1,14,,27390,31,0,19 20,1,16,,27391,31,0,19 20,1,55,,27392,31,0,19 20,1,15,,27393,31,0,19 20,1,15,,27394,31,0,19 20,1,15,,27395,31,0,19 20,1,56,,27396,31,0,19 20,1,15,,27397,31,0,19 20,1,15,,27398,31,0,19 20,1,15,,27399,31,0,19 20,1,55,,27400,31,0,19 20,1,15,,27401,31,0,19 20,1,15,,27402,31,0,19 20,1,15,,27403,31,0,19 20,1,55,,27404,31,0,19 20,1,15,,27405,31,0,19 20,1,14,,27406,31,0,19 20,1,13,,27407,31,0,19 20,1,55,,27408,31,0,19 20,1,15,,27409,31,0,19 20,1,14,,27410,31,0,19 20,1,13,,27411,31,0,19 20,1,15,,27412,31,0,19 20,1,54,,27413,31,0,19 20,1,15,,27414,31,0,19 20,1,15,,27415,31,0,19 20,1,15,,27416,31,0,19 20,1,55,,27417,31,0,19 20,1,13,,27418,31,0,19 20,1,15,,27419,31,0,19 20,1,15,,27420,31,0,19 20,1,53,,27421,31,0,19 20,1,14,,27422,31,0,19 20,1,13,,27423,31,0,19 20,1,13,,27424,31,0,19 20,1,54,,27425,31,0,19 20,1,14,,27426,31,0,19 20,1,14,,27427,31,0,19 20,1,14,,27428,31,0,19 20,1,14,,27429,31,0,19 20,1,55,,27430,31,0,19 20,1,14,,27431,31,0,19 20,1,13,,27432,31,0,19 20,1,15,,27433,31,0,19 20,1,55,,27434,31,0,19 20,1,14,,27435,31,0,19 20,1,14,,27436,31,0,19 20,1,66,,27437,31,0,19 20,1,25,,27438,31,0,19 20,1,70,,27439,31,0,19 20,1,29,,27440,31,0,19 20,1
6604,'CPSaturday',540,,23207,30,0,19 20,1,63,,23223,30,0,19 20,1,23,,23234,30,0,19 20,1,24,,23208,30,0,19 20,1,66,,23224,30,0,19 20,1,26,,23235,30,0,19 20,1,65,,23209,30,0,19 20,1,18,,23278,30,0,19 20,1,16,,23222,30,0,19 20,1,16,,23237,30,0,19 20,1,56,,23280,30,0,19 20,1,17,,23210,30,0,19 20,1,15,,23279,30,0,19 20,1,55,,23227,30,0,19 20,1,16,,23236,30,0,19 20,1,15,,23281,30,0,19 20,1,12,,23282,30,0,19 20,1,12,,23211,30,0,19 20,1,52,,23272,30,0,19 20,1,13,,23226,30,0,19 20,1,15,,23246,30,0,19 20,1,14,,23275,30,0,19 20,1,53,,23277,30,0,19 20,1,14,,23212,30,0,19 20,1,14,,23273,30,0,19 20,1,14,,23225,30,0,19 20,1,14,,23247,30,0,19 20,1,55,,23274,30,0,19 20,1,14,,23276,30,0,19 20,1,14,,23213,30,0,19 20,1,14,,23271,30,0,19 20,1,54,,23230,30,0,19 20,1,15,,23238,30,0,19 20,1,14,,23266,30,0,19 20,1,15,,23269,30,0,19 20,1,56,,23214,30,0,19 20,1,15,,23267,30,0,19 20,1,15,,23231,30,0,19 20,1,15,,23241,30,0,19 20,1,55,,23268,30,0,19 20,1,15,,23270,30,0,19 20,1,15,,23215,30,0,19 20,1,14,,23265,30,0,19 20,1,53,,23229,30,0,19 20,1,15,,23239,30,0,19 20,1,15,,23264,30,0,19 20,1,15,,23263,30,0,19 20,1,55,,23216,30,0,19 20,1,15,,23262,30,0,19 20,1,15,,23228,30,0,19 20,1,15,,23240,30,0,19 20,1,54,,23260,30,0,19 20,1,14,,23261,30,0,19 20,1,13,,23217,30,0,19 20,1,14,,23257,30,0,19 20,1,54,,23232,30,0,19 20,1,13,,23242,30,0,19 20,1,13,,23254,30,0,19 20,1,14,,23253,30,0,19 20,1,13,,23218,30,0,19 20,1,52,,23256,30,0,19 20,1,13,,23233,30,0,19 20,1,13,,23244,30,0,19 20,1,13,,23252,30,0,19 20,1,13,,23251,30,0,19 20,1,57,,23219,30,0,19 20,1,17,,23255,30,0,19 20,1,17,,23245,30,0,19 20,1,58,,23250,30,0,19 20,1,18,,23220,30,0,19 20,1,17,,23258,30,0,19 20,1,17,,23243,30,0,19 20,1,55,,23249,30,0,19 20,1,16,,23221,30,0,19 20,1,16,,23259,30,0,19 20,1,55,,23248,30,0,19 20,1
6604,'CPSunday',551,,23350,30,0,19 20,1,63,,23283,30,0,19 20,1,23,,23284,30,0,19 20,1,64,,23285,30,0,19 20,1,23,,23286,30,0,19 20,1,22,,23287,30,0,19 20,1,57,,23288,30,0,19 20,1,18,,23289,30,0,19 20,1,18,,23290,30,0,19 20,1,17,,23291,30,0,19 20,1,59,,23292,30,0,19 20,1,19,,23293,30,0,19 20,1,18,,23294,30,0,19 20,1,60,,23295,30,0,19 20,1,18,,23296,30,0,19 20,1,18,,23297,30,0,19 20,1,58,,23298,30,0,19 20,1,20,,23299,30,0,19 20,1,20,,23300,30,0,19 20,1,61,,23301,30,0,19 20,1,20,,23302,30,0,19 20,1,18,,23303,30,0,19 20,1,55,,23304,30,0,19 20,1,15,,23305,30,0,19 20,1,14,,23306,30,0,19 20,1,14,,23307,30,0,19 20,1,13,,23308,30,0,19 20,1,53,,23309,30,0,19 20,1,13,,23310,30,0,19 20,1,14,,23311,30,0,19 20,1,14,,23312,30,0,19 20,1,54,,23313,30,0,19 20,1,13,,23314,30,0,19 20,1,14,,23315,30,0,19 20,1,14,,23316,30,0,19 20,1,14,,23317,30,0,19 20,1,54,,23318,30,0,19 20,1,14,,23319,30,0,19 20,1,14,,23320,30,0,19 20,1,14,,23321,30,0,19 20,1,54,,23322,30,0,19 20,1,13,,23323,30,0,19 20,1,14,,23324,30,0,19 20,1,14,,23325,30,0,19 20,1,52,,23326,30,0,19 20,1,14,,23327,30,0,19 20,1,13,,23328,30,0,19 20,1,13,,23329,30,0,19 20,1,15,,23330,30,0,19 20,1,54,,23331,30,0,19 20,1,14,,23332,30,0,19 20,1,15,,23333,30,0,19 20,1,16,,23334,30,0,19 20,1,55,,23335,30,0,19 20,1,15,,23336,30,0,19 20,1,14,,23337,30,0,19 20,1,14,,23338,30,0,19 20,1,55,,23339,30,0,19 20,1,15,,23340,30,0,19 20,1,14,,23341,30,0,19 20,1,12,,23342,30,0,19 20,1,52,,23343,30,0,19 20,1,29,,23344,30,0,19 20,1,74,,23345,30,0,19 20,1,34,,23346,30,0,19 20,1,73,,23347,30,0,19 20,1,33,,23348,30,0,19 20,1,73,,23349,30,0,19 20,1
6604,'CPWeekday',458,,23351,30,0,19 20,1,55,,23352,30,0,19 20,1,13,,23353,30,0,19 20,1,11,,23354,30,0,19 20,1,12,,23355,30,0,19 20,1,51,,23356,30,0,19 20,1,11,,23357,30,0,19 20,1,13,,23358,30,0,19 20,1,11,,23359,30,0,19 20,1,12,,23360,30,0,19 20,1,12,,23361,30,0,19 20,1,53,,23362,30,0,19 20,1,12,,23363,30,0,19 20,1,12,,23364,30,0,19 20,1,13,,23365,30,0,19 20,1,53,,23366,30,0,19 20,1,12,,23367,30,0,19 20,1,11,,23368,30,0,19 20,1,10,,23369,30,0,19 20,1,10,,23370,30,0,19 20,1,11,,23371,30,0,19 20,1,51,,23372,30,0,19 20,1,11,,23373,30,0,19 20,1,12,,23374,30,0,19 20,1,13,,23375,30,0,19 20,1,13,,23376,30,0,19 20,1,53,,23377,30,0,19 20,1,12,,23378,30,0,19 20,1,11,,23379,30,0,19 20,1,12,,23380,30,0,19 20,1,12,,23381,30,0,19 20,1,52,,23382,30,0,19 20,1,12,,23383,30,0,19 20,1,12,,23384,30,0,19 20,1,12,,23385,30,0,19 20,1,12,,23386,30,0,19 20,1,52,,23387,30,0,19 20,1,12,,23388,30,0,19 20,1,12,,23389,30,0,19 20,1,12,,23390,30,0,19 20,1,12,,23391,30,0,19 20,1,52,,23392,30,0,19 20,1,12,,23393,30,0,19 20,1,12,,23394,30,0,19 20,1,12,,23395,30,0,19 20,1,12,,23396,30,0,19 20,1,52,,23397,30,0,19 20,1,13,,23398,30,0,19 20,1,11,,23399,30,0,19 20,1,11,,23400,30,0,19 20,1,10,,23401,30,0,19 20,1,51,,23402,30,0,19 20,1,11,,23403,30,0,19 20,1,10,,23404,30,0,19 20,1,10,,23405,30,0,19 20,1,10,,23406,30,0,19 20,1,11,,23407,30,0,19 20,1,50,,23408,30,0,19 20,1,11,,23409,30,0,19 20,1,11,,23410,30,0,19 20,1,11,,23411,30,0,19 20,1,12,,23412,30,0,19 20,1,51,,23413,30,0,19 20,1,11,,23414,30,0,19 20,1,11,,23415,30,0,19 20,1,11,,23416,30,0,19 20,1,9,,23417,30,0,19 20,1,11,,23418,30,0,19 20,1,50,,23419,30,0,19 20,1,11,,23420,30,0,19 20,1,9,,23421,30,0,19 20,1,10,,23422,30,0,19 20,1,10,,23423,30,0,19 20,1,10,,23424,30,0,19 20,1,51,,23425,30,0,19 20,1,10,,23426,30,0,19 20,1,10,,23427,30,0,19 20,1,9,,23428,30,0,19 20,1,9,,23429,30,0,19 20,1,9,,23430,30,0,19 20,1,51,,23431,30,0,19 20,1,14,,23432,30,0,19 20,1,14,,23433,30,0,19 20,1,14,,23434,30,0,19 20,1,54,,23435,30,0,19 20,1,13,,23436,30,0,19 20,1,14,,23437,30,0,19 20,1,14,,23438,30,0,19 20,1,59,,23439,30,0,19 20,1,17,,23440,30,0,19 20,1,17,,23441,30,0,19 20,1,17,,23442,30,0,19 20,1,56,,23443,30,0,19 20,1,16,,23444,30,0,19 20,1,18,,23445,30,0,19 20,1,18,,23446,30,0,19 20,1,57,,23447,30,0,19 20,1,18,,23448,30,0,19 20,1,17,,23449,30,0,19 20,1,57,,23450,30,0,19 20,1,17,,23451,30,0,19 20,1,17,,23452,30,0,19 20,1
6604,'CPHoliday1',548,,27519,30,0,19 20,1,60,,27520,30,0,19 20,1,20,,27521,30,0,19 20,1,20,,27522,30,0,19 20,1,62,,27523,30,0,19 20,1,23,,27524,30,0,19 20,1,23,,27525,30,0,19 20,1,64,,27526,30,0,19 20,1,22,,27527,30,0,19 20,1,62,,27528,30,0,19 20,1,23,,27529,30,0,19 20,1,23,,27530,30,0,19 20,1,63,,27531,30,0,19 20,1,22,,27532,30,0,19 20,1,13,,27533,30,0,19 20,1,54,,27534,30,0,19 20,1,13,,27535,30,0,19 20,1,15,,27536,30,0,19 20,1,14,,27537,30,0,19 20,1,14,,27538,30,0,19 20,1,54,,27539,30,0,19 20,1,14,,27540,30,0,19 20,1,14,,27541,30,0,19 20,1,14,,27542,30,0,19 20,1,54,,27543,30,0,19 20,1,14,,27544,30,0,19 20,1,12,,27545,30,0,19 20,1,12,,27546,30,0,19 20,1,12,,27547,30,0,19 20,1,53,,27548,30,0,19 20,1,11,,27549,30,0,19 20,1,12,,27550,30,0,19 20,1,13,,27551,30,0,19 20,1,54,,27552,30,0,19 20,1,14,,27553,30,0,19 20,1,12,,27554,30,0,19 20,1,12,,27555,30,0,19 20,1,12,,27556,30,0,19 20,1,52,,27557,30,0,19 20,1,12,,27558,30,0,19 20,1,11,,27559,30,0,19 20,1,11,,27560,30,0,19 20,1,12,,27561,30,0,19 20,1,52,,27562,30,0,19 20,1,11,,27563,30,0,19 20,1,12,,27564,30,0,19 20,1,12,,27565,30,0,19 20,1,12,,27566,30,0,19 20,1,52,,27567,30,0,19 20,1,13,,27568,30,0,19 20,1,13,,27569,30,0,19 20,1,14,,27570,30,0,19 20,1,14,,27571,30,0,19 20,1,54,,27572,30,0,19 20,1,14,,27573,30,0,19 20,1,14,,27574,30,0,19 20,1,14,,27575,30,0,19 20,1,54,,27576,30,0,19 20,1,13,,27577,30,0,19 20,1,14,,27578,30,0,19 20,1,14,,27579,30,0,19 20,1,14,,27580,30,0,19 20,1,55,,27581,30,0,19 20,1,15,,27582,30,0,19 20,1,14,,27583,30,0,19 20,1,14,,27584,30,0,19 20,1,55,,27585,30,0,19 20,1,20,,27586,30,0,19 20,1,20,,27587,30,0,19 20,1,59,,27588,30,0,19 20,1,19,,27589,30,0,19 20,1,20,,27590,30,0,19 20,1,60,,27591,30,0,19 20,1,20,,27592,30,0,19 20,1,20,,27593,30,0,19 20,1,60,,27594,30,0,19 20,1,20,,27595,30,0,19 20,1
