902,'CPHoliday1',613,,31183,2,0,8 9 10,1,44,,31184,2,0,8 9 10,1,83,,31185,2,0,8 9 10,1,89,,31186,2,0,8 9 10,1,87,,31187,2,0,8 9 10,1,89,,31188,2,0,8 9 10,1,47,,31189,2,0,8 9 10,1,76,,31190,2,0,8 9 10,1,72,,31191,2,0,8 9 10,1,33,,31192,2,0,8 9 10,1,75,,31193,2,0,8 9 10,1,35,,31194,2,0,8 9 10,1,75,,31195,2,0,8 9 10,1,35,,31196,2,0,8 9 10,1,75,,31197,2,0,8 9 10,1,75,,31198,2,0,8 9 10,1,35,,31199,2,0,8 9 10,1,75,,31200,2,0,8 9 10,1,35,,31201,2,0,8 9 10,1,74,,31202,2,0,8 9 10,1,35,,31203,2,0,8 9 10,1,75,,31204,2,0,8 9 10,1,69,,31205,2,0,8 9 10,1,48,,31206,2,0,8 9 10,1,89,,31207,2,0,8 9 10,1,89,,31208,2,0,8 9 10,1,89,,31209,2,0,8 9 10,1
902,'CPSaturday',603,,31210,2,0,8 9 10,1,30,,31211,2,0,8 9 10,1,71,,31212,2,0,8 9 10,1,30,,31213,2,0,8 9 10,1,71,,31214,2,0,8 9 10,1,31,,31215,2,0,8 9 10,1,71,,31216,2,0,8 9 10,1,32,,31217,2,0,8 9 10,1,73,,31218,2,0,8 9 10,1,33,,31219,2,0,8 9 10,1,73,,31220,2,0,8 9 10,1,34,,31221,2,0,8 9 10,1,73,,31222,2,0,8 9 10,1,75,,31223,2,0,8 9 10,1,36,,31224,2,0,8 9 10,1,76,,31225,2,0,8 9 10,1,36,,31226,2,0,8 9 10,1,76,,31227,2,0,8 9 10,1,76,,31228,2,0,8 9 10,1,36,,31229,2,0,8 9 10,1,76,,31230,2,0,8 9 10,1,35,,31231,2,0,8 9 10,1,73,,31232,2,0,8 9 10,1,36,,31233,2,0,8 9 10,1,75,,31234,2,0,8 9 10,1,73,,31235,2,0,8 9 10,1,32,,31236,2,0,8 9 10,1,75,,31237,2,0,8 9 10,1,34,,31238,2,0,8 9 10,1,73,,31239,2,0,8 9 10,1,30,,31240,2,0,8 9 10,1,72,,31241,2,0,8 9 10,1,30,,31242,2,0,8 9 10,1,68,,31243,2,0,8 9 10,1,28,,31244,2,0,8 9 10,1,69,,31245,2,0,8 9 10,1,29,,31246,2,0,8 9 10,1
902,'CPSunday',613,,31247,2,0,8 9 10,1,44,,31248,2,0,8 9 10,1,83,,31249,2,0,8 9 10,1,89,,31250,2,0,8 9 10,1,87,,31251,2,0,8 9 10,1,89,,31252,2,0,8 9 10,1,47,,31253,2,0,8 9 10,1,76,,31254,2,0,8 9 10,1,72,,31255,2,0,8 9 10,1,33,,31256,2,0,8 9 10,1,75,,31257,2,0,8 9 10,1,35,,31258,2,0,8 9 10,1,75,,31259,2,0,8 9 10,1,35,,31260,2,0,8 9 10,1,75,,31261,2,0,8 9 10,1,75,,31262,2,0,8 9 10,1,35,,31263,2,0,8 9 10,1,75,,31264,2,0,8 9 10,1,35,,31265,2,0,8 9 10,1,74,,31266,2,0,8 9 10,1,35,,31267,2,0,8 9 10,1,75,,31268,2,0,8 9 10,1,69,,31269,2,0,8 9 10,1,48,,31270,2,0,8 9 10,1,89,,31271,2,0,8 9 10,1,89,,31272,2,0,8 9 10,1,89,,31273,2,0,8 9 10,1
902,'CPWeekday',501,,31274,2,0,8 9 10,1,26,,31275,2,0,8 9 10,1,22,,31276,2,0,8 9 10,1,61,,31277,2,0,8 9 10,1,23,,31278,2,0,8 9 10,1,19,,31279,2,0,8 9 10,1,62,,31280,2,0,8 9 10,1,22,,31281,2,0,8 9 10,1,68,,31282,2,0,8 9 10,1,20,,31283,2,0,8 9 10,1,27,,31284,2,0,8 9 10,1,64,,31285,2,0,8 9 10,1,25,,31286,2,0,8 9 10,1,64,,31287,2,0,8 9 10,1,20,,31288,2,0,8 9 10,1,19,,31289,2,0,8 9 10,1,68,,31290,2,0,8 9 10,1,28,,31291,2,0,8 9 10,1,68,,31292,2,0,8 9 10,1,28,,31293,2,0,8 9 10,1,68,,31294,2,0,8 9 10,1,28,,31295,2,0,8 9 10,1,28,,31296,2,0,8 9 10,1,70,,31297,2,0,8 9 10,1,29,,31298,2,0,8 9 10,1,70,,31299,2,0,8 9 10,1,30,,31300,2,0,8 9 10,1,59,,31301,2,0,8 9 10,1,25,,31302,2,0,8 9 10,1,67,,31303,2,0,8 9 10,1,20,,31304,2,0,8 9 10,1,28,,31305,2,0,8 9 10,1,69,,31306,2,0,8 9 10,1,28,,31307,2,0,8 9 10,1,65,,31308,2,0,8 9 10,1,23,,31309,2,0,8 9 10,1,67,,31310,2,0,8 9 10,1,28,,31311,2,0,8 9 10,1,69,,31312,2,0,8 9 10,1,29,,31313,2,0,8 9 10,1,66,,31314,2,0,8 9 10,1,25,,31315,2,0,8 9 10,1,25,,31316,2,0,8 9 10,1,65,,31317,2,0,8 9 10,1,26,,31318,2,0,8 9 10,1,67,,31319,2,0,8 9 10,1,42,,31320,2,0,8 9 10,1,82,,31321,2,0,8 9 10,1,83,,31322,2,0,8 9 10,1
2804,'CPHoliday1',801,,34796,2,0,48,1,28,,34797,2,0,48,1,28,,34798,2,0,48,1,68,,34799,2,0,48,1,29,,34800,2,0,48,1,68,,34801,2,0,48,1,30,,34802,2,0,48,1,70,,34803,2,0,48,1,30,,34804,2,0,48,1,70,,34805,2,0,48,1,30,,34806,2,0,48,1,70,,34807,2,0,48,1,30,,34808,2,0,48,1,70,,34809,2,0,48,1,30,,34810,2,0,48,1,70,,34811,2,0,48,1,30,,34812,2,0,48,1,70,,34813,2,0,48,1,30,,34814,2,0,48,1,70,,34815,2,0,48,1,30,,34816,2,0,48,1,70,,34817,2,0,48,1,25,,34818,2,0,48,1,65,,34819,2,0,48,1,25,,34820,2,0,48,1
2804,'CPSaturday',731,,34842,2,0,48,1,28,,34841,2,0,48,1,68,,34835,2,0,48,1,28,,34836,2,0,48,1,69,,34828,2,0,48,1,28,,34843,2,0,48,1,70,,34824,2,0,48,1,30,,34847,2,0,48,1,70,,34830,2,0,48,1,30,,34844,2,0,48,1,70,,34821,2,0,48,1,30,,34845,2,0,48,1,70,,34829,2,0,48,1,30,,34838,2,0,48,1,70,,34827,2,0,48,1,30,,34846,2,0,48,1,70,,34831,2,0,48,1,30,,34848,2,0,48,1,70,,34822,2,0,48,1,30,,34839,2,0,48,1,70,,34823,2,0,48,1,30,,34837,2,0,48,1,70,,34832,2,0,48,1,30,,34840,2,0,48,1,70,,34833,2,0,48,1,30,,34849,2,0,48,1,70,,34825,2,0,48,1,30,,34850,2,0,48,1,70,,34826,2,0,48,1,30,,34851,2,0,48,1,74,,34834,2,0,48,1,75,,34852,2,0,48,1
2804,'CPSunday',801,,34853,2,0,48,1,28,,34854,2,0,48,1,28,,34855,2,0,48,1,68,,34856,2,0,48,1,29,,34857,2,0,48,1,68,,34858,2,0,48,1,30,,34859,2,0,48,1,70,,34860,2,0,48,1,30,,34861,2,0,48,1,70,,34862,2,0,48,1,30,,34863,2,0,48,1,70,,34864,2,0,48,1,30,,34865,2,0,48,1,70,,34866,2,0,48,1,30,,34867,2,0,48,1,70,,34868,2,0,48,1,30,,34869,2,0,48,1,70,,34870,2,0,48,1,30,,34871,2,0,48,1,70,,34872,2,0,48,1,30,,34873,2,0,48,1,70,,34874,2,0,48,1,25,,34875,2,0,48,1,65,,34876,2,0,48,1,25,,34877,2,0,48,1
2804,'CPWeekday',511,,34879,2,0,48,1,14,,34880,2,0,48,1,15,,34881,2,0,48,1,14,,34882,2,0,48,1,52,,34883,2,0,48,1,12,,34884,2,0,48,1,16,,34885,2,0,48,1,15,,34886,2,0,48,1,55,,34887,2,0,48,1,14,,34888,2,0,48,1,14,,34889,2,0,48,1,17,,34890,2,0,48,1,53,,34878,2,0,48,1,4,,34891,2,0,48,1,16,,34892,2,0,48,1,15,,34893,2,0,48,1,20,,34894,2,0,48,1,60,,34895,2,0,48,1,20,,34896,2,0,48,1,20,,34897,2,0,48,1,60,,34898,2,0,48,1,20,,34899,2,0,48,1,20,,34900,2,0,48,1,60,,34901,2,0,48,1,20,,34902,2,0,48,1,20,,34903,2,0,48,1,60,,34904,2,0,48,1,20,,34905,2,0,48,1,20,,34906,2,0,48,1,60,,34907,2,0,48,1,20,,34908,2,0,48,1,20,,34909,2,0,48,1,60,,34910,2,0,48,1,20,,34911,2,0,48,1,20,,34912,2,0,48,1,60,,34913,2,0,48,1,15,,34914,2,0,48,1,16,,34915,2,0,48,1,58,,34916,2,0,48,1,18,,34917,2,0,48,1,18,,34918,2,0,48,1,58,,34919,2,0,48,1,18,,34920,2,0,48,1,18,,34921,2,0,48,1,18,,34922,2,0,48,1,60,,34923,2,0,48,1,16,,34924,2,0,48,1,18,,34925,2,0,48,1,58,,34926,2,0,48,1,18,,34927,2,0,48,1,18,,34928,2,0,48,1,60,,34929,2,0,48,1,20,,34930,2,0,48,1,20,,34931,2,0,48,1,60,,34932,2,0,48,1,28,,34933,2,0,48,1,27,,34934,2,0,48,1,66,,34935,2,0,48,1,26,,34936,2,0,48,1,64,,34937,2,0,48,1,24,,34938,2,0,48,1,22,,34939,2,0,48,1,62,,34940,2,0,48,1
6103,'CPHoliday1',541,,38725,2,0,15 16,1,70,,38726,2,0,15 16,1,30,,38727,2,0,15 16,1,70,,38728,2,0,15 16,1,30,,38729,2,0,15 16,1,60,,38730,2,0,15 16,1,20,,38731,2,0,15 16,1,21,,38732,2,0,15 16,1,60,,38733,2,0,15 16,1,18,,38734,2,0,15 16,1,18,,38735,2,0,15 16,1,18,,38736,2,0,15 16,1,54,,38737,2,0,15 16,1,14,,38738,2,0,15 16,1,14,,38739,2,0,15 16,1,14,,38740,2,0,15 16,1,54,,38741,2,0,15 16,1,14,,38742,2,0,15 16,1,14,,38743,2,0,15 16,1,14,,38744,2,0,15 16,1,54,,38745,2,0,15 16,1,15,,38746,2,0,15 16,1,15,,38747,2,0,15 16,1,15,,38748,2,0,15 16,1,55,,38749,2,0,15 16,1,15,,38750,2,0,15 16,1,15,,38751,2,0,15 16,1,15,,38752,2,0,15 16,1,55,,38753,2,0,15 16,1,15,,38754,2,0,15 16,1,15,,38755,2,0,15 16,1,15,,38756,2,0,15 16,1,55,,38757,2,0,15 16,1,15,,38758,2,0,15 16,1,15,,38759,2,0,15 16,1,15,,38760,2,0,15 16,1,55,,38761,2,0,15 16,1,15,,38762,2,0,15 16,1,15,,38763,2,0,15 16,1,15,,38764,2,0,15 16,1,55,,38765,2,0,15 16,1,15,,38766,2,0,15 16,1,15,,38767,2,0,15 16,1,15,,38768,2,0,15 16,1,55,,38769,2,0,15 16,1,15,,38770,2,0,15 16,1,15,,38771,2,0,15 16,1,15,,38772,2,0,15 16,1,55,,38773,2,0,15 16,1,15,,38774,2,0,15 16,1,15,,38775,2,0,15 16,1,14,,38776,2,0,15 16,1,54,,38777,2,0,15 16,1,14,,38778,2,0,15 16,1,14,,38779,2,0,15 16,1,14,,38780,2,0,15 16,1,14,,38781,2,0,15 16,1,54,,38782,2,0,15 16,1,14,,38783,2,0,15 16,1,14,,38784,2,0,15 16,1,14,,38785,2,0,15 16,1,54,,38786,2,0,15 16,1,14,,38787,2,0,15 16,1,14,,38788,2,0,15 16,1,14,,38789,2,0,15 16,1,54,,38790,2,0,15 16,1,15,,38791,2,0,15 16,1,15,,38792,2,0,15 16,1,15,,38793,2,0,15 16,1,54,,38794,2,0,15 16,1,30,,38795,2,0,15 16,1,70,,38796,2,0,15 16,1,30,,38797,2,0,15 16,1,75,,38798,2,0,15 16,1
6103,'CPSaturday',526,,38799,2,0,15 16,1,30,,38800,2,0,15 16,1,70,,38801,2,0,15 16,1,25,,38802,2,0,15 16,1,61,,38803,2,0,15 16,1,15,,38804,2,0,15 16,1,16,,38805,2,0,15 16,1,58,,38806,2,0,15 16,1,18,,38807,2,0,15 16,1,20,,38808,2,0,15 16,1,20,,38809,2,0,15 16,1,60,,38810,2,0,15 16,1,20,,38811,2,0,15 16,1,18,,38812,2,0,15 16,1,55,,38813,2,0,15 16,1,15,,38814,2,0,15 16,1,15,,38815,2,0,15 16,1,15,,38816,2,0,15 16,1,55,,38817,2,0,15 16,1,15,,38818,2,0,15 16,1,15,,38819,2,0,15 16,1,15,,38820,2,0,15 16,1,55,,38821,2,0,15 16,1,15,,38822,2,0,15 16,1,15,,38823,2,0,15 16,1,15,,38824,2,0,15 16,1,55,,38825,2,0,15 16,1,15,,38826,2,0,15 16,1,15,,38827,2,0,15 16,1,15,,38828,2,0,15 16,1,55,,38829,2,0,15 16,1,12,,38830,2,0,15 16,1,12,,38831,2,0,15 16,1,12,,38832,2,0,15 16,1,54,,38833,2,0,15 16,1,15,,38834,2,0,15 16,1,15,,38835,2,0,15 16,1,15,,38836,2,0,15 16,1,55,,38837,2,0,15 16,1,15,,38838,2,0,15 16,1,15,,38839,2,0,15 16,1,15,,38840,2,0,15 16,1,55,,38841,2,0,15 16,1,14,,38842,2,0,15 16,1,14,,38843,2,0,15 16,1,14,,38844,2,0,15 16,1,14,,38845,2,0,15 16,1,54,,38846,2,0,15 16,1,15,,38847,2,0,15 16,1,15,,38848,2,0,15 16,1,15,,38849,2,0,15 16,1,55,,38850,2,0,15 16,1,15,,38851,2,0,15 16,1,15,,38852,2,0,15 16,1,15,,38853,2,0,15 16,1,55,,38854,2,0,15 16,1,15,,38855,2,0,15 16,1,15,,38856,2,0,15 16,1,15,,38857,2,0,15 16,1,55,,38858,2,0,15 16,1,15,,38859,2,0,15 16,1,15,,38860,2,0,15 16,1,15,,38861,2,0,15 16,1,55,,38862,2,0,15 16,1,15,,38863,2,0,15 16,1,15,,38864,2,0,15 16,1,15,,38865,2,0,15 16,1,55,,38866,2,0,15 16,1,15,,38867,2,0,15 16,1,15,,38868,2,0,15 16,1,16,,38869,2,0,15 16,1,56,,38870,2,0,15 16,1,17,,38871,2,0,15 16,1,20,,38872,2,0,15 16,1,60,,38873,2,0,15 16,1,20,,38874,2,0,15 16,1,20,,38875,2,0,15 16,1
6103,'CPSunday',541,,38876,2,0,15 16,1,70,,38877,2,0,15 16,1,30,,38878,2,0,15 16,1,70,,38879,2,0,15 16,1,30,,38880,2,0,15 16,1,60,,38881,2,0,15 16,1,20,,38882,2,0,15 16,1,21,,38883,2,0,15 16,1,60,,38884,2,0,15 16,1,18,,38885,2,0,15 16,1,18,,38886,2,0,15 16,1,18,,38887,2,0,15 16,1,54,,38888,2,0,15 16,1,14,,38889,2,0,15 16,1,14,,38890,2,0,15 16,1,14,,38891,2,0,15 16,1,54,,38892,2,0,15 16,1,14,,38893,2,0,15 16,1,14,,38894,2,0,15 16,1,14,,38895,2,0,15 16,1,54,,38896,2,0,15 16,1,15,,38897,2,0,15 16,1,15,,38898,2,0,15 16,1,15,,38899,2,0,15 16,1,55,,38900,2,0,15 16,1,15,,38901,2,0,15 16,1,15,,38902,2,0,15 16,1,15,,38903,2,0,15 16,1,55,,38904,2,0,15 16,1,15,,38905,2,0,15 16,1,15,,38906,2,0,15 16,1,15,,38907,2,0,15 16,1,55,,38908,2,0,15 16,1,15,,38909,2,0,15 16,1,15,,38910,2,0,15 16,1,15,,38911,2,0,15 16,1,55,,38912,2,0,15 16,1,15,,38913,2,0,15 16,1,15,,38914,2,0,15 16,1,15,,38915,2,0,15 16,1,55,,38916,2,0,15 16,1,15,,38917,2,0,15 16,1,15,,38918,2,0,15 16,1,15,,38919,2,0,15 16,1,55,,38920,2,0,15 16,1,15,,38921,2,0,15 16,1,15,,38922,2,0,15 16,1,15,,38923,2,0,15 16,1,55,,38924,2,0,15 16,1,15,,38925,2,0,15 16,1,15,,38926,2,0,15 16,1,14,,38927,2,0,15 16,1,54,,38928,2,0,15 16,1,14,,38929,2,0,15 16,1,14,,38930,2,0,15 16,1,14,,38931,2,0,15 16,1,14,,38932,2,0,15 16,1,54,,38933,2,0,15 16,1,14,,38934,2,0,15 16,1,14,,38935,2,0,15 16,1,14,,38936,2,0,15 16,1,54,,38937,2,0,15 16,1,14,,38938,2,0,15 16,1,14,,38939,2,0,15 16,1,14,,38940,2,0,15 16,1,54,,38941,2,0,15 16,1,15,,38942,2,0,15 16,1,15,,38943,2,0,15 16,1,15,,38944,2,0,15 16,1,54,,38945,2,0,15 16,1,30,,38946,2,0,15 16,1,70,,38947,2,0,15 16,1,30,,38948,2,0,15 16,1,75,,38949,2,0,15 16,1
6103,'CPWeekday',421,,38950,2,0,15 16,1,25,,38951,2,0,15 16,1,65,,38952,2,0,15 16,1,25,,38953,2,0,15 16,1,20,,38954,2,0,15 16,1,56,,38955,2,0,15 16,1,15,,38956,2,0,15 16,1,15,,38957,2,0,15 16,1,15,,38958,2,0,15 16,1,55,,38959,2,0,15 16,1,15,,38960,2,0,15 16,1,15,,38961,2,0,15 16,1,15,,38962,2,0,15 16,1,55,,38963,2,0,15 16,1,15,,38964,2,0,15 16,1,15,,38965,2,0,15 16,1,15,,38966,2,0,15 16,1,55,,38967,2,0,15 16,1,15,,38968,2,0,15 16,1,15,,38969,2,0,15 16,1,15,,38970,2,0,15 16,1,55,,38971,2,0,15 16,1,15,,38972,2,0,15 16,1,15,,38973,2,0,15 16,1,14,,38974,2,0,15 16,1,54,,38975,2,0,15 16,1,14,,38976,2,0,15 16,1,14,,38977,2,0,15 16,1,14,,38978,2,0,15 16,1,54,,38979,2,0,15 16,1,14,,38980,2,0,15 16,1,14,,38981,2,0,15 16,1,14,,38982,2,0,15 16,1,54,,38983,2,0,15 16,1,14,,38984,2,0,15 16,1,14,,38985,2,0,15 16,1,10,,38986,2,0,15 16,1,10,,38987,2,0,15 16,1,54,,38988,2,0,15 16,1,14,,38989,2,0,15 16,1,14,,38990,2,0,15 16,1,14,,38991,2,0,15 16,1,54,,38992,2,0,15 16,1,14,,38993,2,0,15 16,1,14,,38994,2,0,15 16,1,14,,38995,2,0,15 16,1,12,,38996,2,0,15 16,1,52,,38997,2,0,15 16,1,12,,38998,2,0,15 16,1,12,,38999,2,0,15 16,1,12,,39000,2,0,15 16,1,14,,39001,2,0,15 16,1,54,,39002,2,0,15 16,1,14,,39003,2,0,15 16,1,14,,39004,2,0,15 16,1,14,,39005,2,0,15 16,1,54,,39006,2,0,15 16,1,14,,39007,2,0,15 16,1,14,,39008,2,0,15 16,1,14,,39009,2,0,15 16,1,54,,39010,2,0,15 16,1,14,,39011,2,0,15 16,1,14,,39012,2,0,15 16,1,14,,39013,2,0,15 16,1,14,,39014,2,0,15 16,1,54,,39015,2,0,15 16,1,14,,39016,2,0,15 16,1,14,,39017,2,0,15 16,1,14,,39018,2,0,15 16,1,54,,39019,2,0,15 16,1,14,,39020,2,0,15 16,1,15,,39021,2,0,15 16,1,15,,39022,2,0,15 16,1,55,,39023,2,0,15 16,1,15,,39024,2,0,15 16,1,15,,39025,2,0,15 16,1,15,,39026,2,0,15 16,1,55,,39027,2,0,15 16,1,15,,39028,2,0,15 16,1,15,,39029,2,0,15 16,1,15,,39030,2,0,15 16,1,55,,39031,2,0,15 16,1,19,,39032,2,0,15 16,1,20,,39033,2,0,15 16,1,60,,39034,2,0,15 16,1,18,,39035,2,0,15 16,1,18,,39036,2,0,15 16,1,58,,39037,2,0,15 16,1,18,,39038,2,0,15 16,1,18,,39039,2,0,15 16,1
6603,'CPHoliday1',456,,39353,2,0,15 16,1,60,,39354,2,0,15 16,1,20,,39355,2,0,15 16,1,22,,39356,2,0,15 16,1,62,,39357,2,0,15 16,1,22,,39358,2,0,15 16,1,62,,39359,2,0,15 16,1,22,,39360,2,0,15 16,1,22,,39361,2,0,15 16,1,62,,39362,2,0,15 16,1,22,,39363,2,0,15 16,1,22,,39364,2,0,15 16,1,62,,39365,2,0,15 16,1,22,,39366,2,0,15 16,1,62,,39367,2,0,15 16,1,16,,39368,2,0,15 16,1,15,,39369,2,0,15 16,1,15,,39370,2,0,15 16,1,55,,39371,2,0,15 16,1,15,,39372,2,0,15 16,1,15,,39373,2,0,15 16,1,15,,39374,2,0,15 16,1,56,,39375,2,0,15 16,1,14,,39376,2,0,15 16,1,14,,39377,2,0,15 16,1,14,,39378,2,0,15 16,1,14,,39379,2,0,15 16,1,54,,39380,2,0,15 16,1,12,,39381,2,0,15 16,1,12,,39382,2,0,15 16,1,12,,39383,2,0,15 16,1,52,,39384,2,0,15 16,1,12,,39385,2,0,15 16,1,14,,39386,2,0,15 16,1,14,,39387,2,0,15 16,1,12,,39388,2,0,15 16,1,52,,39389,2,0,15 16,1,12,,39390,2,0,15 16,1,12,,39391,2,0,15 16,1,12,,39392,2,0,15 16,1,12,,39393,2,0,15 16,1,52,,39394,2,0,15 16,1,12,,39395,2,0,15 16,1,12,,39396,2,0,15 16,1,12,,39397,2,0,15 16,1,12,,39398,2,0,15 16,1,52,,39399,2,0,15 16,1,12,,39400,2,0,15 16,1,12,,39401,2,0,15 16,1,12,,39402,2,0,15 16,1,12,,39403,2,0,15 16,1,52,,39404,2,0,15 16,1,12,,39405,2,0,15 16,1,12,,39406,2,0,15 16,1,12,,39407,2,0,15 16,1,12,,39408,2,0,15 16,1,55,,39409,2,0,15 16,1,15,,39410,2,0,15 16,1,15,,39411,2,0,15 16,1,14,,39412,2,0,15 16,1,53,,39413,2,0,15 16,1,14,,39414,2,0,15 16,1,14,,39415,2,0,15 16,1,14,,39416,2,0,15 16,1,55,,39417,2,0,15 16,1,15,,39418,2,0,15 16,1,15,,39419,2,0,15 16,1,15,,39420,2,0,15 16,1,55,,39421,2,0,15 16,1,20,,39422,2,0,15 16,1,20,,39423,2,0,15 16,1,60,,39424,2,0,15 16,1,20,,39425,2,0,15 16,1,20,,39426,2,0,15 16,1,60,,39427,2,0,15 16,1,20,,39428,2,0,15 16,1,20,,39429,2,0,15 16,1,60,,39430,2,0,15 16,1
6603,'CPSaturday',441,,39431,2,0,15 16,1,60,,39432,2,0,15 16,1,20,,39433,2,0,15 16,1,22,,39434,2,0,15 16,1,62,,39435,2,0,15 16,1,22,,39436,2,0,15 16,1,22,,39437,2,0,15 16,1,62,,39438,2,0,15 16,1,24,,39439,2,0,15 16,1,24,,39440,2,0,15 16,1,64,,39441,2,0,15 16,1,24,,39442,2,0,15 16,1,64,,39443,2,0,15 16,1,24,,39444,2,0,15 16,1,22,,39445,2,0,15 16,1,54,,39446,2,0,15 16,1,15,,39447,2,0,15 16,1,15,,39448,2,0,15 16,1,15,,39449,2,0,15 16,1,56,,39450,2,0,15 16,1,15,,39451,2,0,15 16,1,15,,39452,2,0,15 16,1,15,,39453,2,0,15 16,1,55,,39454,2,0,15 16,1,15,,39455,2,0,15 16,1,15,,39456,2,0,15 16,1,15,,39457,2,0,15 16,1,55,,39458,2,0,15 16,1,15,,39459,2,0,15 16,1,15,,39460,2,0,15 16,1,15,,39461,2,0,15 16,1,55,,39462,2,0,15 16,1,15,,39463,2,0,15 16,1,15,,39464,2,0,15 16,1,15,,39465,2,0,15 16,1,55,,39466,2,0,15 16,1,15,,39467,2,0,15 16,1,15,,39468,2,0,15 16,1,15,,39469,2,0,15 16,1,55,,39470,2,0,15 16,1,15,,39471,2,0,15 16,1,15,,39472,2,0,15 16,1,14,,39473,2,0,15 16,1,54,,39474,2,0,15 16,1,14,,39475,2,0,15 16,1,14,,39476,2,0,15 16,1,14,,39477,2,0,15 16,1,54,,39478,2,0,15 16,1,14,,39479,2,0,15 16,1,14,,39480,2,0,15 16,1,14,,39481,2,0,15 16,1,54,,39482,2,0,15 16,1,15,,39483,2,0,15 16,1,15,,39484,2,0,15 16,1,15,,39485,2,0,15 16,1,55,,39486,2,0,15 16,1,15,,39487,2,0,15 16,1,15,,39488,2,0,15 16,1,15,,39489,2,0,15 16,1,55,,39490,2,0,15 16,1,15,,39491,2,0,15 16,1,15,,39492,2,0,15 16,1,15,,39493,2,0,15 16,1,54,,39494,2,0,15 16,1,15,,39495,2,0,15 16,1,15,,39496,2,0,15 16,1,15,,39497,2,0,15 16,1,55,,39498,2,0,15 16,1,15,,39499,2,0,15 16,1,15,,39500,2,0,15 16,1,15,,39501,2,0,15 16,1,55,,39502,2,0,15 16,1,22,,39503,2,0,15 16,1,22,,39504,2,0,15 16,1,62,,39505,2,0,15 16,1,24,,39506,2,0,15 16,1
6603,'CPSunday',456,,39507,2,0,15 16,1,60,,39508,2,0,15 16,1,20,,39509,2,0,15 16,1,22,,39510,2,0,15 16,1,62,,39511,2,0,15 16,1,22,,39512,2,0,15 16,1,62,,39513,2,0,15 16,1,22,,39514,2,0,15 16,1,22,,39515,2,0,15 16,1,62,,39516,2,0,15 16,1,22,,39517,2,0,15 16,1,22,,39518,2,0,15 16,1,62,,39519,2,0,15 16,1,22,,39520,2,0,15 16,1,62,,39521,2,0,15 16,1,16,,39522,2,0,15 16,1,15,,39523,2,0,15 16,1,15,,39524,2,0,15 16,1,55,,39525,2,0,15 16,1,15,,39526,2,0,15 16,1,15,,39527,2,0,15 16,1,15,,39528,2,0,15 16,1,56,,39529,2,0,15 16,1,14,,39530,2,0,15 16,1,14,,39531,2,0,15 16,1,14,,39532,2,0,15 16,1,14,,39533,2,0,15 16,1,54,,39534,2,0,15 16,1,12,,39535,2,0,15 16,1,12,,39536,2,0,15 16,1,12,,39537,2,0,15 16,1,52,,39538,2,0,15 16,1,12,,39539,2,0,15 16,1,14,,39540,2,0,15 16,1,14,,39541,2,0,15 16,1,12,,39542,2,0,15 16,1,52,,39543,2,0,15 16,1,12,,39544,2,0,15 16,1,12,,39545,2,0,15 16,1,12,,39546,2,0,15 16,1,12,,39547,2,0,15 16,1,52,,39548,2,0,15 16,1,12,,39549,2,0,15 16,1,12,,39550,2,0,15 16,1,12,,39551,2,0,15 16,1,12,,39552,2,0,15 16,1,52,,39553,2,0,15 16,1,12,,39554,2,0,15 16,1,12,,39555,2,0,15 16,1,12,,39556,2,0,15 16,1,12,,39557,2,0,15 16,1,52,,39558,2,0,15 16,1,12,,39559,2,0,15 16,1,12,,39560,2,0,15 16,1,12,,39561,2,0,15 16,1,12,,39562,2,0,15 16,1,55,,39563,2,0,15 16,1,15,,39564,2,0,15 16,1,15,,39565,2,0,15 16,1,14,,39566,2,0,15 16,1,53,,39567,2,0,15 16,1,14,,39568,2,0,15 16,1,14,,39569,2,0,15 16,1,14,,39570,2,0,15 16,1,55,,39571,2,0,15 16,1,15,,39572,2,0,15 16,1,15,,39573,2,0,15 16,1,15,,39574,2,0,15 16,1,55,,39575,2,0,15 16,1,20,,39576,2,0,15 16,1,20,,39577,2,0,15 16,1,60,,39578,2,0,15 16,1,20,,39579,2,0,15 16,1,20,,39580,2,0,15 16,1,60,,39581,2,0,15 16,1,20,,39582,2,0,15 16,1,20,,39583,2,0,15 16,1,60,,39584,2,0,15 16,1
6603,'CPWeekday',506,,39585,2,0,15 16,1,15,,39586,2,0,15 16,1,15,,39587,2,0,15 16,1,15,,39588,2,0,15 16,1,54,,39589,2,0,15 16,1,12,,39590,2,0,15 16,1,12,,39591,2,0,15 16,1,12,,39592,2,0,15 16,1,12,,39593,2,0,15 16,1,53,,39594,2,0,15 16,1,12,,39595,2,0,15 16,1,12,,39596,2,0,15 16,1,12,,39597,2,0,15 16,1,12,,39598,2,0,15 16,1,52,,39599,2,0,15 16,1,12,,39600,2,0,15 16,1,10,,39601,2,0,15 16,1,10,,39602,2,0,15 16,1,10,,39603,2,0,15 16,1,10,,39604,2,0,15 16,1,52,,39605,2,0,15 16,1,12,,39606,2,0,15 16,1,12,,39607,2,0,15 16,1,12,,39608,2,0,15 16,1,12,,39609,2,0,15 16,1,51,,39610,2,0,15 16,1,10,,39611,2,0,15 16,1,10,,39612,2,0,15 16,1,12,,39613,2,0,15 16,1,12,,39614,2,0,15 16,1,53,,39615,2,0,15 16,1,12,,39616,2,0,15 16,1,12,,39617,2,0,15 16,1,12,,39618,2,0,15 16,1,12,,39619,2,0,15 16,1,50,,39620,2,0,15 16,1,10,,39621,2,0,15 16,1,12,,39622,2,0,15 16,1,12,,39623,2,0,15 16,1,12,,39624,2,0,15 16,1,52,,39625,2,0,15 16,1,12,,39626,2,0,15 16,1,12,,39627,2,0,15 16,1,12,,39628,2,0,15 16,1,12,,39629,2,0,15 16,1,52,,39630,2,0,15 16,1,10,,39631,2,0,15 16,1,10,,39632,2,0,15 16,1,10,,39633,2,0,15 16,1,10,,39634,2,0,15 16,1,8,,39635,2,0,15 16,1,8,,39636,2,0,15 16,1,49,,39637,2,0,15 16,1,10,,39638,2,0,15 16,1,10,,39639,2,0,15 16,1,10,,39640,2,0,15 16,1,10,,39641,2,0,15 16,1,10,,39642,2,0,15 16,1,50,,39643,2,0,15 16,1,10,,39644,2,0,15 16,1,10,,39645,2,0,15 16,1,10,,39646,2,0,15 16,1,10,,39647,2,0,15 16,1,10,,39648,2,0,15 16,1,50,,39649,2,0,15 16,1,10,,39650,2,0,15 16,1,10,,39651,2,0,15 16,1,10,,39652,2,0,15 16,1,10,,39653,2,0,15 16,1,10,,39654,2,0,15 16,1,50,,39655,2,0,15 16,1,10,,39656,2,0,15 16,1,10,,39657,2,0,15 16,1,10,,39658,2,0,15 16,1,10,,39659,2,0,15 16,1,10,,39660,2,0,15 16,1,50,,39661,2,0,15 16,1,12,,39662,2,0,15 16,1,14,,39663,2,0,15 16,1,14,,39664,2,0,15 16,1,12,,39665,2,0,15 16,1,52,,39666,2,0,15 16,1,12,,39667,2,0,15 16,1,11,,39668,2,0,15 16,1,14,,39669,2,0,15 16,1,55,,39670,2,0,15 16,1,14,,39671,2,0,15 16,1,14,,39672,2,0,15 16,1,14,,39673,2,0,15 16,1,14,,39674,2,0,15 16,1,54,,39675,2,0,15 16,1,14,,39676,2,0,15 16,1,14,,39677,2,0,15 16,1,15,,39678,2,0,15 16,1,55,,39679,2,0,15 16,1,14,,39680,2,0,15 16,1,14,,39681,2,0,15 16,1,14,,39682,2,0,15 16,1,55,,39683,2,0,15 16,1,15,,39684,2,0,15 16,1,15,,39685,2,0,15 16,1,15,,39686,2,0,15 16,1,54,,39687,2,0,15 16,1,14,,39688,2,0,15 16,1
