503,'MASaturday',435,,15395,1,0,58,1,65,,15396,1,0,58,1,26,,15397,1,0,58,1,26,,15398,1,0,58,1,66,,15399,1,0,58,1,26,,15400,1,0,58,1,66,,15401,1,0,58,1,28,,15402,1,0,58,1,68,,15403,1,0,58,1,28,,15404,1,0,58,1,68,,15405,1,0,58,1,28,,15406,1,0,58,1,28,,15407,1,0,58,1,64,,15408,1,0,58,1,24,,15409,1,0,58,1,64,,15410,1,0,58,1,24,,15411,1,0,58,1,24,,15412,1,0,58,1,66,,15413,1,0,58,1,26,,15414,1,0,58,1,66,,15415,1,0,58,1,26,,15416,1,0,58,1,66,,15417,1,0,58,1,26,,15418,1,0,58,1,66,,15419,1,0,58,1,26,,15420,1,0,58,1,26,,15421,1,0,58,1,66,,15422,1,0,58,1,26,,15423,1,0,58,1,66,,15424,1,0,58,1,26,,15425,1,0,58,1,66,,15426,1,0,58,1,26,,15427,1,0,58,1,26,,15428,1,0,58,1,66,,15429,1,0,58,1,25,,15430,1,0,58,1,65,,15431,1,0,58,1,25,,15432,1,0,58,1,66,,15433,1,0,58,1,26,,15434,1,0,58,1,80,,15435,1,0,58,1,40,,15436,1,0,58,1,74,,15437,1,0,58,1,34,,15438,1,0,58,1,75,,15439,1,0,58,1
503,'MASunday',615,,15440,1,0,58,1,28,,15441,1,0,58,1,68,,15442,1,0,58,1,28,,15443,1,0,58,1,68,,15444,1,0,58,1,28,,15445,1,0,58,1,70,,15446,1,0,58,1,30,,15447,1,0,58,1,70,,15448,1,0,58,1,30,,15449,1,0,58,1,70,,15450,1,0,58,1,30,,15451,1,0,58,1,72,,15452,1,0,58,1,32,,15453,1,0,58,1,72,,15454,1,0,58,1,34,,15455,1,0,58,1,74,,15456,1,0,58,1,34,,15457,1,0,58,1,74,,15458,1,0,58,1,32,,15459,1,0,58,1,72,,15460,1,0,58,1,72,,15461,1,0,58,1,32,,15462,1,0,58,1,72,,15463,1,0,58,1,32,,15464,1,0,58,1,70,,15465,1,0,58,1,30,,15466,1,0,58,1,70,,15467,1,0,58,1,30,,15468,1,0,58,1,66,,15469,1,0,58,1,25,,15470,1,0,58,1
503,'MAWeekday',400,,15471,1,0,58,1,30,,15472,1,0,58,1,25,,15473,1,0,58,1,65,,15474,1,0,58,1,20,,15475,1,0,58,1,60,,15476,1,0,58,1,15,,15477,1,0,58,1,15,,15478,1,0,58,1,15,,15479,1,0,58,1,55,,15480,1,0,58,1,15,,15481,1,0,58,1,15,,15482,1,0,58,1,15,,15483,1,0,58,1,55,,15484,1,0,58,1,15,,15485,1,0,58,1,15,,15486,1,0,58,1,15,,15487,1,0,58,1,55,,15488,1,0,58,1,15,,15489,1,0,58,1,15,,15490,1,0,58,1,15,,15491,1,0,58,1,55,,15492,1,0,58,1,15,,15493,1,0,58,1,15,,15494,1,0,58,1,15,,15495,1,0,58,1,55,,15496,1,0,58,1,15,,15497,1,0,58,1,15,,15498,1,0,58,1,14,,15499,1,0,58,1,14,,15500,1,0,58,1,54,,15501,1,0,58,1,14,,15502,1,0,58,1,14,,15503,1,0,58,1,15,,15504,1,0,58,1,55,,15505,1,0,58,1,15,,15506,1,0,58,1,15,,15507,1,0,58,1,15,,15508,1,0,58,1,55,,15509,1,0,58,1,15,,15510,1,0,58,1,15,,15511,1,0,58,1,15,,15512,1,0,58,1,55,,15513,1,0,58,1,15,,15514,1,0,58,1,15,,15515,1,0,58,1,15,,15516,1,0,58,1,55,,15517,1,0,58,1,15,,15518,1,0,58,1,15,,15519,1,0,58,1,15,,15520,1,0,58,1,55,,15521,1,0,58,1,15,,15522,1,0,58,1,15,,15523,1,0,58,1,15,,15524,1,0,58,1,55,,15525,1,0,58,1,20,,15526,1,0,58,1,20,,15527,1,0,58,1,60,,15528,1,0,58,1,20,,15529,1,0,58,1,18,,15530,1,0,58,1,64,,15531,1,0,58,1,24,,15532,1,0,58,1,64,,15533,1,0,58,1,32,,15534,1,0,58,1,74,,15535,1,0,58,1,40,,15536,1,0,58,1,80,,15537,1,0,58,1,78,,15538,1,0,58,1,38,,15539,1,0,58,1,78,,15540,1,0,58,1,36,,15541,1,0,58,1
503,'MAHoliday1',555,,25674,1,0,58,1,65,,25675,1,0,58,1,25,,25676,1,0,58,1,66,,25677,1,0,58,1,28,,25678,1,0,58,1,68,,25679,1,0,58,1,28,,25680,1,0,58,1,70,,25681,1,0,58,1,30,,25682,1,0,58,1,65,,25683,1,0,58,1,20,,25684,1,0,58,1,20,,25685,1,0,58,1,60,,25686,1,0,58,1,20,,25687,1,0,58,1,20,,25688,1,0,58,1,60,,25689,1,0,58,1,20,,25690,1,0,58,1,20,,25691,1,0,58,1,60,,25692,1,0,58,1,20,,25693,1,0,58,1,20,,25694,1,0,58,1,18,,25695,1,0,58,1,58,,25696,1,0,58,1,18,,25697,1,0,58,1,18,,25698,1,0,58,1,58,,25699,1,0,58,1,20,,25700,1,0,58,1,20,,25701,1,0,58,1,60,,25702,1,0,58,1,18,,25703,1,0,58,1,18,,25704,1,0,58,1,58,,25705,1,0,58,1,18,,25706,1,0,58,1,18,,25707,1,0,58,1,60,,25708,1,0,58,1,20,,25709,1,0,58,1,20,,25710,1,0,58,1,60,,25711,1,0,58,1,30,,25712,1,0,58,1,70,,25713,1,0,58,1,30,,25714,1,0,58,1,70,,25715,1,0,58,1,30,,25716,1,0,58,1,70,,25717,1,0,58,1
504,'MASaturday',608,,15542,51,4,,1,27,,15543,51,4,,1,66,,15544,51,4,,1,26,,15545,51,4,,1,28,,15546,51,4,,1,68,,15547,51,4,,1,29,,15548,51,4,,1,70,,15549,51,4,,1,29,,15550,51,4,,1,60,,15551,51,4,,1,20,,15552,51,4,,1,24,,15553,51,4,,1,64,,15554,51,4,,1,28,,15555,51,4,,1,67,,15556,51,4,,1,27,,15557,51,4,,1,66,,15558,51,4,,1,27,,15559,51,4,,1,66,,15560,51,4,,1,26,,15561,51,4,,1,26,,15562,51,4,,1,66,,15563,51,4,,1,26,,15564,51,4,,1,66,,15565,51,4,,1,26,,15566,51,4,,1,66,,15567,51,4,,1,26,,15568,51,4,,1,26,,15569,51,4,,1,65,,15570,51,4,,1,25,,15571,51,4,,1,65,,15572,51,4,,1,25,,15573,51,4,,1,25,,15574,51,4,,1,63,,15575,51,4,,1,25,,15576,51,4,,1,65,,15577,51,4,,1,24,,15578,51,4,,1,22,,15579,51,4,,1,60,,15580,51,4,,1,22,,15581,51,4,,1,73,,15582,51,4,,1,31,,15583,51,4,,1,75,,15584,51,4,,1,35,,15585,51,4,,1,77,,15586,51,4,,1
504,'MASunday',754,,15587,51,4,,1,66,,15588,51,4,,1,30,,15589,51,4,,1,70,,15590,51,4,,1,34,,15591,51,4,,1,70,,15592,51,4,,1,30,,15593,51,4,,1,72,,15594,51,4,,1,30,,15595,51,4,,1,74,,15596,51,4,,1,72,,15597,51,4,,1,34,,15598,51,4,,1,72,,15599,51,4,,1,32,,15600,51,4,,1,72,,15601,51,4,,1,33,,15602,51,4,,1,75,,15603,51,4,,1,34,,15604,51,4,,1,72,,15605,51,4,,1,32,,15606,51,4,,1,71,,15607,51,4,,1,71,,15608,51,4,,1,29,,15609,51,4,,1,30,,15610,51,4,,1,69,,15611,51,4,,1,27,,15612,51,4,,1,67,,15613,51,4,,1,27,,15614,51,4,,1,65,,15615,51,4,,1,26,,15616,51,4,,1,65,,15617,51,4,,1
504,'MAWeekday',443,,15618,51,4,,1,69,,15619,51,4,,1,30,,15620,51,4,,1,66,,15621,51,4,,1,23,,15622,51,4,,1,17,,15623,51,4,,1,56,,15624,51,4,,1,14,,15625,51,4,,1,14,,15626,51,4,,1,15,,15627,51,4,,1,56,,15628,51,4,,1,16,,15629,51,4,,1,15,,15630,51,4,,1,14,,15631,51,4,,1,54,,15632,51,4,,1,15,,15633,51,4,,1,14,,15634,51,4,,1,15,,15635,51,4,,1,54,,15636,51,4,,1,15,,15637,51,4,,1,16,,15638,51,4,,1,15,,15639,51,4,,1,55,,15640,51,4,,1,14,,15641,51,4,,1,15,,15642,51,4,,1,14,,15643,51,4,,1,14,,15644,51,4,,1,55,,15645,51,4,,1,15,,15646,51,4,,1,14,,15647,51,4,,1,15,,15648,51,4,,1,55,,15649,51,4,,1,16,,15650,51,4,,1,14,,15651,51,4,,1,16,,15652,51,4,,1,55,,15653,51,4,,1,14,,15654,51,4,,1,16,,15655,51,4,,1,14,,15656,51,4,,1,54,,15657,51,4,,1,15,,15658,51,4,,1,16,,15659,51,4,,1,16,,15660,51,4,,1,56,,15661,51,4,,1,15,,15662,51,4,,1,16,,15663,51,4,,1,55,,15664,51,4,,1,16,,15665,51,4,,1,15,,15666,51,4,,1,16,,15667,51,4,,1,55,,15668,51,4,,1,16,,15669,51,4,,1,15,,15670,51,4,,1,15,,15671,51,4,,1,55,,15672,51,4,,1,13,,15673,51,4,,1,21,,15674,51,4,,1,65,,15675,51,4,,1,23,,15676,51,4,,1,24,,15677,51,4,,1,66,,15678,51,4,,1,26,,15679,51,4,,1,70,,15680,51,4,,1,29,,15681,51,4,,1,76,,15682,51,4,,1,35,,15683,51,4,,1,76,,15684,51,4,,1,75,,15685,51,4,,1,33,,15686,51,4,,1,75,,15687,51,4,,1
504,'MAHoliday1',637,,25718,51,4,,1,65,,25719,51,4,,1,26,,25720,51,4,,1,26,,25721,51,4,,1,66,,25722,51,4,,1,30,,25723,51,4,,1,70,,25724,51,4,,1,34,,25725,51,4,,1,70,,25726,51,4,,1,25,,25727,51,4,,1,61,,25728,51,4,,1,21,,25729,51,4,,1,20,,25730,51,4,,1,61,,25731,51,4,,1,21,,25732,51,4,,1,20,,25733,51,4,,1,60,,25734,51,4,,1,18,,25735,51,4,,1,18,,25736,51,4,,1,58,,25737,51,4,,1,18,,25738,51,4,,1,18,,25739,51,4,,1,58,,25740,51,4,,1,18,,25741,51,4,,1,18,,25742,51,4,,1,18,,25743,51,4,,1,60,,25744,51,4,,1,20,,25745,51,4,,1,20,,25746,51,4,,1,58,,25747,51,4,,1,18,,25748,51,4,,1,18,,25749,51,4,,1,58,,25750,51,4,,1,17,,25751,51,4,,1,19,,25752,51,4,,1,60,,25753,51,4,,1,16,,25754,51,4,,1,15,,25755,51,4,,1,16,,25756,51,4,,1,69,,25757,51,4,,1,29,,25758,51,4,,1,70,,25759,51,4,,1,28,,25760,51,4,,1,69,,25761,51,4,,1,25,,25762,51,4,,1,65,,25763,51,4,,1
2301,'CPSaturday',545,,18489,46,4,,1,66,,18490,46,4,,1,29,,18491,46,4,,1,69,,18492,46,4,,1,28,,18493,46,4,,1,68,,18494,46,4,,1,29,,18495,46,4,,1,69,,18496,46,4,,1,29,,18497,46,4,,1,69,,18498,46,4,,1,29,,18499,46,4,,1,22,,18500,46,4,,1,67,,18501,46,4,,1,24,,18502,46,4,,1,65,,18503,46,4,,1,24,,18504,46,4,,1,24,,18505,46,4,,1,67,,18506,46,4,,1,26,,18507,46,4,,1,66,,18508,46,4,,1,26,,18509,46,4,,1,66,,18510,46,4,,1,26,,18511,46,4,,1,26,,18512,46,4,,1,66,,18513,46,4,,1,25,,18514,46,4,,1,65,,18515,46,4,,1,25,,18516,46,4,,1,65,,18517,46,4,,1,25,,18518,46,4,,1,25,,18519,46,4,,1,65,,18520,46,4,,1,24,,18521,46,4,,1,65,,18522,46,4,,1,30,,18523,46,4,,1,69,,18524,46,4,,1,29,,18525,46,4,,1,70,,18526,46,4,,1,27,,18527,46,4,,1,68,,18528,46,4,,1,26,,18529,46,4,,1,26,,18530,46,4,,1,65,,18531,46,4,,1,25,,18532,46,4,,1,64,,18533,46,4,,1
2301,'CPSunday',817,,18542,46,4,,1,29,,18543,46,4,,1,69,,18544,46,4,,1,28,,18545,46,4,,1,69,,18546,46,4,,1,29,,18547,46,4,,1,60,,18548,46,4,,1,20,,18549,46,4,,1,23,,18550,46,4,,1,65,,18551,46,4,,1,24,,18552,46,4,,1,25,,18553,46,4,,1,64,,18554,46,4,,1,25,,18555,46,4,,1,64,,18556,46,4,,1,24,,18557,46,4,,1,24,,18558,46,4,,1,66,,18559,46,4,,1,25,,18560,46,4,,1,65,,18561,46,4,,1,25,,18562,46,4,,1,65,,18563,46,4,,1,23,,18564,46,4,,1,24,,18565,46,4,,1,63,,18566,46,4,,1,24,,18567,46,4,,1,65,,18568,46,4,,1,25,,18534,46,4,,1,28,,18535,46,4,,1,72,,18536,46,4,,1,71,,18537,46,4,,1,32,,18538,46,4,,1,69,,18539,46,4,,1,29,,18540,46,4,,1,70,,18541,46,4,,1
2301,'CPWeekday',450,,18611,46,4,,1,60,,18594,46,4,,1,23,,18592,46,4,,1,21,,18591,46,4,,1,62,,18608,46,4,,1,23,,18595,46,4,,1,63,,18590,46,4,,1,27,,18579,46,4,,1,24,,18609,46,4,,1,64,,18596,46,4,,1,27,,18577,46,4,,1,65,,18576,46,4,,1,26,,18610,46,4,,1,66,,18597,46,4,,1,27,,18580,46,4,,1,26,,18575,46,4,,1,64,,18612,46,4,,1,23,,18593,46,4,,1,65,,18578,46,4,,1,26,,18574,46,4,,1,26,,18616,46,4,,1,65,,18601,46,4,,1,27,,18582,46,4,,1,66,,18573,46,4,,1,26,,18614,46,4,,1,67,,18604,46,4,,1,27,,18584,46,4,,1,66,,18572,46,4,,1,26,,18613,46,4,,1,29,,18602,46,4,,1,68,,18583,46,4,,1,28,,18571,46,4,,1,65,,18615,46,4,,1,28,,18605,46,4,,1,65,,18581,46,4,,1,28,,18570,46,4,,1,75,,18603,46,4,,1,30,,18585,46,4,,1,70,,18569,46,4,,1,30,,18606,46,4,,1,75,,18586,46,4,,1,82,,18600,46,4,,1,42,,18587,46,4,,1,79,,18598,46,4,,1,35,,18588,46,4,,1,76,,18599,46,4,,1,74,,18589,46,4,,1,34,,18607,46,4,,1
2301,'CPHoliday1',817,,26416,46,4,,1,29,,26417,46,4,,1,69,,26418,46,4,,1,28,,26419,46,4,,1,69,,26420,46,4,,1,29,,26421,46,4,,1,60,,26422,46,4,,1,20,,26423,46,4,,1,23,,26424,46,4,,1,65,,26425,46,4,,1,24,,26426,46,4,,1,25,,26427,46,4,,1,64,,26428,46,4,,1,25,,26429,46,4,,1,64,,26430,46,4,,1,24,,26431,46,4,,1,24,,26432,46,4,,1,66,,26433,46,4,,1,25,,26434,46,4,,1,65,,26435,46,4,,1,25,,26436,46,4,,1,65,,26437,46,4,,1,23,,26438,46,4,,1,24,,26439,46,4,,1,63,,26440,46,4,,1,24,,26441,46,4,,1,65,,26442,46,4,,1,25,,26408,46,4,,1,28,,26409,46,4,,1,72,,26410,46,4,,1,71,,26411,46,4,,1,32,,26412,46,4,,1,69,,26413,46,4,,1,29,,26414,46,4,,1,70,,26415,46,4,,1
2302,'CPSaturday',530,,18617,1,0,6 7,1,26,,18618,1,0,6 7,1,66,,18619,1,0,6 7,1,28,,18620,1,0,6 7,1,68,,18621,1,0,6 7,1,28,,18622,1,0,6 7,1,68,,18623,1,0,6 7,1,28,,18624,1,0,6 7,1,68,,18625,1,0,6 7,1,22,,18626,1,0,6 7,1,22,,18627,1,0,6 7,1,62,,18628,1,0,6 7,1,22,,18629,1,0,6 7,1,64,,18630,1,0,6 7,1,25,,18631,1,0,6 7,1,25,,18632,1,0,6 7,1,65,,18633,1,0,6 7,1,25,,18634,1,0,6 7,1,65,,18635,1,0,6 7,1,25,,18636,1,0,6 7,1,26,,18637,1,0,6 7,1,66,,18638,1,0,6 7,1,26,,18639,1,0,6 7,1,66,,18640,1,0,6 7,1,26,,18641,1,0,6 7,1,66,,18642,1,0,6 7,1,26,,18643,1,0,6 7,1,66,,18644,1,0,6 7,1,26,,18645,1,0,6 7,1,26,,18646,1,0,6 7,1,66,,18647,1,0,6 7,1,26,,18648,1,0,6 7,1,64,,18649,1,0,6 7,1,24,,18650,1,0,6 7,1,24,,18651,1,0,6 7,1,64,,18652,1,0,6 7,1,30,,18653,1,0,6 7,1,70,,18654,1,0,6 7,1,28,,18655,1,0,6 7,1,68,,18656,1,0,6 7,1,28,,18657,1,0,6 7,1,66,,18658,1,0,6 7,1,26,,18659,1,0,6 7,1,65,,18660,1,0,6 7,1,25,,18661,1,0,6 7,1,25,,18662,1,0,6 7,1,64,,18663,1,0,6 7,1
2302,'CPSunday',730,,18685,1,0,6 7,1,28,,18686,1,0,6 7,1,68,,18687,1,0,6 7,1,28,,18688,1,0,6 7,1,68,,18689,1,0,6 7,1,28,,18690,1,0,6 7,1,68,,18691,1,0,6 7,1,28,,18692,1,0,6 7,1,62,,18693,1,0,6 7,1,22,,18694,1,0,6 7,1,24,,18695,1,0,6 7,1,64,,18696,1,0,6 7,1,24,,18697,1,0,6 7,1,64,,18698,1,0,6 7,1,24,,18664,1,0,6 7,1,24,,18665,1,0,6 7,1,64,,18666,1,0,6 7,1,24,,18667,1,0,6 7,1,65,,18668,1,0,6 7,1,25,,18669,1,0,6 7,1,25,,18670,1,0,6 7,1,65,,18671,1,0,6 7,1,25,,18672,1,0,6 7,1,65,,18673,1,0,6 7,1,25,,18674,1,0,6 7,1,65,,18675,1,0,6 7,1,25,,18676,1,0,6 7,1,22,,18677,1,0,6 7,1,62,,18678,1,0,6 7,1,30,,18679,1,0,6 7,1,70,,18680,1,0,6 7,1,30,,18681,1,0,6 7,1,70,,18682,1,0,6 7,1,30,,18683,1,0,6 7,1,72,,18684,1,0,6 7,1
2302,'CPWeekday',452,,18737,1,0,6 7,1,64,,18723,1,0,6 7,1,28,,18722,1,0,6 7,1,62,,18721,1,0,6 7,1,22,,18742,1,0,6 7,1,22,,18729,1,0,6 7,1,64,,18711,1,0,6 7,1,24,,18707,1,0,6 7,1,64,,18739,1,0,6 7,1,24,,18726,1,0,6 7,1,26,,18708,1,0,6 7,1,66,,18705,1,0,6 7,1,26,,18740,1,0,6 7,1,66,,18727,1,0,6 7,1,26,,18709,1,0,6 7,1,66,,18706,1,0,6 7,1,26,,18741,1,0,6 7,1,26,,18730,1,0,6 7,1,62,,18712,1,0,6 7,1,24,,18704,1,0,6 7,1,66,,18738,1,0,6 7,1,26,,18728,1,0,6 7,1,26,,18710,1,0,6 7,1,66,,18703,1,0,6 7,1,26,,18743,1,0,6 7,1,66,,18725,1,0,6 7,1,30,,18713,1,0,6 7,1,66,,18702,1,0,6 7,1,28,,18744,1,0,6 7,1,68,,18731,1,0,6 7,1,28,,18714,1,0,6 7,1,66,,18700,1,0,6 7,1,24,,18745,1,0,6 7,1,28,,18732,1,0,6 7,1,68,,18715,1,0,6 7,1,30,,18701,1,0,6 7,1,70,,18733,1,0,6 7,1,30,,18718,1,0,6 7,1,70,,18699,1,0,6 7,1,28,,18736,1,0,6 7,1,80,,18716,1,0,6 7,1,80,,18734,1,0,6 7,1,40,,18717,1,0,6 7,1,80,,18735,1,0,6 7,1,76,,18720,1,0,6 7,1,34,,18724,1,0,6 7,1,74,,18719,1,0,6 7,1
2302,'CPHoliday1',730,,26464,1,0,6 7,1,28,,26465,1,0,6 7,1,68,,26466,1,0,6 7,1,28,,26467,1,0,6 7,1,68,,26468,1,0,6 7,1,28,,26469,1,0,6 7,1,68,,26470,1,0,6 7,1,28,,26471,1,0,6 7,1,62,,26472,1,0,6 7,1,22,,26473,1,0,6 7,1,24,,26474,1,0,6 7,1,64,,26475,1,0,6 7,1,24,,26476,1,0,6 7,1,64,,26477,1,0,6 7,1,24,,26443,1,0,6 7,1,24,,26444,1,0,6 7,1,64,,26445,1,0,6 7,1,24,,26446,1,0,6 7,1,65,,26447,1,0,6 7,1,25,,26448,1,0,6 7,1,25,,26449,1,0,6 7,1,65,,26450,1,0,6 7,1,25,,26451,1,0,6 7,1,65,,26452,1,0,6 7,1,25,,26453,1,0,6 7,1,65,,26454,1,0,6 7,1,25,,26455,1,0,6 7,1,22,,26456,1,0,6 7,1,62,,26457,1,0,6 7,1,30,,26458,1,0,6 7,1,70,,26459,1,0,6 7,1,30,,26460,1,0,6 7,1,70,,26461,1,0,6 7,1,30,,26462,1,0,6 7,1,72,,26463,1,0,6 7,1
