4503,'CPHoliday1',816,,37598,18,0,5,1,35,,37599,18,0,5,1,75,,37600,18,0,5,1,75,,37601,18,0,5,1,36,,37602,18,0,5,1,75,,37603,18,0,5,1,40,,37604,18,0,5,1,80,,37605,18,0,5,1,81,,37606,18,0,5,1,40,,37607,18,0,5,1,81,,37608,18,0,5,1,80,,37609,18,0,5,1,40,,37610,18,0,5,1,80,,37611,18,0,5,1,80,,37612,18,0,5,1,38,,37613,18,0,5,1,80,,37614,18,0,5,1,80,,37615,18,0,5,1,40,,37616,18,0,5,1,80,,37617,18,0,5,1,79,,37618,18,0,5,1,35,,37619,18,0,5,1,75,,37620,18,0,5,1
4503,'CPSaturday',642,,37621,18,0,5,1,75,,37622,18,0,5,1,35,,37623,18,0,5,1,75,,37624,18,0,5,1,80,,37625,18,0,5,1,40,,37626,18,0,5,1,80,,37627,18,0,5,1,80,,37628,18,0,5,1,40,,37629,18,0,5,1,83,,37630,18,0,5,1,83,,37631,18,0,5,1,42,,37632,18,0,5,1,82,,37633,18,0,5,1,83,,37634,18,0,5,1,82,,37635,18,0,5,1,42,,37636,18,0,5,1,82,,37637,18,0,5,1,82,,37638,18,0,5,1,41,,37639,18,0,5,1,80,,37640,18,0,5,1,78,,37641,18,0,5,1,37,,37642,18,0,5,1,78,,37643,18,0,5,1,35,,37644,18,0,5,1,84,,37645,18,0,5,1
4503,'CPSunday',816,,37646,18,0,5,1,35,,37647,18,0,5,1,75,,37648,18,0,5,1,75,,37649,18,0,5,1,36,,37650,18,0,5,1,75,,37651,18,0,5,1,40,,37652,18,0,5,1,80,,37653,18,0,5,1,81,,37654,18,0,5,1,40,,37655,18,0,5,1,81,,37656,18,0,5,1,80,,37657,18,0,5,1,40,,37658,18,0,5,1,80,,37659,18,0,5,1,80,,37660,18,0,5,1,38,,37661,18,0,5,1,80,,37662,18,0,5,1,80,,37663,18,0,5,1,40,,37664,18,0,5,1,80,,37665,18,0,5,1,79,,37666,18,0,5,1,35,,37667,18,0,5,1,75,,37668,18,0,5,1
4503,'CPWeekday',502,,37670,18,0,5,1,40,,37671,18,0,5,1,70,,37673,18,0,5,1,39,,37675,18,0,5,1,84,,37677,18,0,5,1,80,,37679,18,0,5,1,34,,37681,18,0,5,1,82,,37683,18,0,5,1,18,,37684,18,0,5,1,64,,37685,18,0,5,1,32,,37686,18,0,5,1,72,,37687,18,0,5,1,32,,37688,18,0,5,1,72,,37689,18,0,5,1,32,,37690,18,0,5,1,70,,37691,18,0,5,1,30,,37692,18,0,5,1,89,,37694,18,0,5,1,75,,37696,18,0,5,1,40,,37698,18,0,5,1,78,,37700,18,0,5,1,65,,37669,18,0,5,1,11,,37702,18,0,5,1,36,,37704,18,0,5,1,74,,37706,18,0,5,1,82,,37708,18,0,5,1,22,,37709,18,0,5,1,21,,37710,18,0,5,1,62,,37711,18,0,5,1,22,,37712,18,0,5,1,23,,37713,18,0,5,1,68,,37714,18,0,5,1,28,,37715,18,0,5,1,66,,37716,18,0,5,1,28,,37717,18,0,5,1,68,,37718,18,0,5,1,30,,37719,18,0,5,1,69,,37720,18,0,5,1
4504,'CPHoliday1',816,,37721,31,0,6 7,1,35,,37722,31,0,6 7,1,76,,37723,31,0,6 7,1,76,,37724,31,0,6 7,1,35,,37725,31,0,6 7,1,77,,37726,31,0,6 7,1,40,,37727,31,0,6 7,1,80,,37728,31,0,6 7,1,80,,37729,31,0,6 7,1,41,,37730,31,0,6 7,1,80,,37731,31,0,6 7,1,80,,37732,31,0,6 7,1,40,,37733,31,0,6 7,1,80,,37734,31,0,6 7,1,80,,37735,31,0,6 7,1,38,,37736,31,0,6 7,1,79,,37737,31,0,6 7,1,80,,37738,31,0,6 7,1,40,,37739,31,0,6 7,1,79,,37740,31,0,6 7,1,79,,37741,31,0,6 7,1,39,,37742,31,0,6 7,1
4504,'CPSaturday',607,,37743,31,0,6 7,1,36,,37744,31,0,6 7,1,77,,37745,31,0,6 7,1,35,,37746,31,0,6 7,1,79,,37747,31,0,6 7,1,74,,37748,31,0,6 7,1,41,,37749,31,0,6 7,1,81,,37750,31,0,6 7,1,80,,37751,31,0,6 7,1,42,,37752,31,0,6 7,1,83,,37753,31,0,6 7,1,82,,37754,31,0,6 7,1,83,,37755,31,0,6 7,1,41,,37756,31,0,6 7,1,82,,37757,31,0,6 7,1,81,,37758,31,0,6 7,1,42,,37759,31,0,6 7,1,79,,37760,31,0,6 7,1,82,,37761,31,0,6 7,1,42,,37762,31,0,6 7,1,79,,37763,31,0,6 7,1,79,,37764,31,0,6 7,1,40,,37765,31,0,6 7,1,75,,37766,31,0,6 7,1,34,,37767,31,0,6 7,1
4504,'CPSunday',816,,37768,31,0,6 7,1,35,,37769,31,0,6 7,1,76,,37770,31,0,6 7,1,76,,37771,31,0,6 7,1,35,,37772,31,0,6 7,1,77,,37773,31,0,6 7,1,40,,37774,31,0,6 7,1,80,,37775,31,0,6 7,1,80,,37776,31,0,6 7,1,41,,37777,31,0,6 7,1,80,,37778,31,0,6 7,1,80,,37779,31,0,6 7,1,40,,37780,31,0,6 7,1,80,,37781,31,0,6 7,1,80,,37782,31,0,6 7,1,38,,37783,31,0,6 7,1,79,,37784,31,0,6 7,1,80,,37785,31,0,6 7,1,40,,37786,31,0,6 7,1,79,,37787,31,0,6 7,1,79,,37788,31,0,6 7,1,39,,37789,31,0,6 7,1
4504,'CPWeekday',502,,37790,31,0,6 7,1,33,,37791,31,0,6 7,1,73,,37792,31,0,6 7,1,43,,37794,31,0,6 7,1,81,,37796,31,0,6 7,1,77,,37798,31,0,6 7,1,42,,37800,31,0,6 7,1,76,,37802,31,0,6 7,1,82,,37804,31,0,6 7,1,98,,37806,31,0,6 7,1,31,,37807,31,0,6 7,1,73,,37808,31,0,6 7,1,33,,37809,31,0,6 7,1,72,,37810,31,0,6 7,1,32,,37811,31,0,6 7,1,60,,37812,31,0,6 7,1,23,,37813,31,0,6 7,1,20,,37814,31,0,6 7,1,61,,37815,31,0,6 7,1,34,,37817,31,0,6 7,1,80,,37819,31,0,6 7,1,76,,37821,31,0,6 7,1,35,,37823,31,0,6 7,1,76,,37825,31,0,6 7,1,34,,37827,31,0,6 7,1,75,,37829,31,0,6 7,1,31,,37831,31,0,6 7,1,56,,37832,31,0,6 7,1,19,,37833,31,0,6 7,1,19,,37834,31,0,6 7,1,62,,37835,31,0,6 7,1,28,,37836,31,0,6 7,1,69,,37837,31,0,6 7,1,30,,37838,31,0,6 7,1,70,,37839,31,0,6 7,1,30,,37840,31,0,6 7,1
7101,'CPWeekday',1623,,40156,5,0,43 44,1,20,,40157,5,0,43 44,1,60,,40160,5,0,43 44,1,20,,40158,5,0,43 44,1,30,,40159,5,0,43 44,1
7102,'CPWeekday',800,,40161,22,0,63 64,1,26,,40163,22,0,63 64,1,24,,40162,22,0,63 64,1
