4403,'CPHoliday1',726,,9130,1,0,5,1,82,,9131,1,0,5,1,42,,9129,1,0,5,1,84,,9127,1,0,5,1,70,,9126,1,0,5,1,30,,9128,1,0,5,1,70,,9124,1,0,5,1,31,,9123,1,0,5,1,69,,9125,1,0,5,1,31,,9121,1,0,5,1,71,,9122,1,0,5,1,31,,9119,1,0,5,1,71,,9120,1,0,5,1,31,,9118,1,0,5,1,71,,9117,1,0,5,1,31,,9116,1,0,5,1,71,,9115,1,0,5,1,31,,9114,1,0,5,1,71,,9113,1,0,5,1,45,,9109,1,0,5,1,86,,9110,1,0,5,1,85,,9108,1,0,5,1,85,,9111,1,0,5,1,43,,9107,1,0,5,1,80,,9112,1,0,5,1
4403,'CPSaturday',730,,9154,1,0,5,1,85,,9155,1,0,5,1,85,,9153,1,0,5,1,45,,9151,1,0,5,1,85,,9152,1,0,5,1,85,,9150,1,0,5,1,85,,9149,1,0,5,1,45,,9146,1,0,5,1,70,,9148,1,0,5,1,30,,9147,1,0,5,1,70,,9145,1,0,5,1,32,,9144,1,0,5,1,72,,9143,1,0,5,1,32,,9142,1,0,5,1,72,,9141,1,0,5,1,32,,9139,1,0,5,1,72,,9138,1,0,5,1,32,,9137,1,0,5,1,72,,9140,1,0,5,1,72,,9134,1,0,5,1,44,,9133,1,0,5,1,84,,9135,1,0,5,1,84,,9132,1,0,5,1,42,,9136,1,0,5,1
4403,'CPSunday',726,,9179,1,0,5,1,82,,9180,1,0,5,1,42,,9178,1,0,5,1,84,,9176,1,0,5,1,70,,9175,1,0,5,1,30,,9177,1,0,5,1,70,,9173,1,0,5,1,31,,9172,1,0,5,1,69,,9174,1,0,5,1,31,,9170,1,0,5,1,71,,9171,1,0,5,1,31,,9168,1,0,5,1,71,,9169,1,0,5,1,31,,9167,1,0,5,1,71,,9166,1,0,5,1,31,,9165,1,0,5,1,71,,9164,1,0,5,1,31,,9163,1,0,5,1,71,,9162,1,0,5,1,45,,9158,1,0,5,1,86,,9159,1,0,5,1,85,,9157,1,0,5,1,85,,9160,1,0,5,1,43,,9156,1,0,5,1,80,,9161,1,0,5,1
4403,'CPWeekday',535,,9181,1,0,5,1,22,,9182,1,0,5,1,64,,9183,1,0,5,1,26,,9184,1,0,5,1,66,,9185,1,0,5,1,26,,9186,1,0,5,1,68,,9187,1,0,5,1,28,,9188,1,0,5,1,66,,9189,1,0,5,1,26,,9190,1,0,5,1,26,,9191,1,0,5,1,66,,9192,1,0,5,1,26,,9193,1,0,5,1,65,,9194,1,0,5,1,25,,9195,1,0,5,1,65,,9196,1,0,5,1,25,,9197,1,0,5,1,25,,9198,1,0,5,1,65,,9199,1,0,5,1,25,,9200,1,0,5,1,60,,9201,1,0,5,1,16,,9202,1,0,5,1,16,,9203,1,0,5,1,16,,9204,1,0,5,1,56,,9205,1,0,5,1,16,,9206,1,0,5,1,16,,9207,1,0,5,1,16,,9208,1,0,5,1,56,,9209,1,0,5,1,16,,9210,1,0,5,1,16,,9211,1,0,5,1,16,,9212,1,0,5,1,56,,9213,1,0,5,1,16,,9214,1,0,5,1,18,,9215,1,0,5,1,58,,9216,1,0,5,1,16,,9217,1,0,5,1,16,,9218,1,0,5,1,16,,9219,1,0,5,1,56,,9220,1,0,5,1,16,,9221,1,0,5,1,16,,9222,1,0,5,1,18,,9223,1,0,5,1,62,,9224,1,0,5,1,25,,9225,1,0,5,1,78,,9226,1,0,5,1,88,,9227,1,0,5,1,48,,9228,1,0,5,1,88,,9229,1,0,5,1,88,,9230,1,0,5,1,90,,9231,1,0,5,1
4404,'CPHoliday1',757,,9256,47,4,,1,82,,9257,47,4,,1,85,,9255,47,4,,1,84,,9254,47,4,,1,44,,9253,47,4,,1,73,,9251,47,4,,1,34,,9252,47,4,,1,71,,9249,47,4,,1,71,,9250,47,4,,1,31,,9247,47,4,,1,71,,9248,47,4,,1,31,,9246,47,4,,1,71,,9245,47,4,,1,31,,9244,47,4,,1,71,,9243,47,4,,1,31,,9242,47,4,,1,71,,9241,47,4,,1,30,,9240,47,4,,1,71,,9235,47,4,,1,31,,9236,47,4,,1,85,,9234,47,4,,1,84,,9239,47,4,,1,42,,9233,47,4,,1,80,,9237,47,4,,1,82,,9232,47,4,,1,40,,9238,47,4,,1
4404,'CPSaturday',804,,9283,47,4,,1,45,,9281,47,4,,1,88,,9282,47,4,,1,85,,9279,47,4,,1,85,,9280,47,4,,1,45,,9278,47,4,,1,85,,9276,47,4,,1,70,,9277,47,4,,1,30,,9274,47,4,,1,71,,9275,47,4,,1,31,,9273,47,4,,1,72,,9272,47,4,,1,32,,9271,47,4,,1,72,,9270,47,4,,1,32,,9269,47,4,,1,71,,9266,47,4,,1,32,,9265,47,4,,1,72,,9267,47,4,,1,32,,9264,47,4,,1,70,,9262,47,4,,1,31,,9268,47,4,,1,68,,9260,47,4,,1,84,,9259,47,4,,1,44,,9261,47,4,,1,82,,9258,47,4,,1,82,,9263,47,4,,1
4404,'CPSunday',757,,9308,47,4,,1,82,,9309,47,4,,1,85,,9307,47,4,,1,84,,9306,47,4,,1,44,,9305,47,4,,1,73,,9303,47,4,,1,34,,9304,47,4,,1,71,,9301,47,4,,1,71,,9302,47,4,,1,31,,9299,47,4,,1,71,,9300,47,4,,1,31,,9298,47,4,,1,71,,9297,47,4,,1,31,,9296,47,4,,1,71,,9295,47,4,,1,31,,9294,47,4,,1,71,,9293,47,4,,1,30,,9292,47,4,,1,71,,9287,47,4,,1,31,,9288,47,4,,1,85,,9286,47,4,,1,84,,9291,47,4,,1,42,,9285,47,4,,1,80,,9289,47,4,,1,82,,9284,47,4,,1,40,,9290,47,4,,1
4404,'CPWeekday',522,,9310,47,4,,1,20,,9311,47,4,,1,63,,9312,47,4,,1,25,,9313,47,4,,1,17,,9314,47,4,,1,55,,9315,47,4,,1,16,,9316,47,4,,1,16,,9317,47,4,,1,16,,9318,47,4,,1,56,,9319,47,4,,1,17,,9320,47,4,,1,16,,9321,47,4,,1,16,,9322,47,4,,1,56,,9323,47,4,,1,16,,9324,47,4,,1,16,,9325,47,4,,1,15,,9326,47,4,,1,55,,9327,47,4,,1,15,,9328,47,4,,1,15,,9329,47,4,,1,15,,9330,47,4,,1,62,,9331,47,4,,1,26,,9332,47,4,,1,66,,9333,47,4,,1,26,,9334,47,4,,1,66,,9335,47,4,,1,26,,9336,47,4,,1,26,,9337,47,4,,1,66,,9338,47,4,,1,26,,9339,47,4,,1,68,,9340,47,4,,1,28,,9341,47,4,,1,68,,9342,47,4,,1,28,,9343,47,4,,1,66,,9344,47,4,,1,26,,9345,47,4,,1,26,,9346,47,4,,1,66,,9347,47,4,,1,26,,9348,47,4,,1,65,,9349,47,4,,1,26,,9350,47,4,,1,66,,9351,47,4,,1,24,,9352,47,4,,1,26,,9353,47,4,,1,70,,9354,47,4,,1,78,,9355,47,4,,1,45,,9356,47,4,,1,82,,9357,47,4,,1,85,,9358,47,4,,1,90,,9359,47,4,,1,50,,9360,47,4,,1
12601,'CPWeekday',650,,13849,1,0,65 33 28 66 30,1,60,,13850,1,0,65 33 28 66 30,1,20,,13851,1,0,65 33 28 66 30,1,20,,13852,1,0,65 33 28 66 30,1,60,,13853,1,0,65 33 28 66 30,1,20,,13854,1,0,65 33 28 66 30,1,20,,13855,1,0,65 33 28 66 30,1,60,,13856,1,0,65 33 28 66 30,1,20,,13857,1,0,65 33 28 66 30,1,470,,13858,1,0,65 33 28 66 30,1,20,,13859,1,0,65 33 28 66 30,1,20,,13860,1,0,65 33 28 66 30,1,60,,13861,1,0,65 33 28 66 30,1,20,,13862,1,0,65 33 28 66 30,1,20,,13863,1,0,65 33 28 66 30,1,62,,13864,1,0,65 33 28 66 30,1,22,,13865,1,0,65 33 28 66 30,1,22,,13866,1,0,65 33 28 66 30,1,62,,13867,1,0,65 33 28 66 30,1,22,,13868,1,0,65 33 28 66 30,1,20,,13869,1,0,65 33 28 66 30,1,60,,13870,1,0,65 33 28 66 30,1,20,,13871,1,0,65 33 28 66 30,1,20,,13872,1,0,65 33 28 66 30,1,60,,13873,1,0,65 33 28 66 30,1
12602,'CPWeekday',733,,13874,14,4,,1,22,,13875,14,4,,1,63,,13876,14,4,,1,24,,13877,14,4,,1,61,,13878,14,4,,1,18,,13879,14,4,,1,20,,13880,14,4,,1,60,,13881,14,4,,1,19,,13882,14,4,,1,19,,13883,14,4,,1,19,,13884,14,4,,1,59,,13885,14,4,,1,435,,13886,14,4,,1,62,,13887,14,4,,1,21,,13888,14,4,,1,22,,13889,14,4,,1,61,,13890,14,4,,1,21,,13891,14,4,,1,61,,13892,14,4,,1,18,,13893,14,4,,1,21,,13894,14,4,,1,61,,13895,14,4,,1,17,,13896,14,4,,1,19,,13897,14,4,,1
