601,'CPHoliday1',814,,2144,41,0,19 20,1,42,,2145,41,0,19 20,1,81,,2146,41,0,19 20,1,85,,2147,41,0,19 20,1,82,,2148,41,0,19 20,1,45,,2149,41,0,19 20,1,86,,2150,41,0,19 20,1,86,,2151,41,0,19 20,1,89,,2152,41,0,19 20,1,48,,2153,41,0,19 20,1,87,,2154,41,0,19 20,1,89,,2155,41,0,19 20,1,88,,2156,41,0,19 20,1,87,,2157,41,0,19 20,1,44,,2158,41,0,19 20,1,81,,2159,41,0,19 20,1,81,,2160,41,0,19 20,1,41,,2161,41,0,19 20,1,79,,2162,41,0,19 20,1
601,'CPSaturday',543,,2163,41,0,19 20,1,78,,2164,41,0,19 20,1,38,,2165,41,0,19 20,1,79,,2166,41,0,19 20,1,82,,2167,41,0,19 20,1,81,,2168,41,0,19 20,1,42,,2169,41,0,19 20,1,83,,2170,41,0,19 20,1,87,,2171,41,0,19 20,1,44,,2172,41,0,19 20,1,85,,2173,41,0,19 20,1,87,,2174,41,0,19 20,1,86,,2175,41,0,19 20,1,44,,2176,41,0,19 20,1,84,,2177,41,0,19 20,1,85,,2178,41,0,19 20,1,85,,2179,41,0,19 20,1,44,,2180,41,0,19 20,1,83,,2181,41,0,19 20,1,84,,2182,41,0,19 20,1,84,,2183,41,0,19 20,1,42,,2184,41,0,19 20,1,84,,2185,41,0,19 20,1,82,,2186,41,0,19 20,1,40,,2187,41,0,19 20,1,80,,2188,41,0,19 20,1,80,,2189,41,0,19 20,1
601,'CPSunday',814,,2190,41,0,19 20,1,42,,2191,41,0,19 20,1,81,,2192,41,0,19 20,1,85,,2193,41,0,19 20,1,82,,2194,41,0,19 20,1,45,,2195,41,0,19 20,1,86,,2196,41,0,19 20,1,86,,2197,41,0,19 20,1,89,,2198,41,0,19 20,1,48,,2199,41,0,19 20,1,87,,2200,41,0,19 20,1,89,,2201,41,0,19 20,1,88,,2202,41,0,19 20,1,87,,2203,41,0,19 20,1,44,,2204,41,0,19 20,1,81,,2205,41,0,19 20,1,81,,2206,41,0,19 20,1,41,,2207,41,0,19 20,1,79,,2208,41,0,19 20,1
601,'CPWeekday',528,,2254,41,0,19 20,1,27,,2245,41,0,19 20,1,72,,2243,41,0,19 20,1,28,,2248,41,0,19 20,1,65,,2242,41,0,19 20,1,36,,2241,41,0,19 20,1,70,,2246,41,0,19 20,1,33,,2240,41,0,19 20,1,69,,2239,41,0,19 20,1,29,,2247,41,0,19 20,1,70,,2228,41,0,19 20,1,30,,2226,41,0,19 20,1,70,,2250,41,0,19 20,1,30,,2230,41,0,19 20,1,71,,2225,41,0,19 20,1,30,,2249,41,0,19 20,1,71,,2229,41,0,19 20,1,30,,2224,41,0,19 20,1,71,,2244,41,0,19 20,1,26,,2223,41,0,19 20,1,65,,2231,41,0,19 20,1,24,,2217,41,0,19 20,1,64,,2251,41,0,19 20,1,25,,2216,41,0,19 20,1,66,,2227,41,0,19 20,1,26,,2218,41,0,19 20,1,26,,2252,41,0,19 20,1,65,,2215,41,0,19 20,1,25,,2232,41,0,19 20,1,62,,2220,41,0,19 20,1,22,,2253,41,0,19 20,1,21,,2214,41,0,19 20,1,66,,2234,41,0,19 20,1,27,,2221,41,0,19 20,1,67,,2213,41,0,19 20,1,27,,2236,41,0,19 20,1,67,,2219,41,0,19 20,1,28,,2212,41,0,19 20,1,28,,2233,41,0,19 20,1,66,,2222,41,0,19 20,1,26,,2211,41,0,19 20,1,75,,2237,41,0,19 20,1,35,,2210,41,0,19 20,1,73,,2235,41,0,19 20,1,75,,2209,41,0,19 20,1,36,,2238,41,0,19 20,1
803,'CPSaturday',708,,2802,39,0,19 20,1,42,,2792,39,0,19 20,1,84,,2803,39,0,19 20,1,85,,2798,39,0,19 20,1,86,,2804,39,0,19 20,1,48,,2793,39,0,19 20,1,90,,2805,39,0,19 20,1,90,,2794,39,0,19 20,1,91,,2806,39,0,19 20,1,95,,2799,39,0,19 20,1,93,,2807,39,0,19 20,1,93,,2800,39,0,19 20,1,53,,2811,39,0,19 20,1,92,,2791,39,0,19 20,1,93,,2809,39,0,19 20,1,90,,2801,39,0,19 20,1,88,,2812,39,0,19 20,1,86,,2795,39,0,19 20,1,46,,2813,39,0,19 20,1,86,,2796,39,0,19 20,1,84,,2808,39,0,19 20,1,82,,2797,39,0,19 20,1,43,,2810,39,0,19 20,1
803,'CPWeekday',527,,2842,39,0,19 20,1,31,,2844,39,0,19 20,1,71,,2841,39,0,19 20,1,73,,2843,39,0,19 20,1,36,,2838,39,0,19 20,1,78,,2839,39,0,19 20,1,39,,2840,39,0,19 20,1,76,,2835,39,0,19 20,1,74,,2836,39,0,19 20,1,36,,2837,39,0,19 20,1,76,,2834,39,0,19 20,1,35,,2833,39,0,19 20,1,75,,2832,39,0,19 20,1,77,,2831,39,0,19 20,1,37,,2830,39,0,19 20,1,79,,2829,39,0,19 20,1,85,,2828,39,0,19 20,1,43,,2827,39,0,19 20,1,76,,2826,39,0,19 20,1,80,,2825,39,0,19 20,1,40,,2819,39,0,19 20,1,79,,2824,39,0,19 20,1,32,,2818,39,0,19 20,1,73,,2814,39,0,19 20,1,72,,2823,39,0,19 20,1,41,,2816,39,0,19 20,1,82,,2821,39,0,19 20,1,82,,2817,39,0,19 20,1,42,,2822,39,0,19 20,1,81,,2815,39,0,19 20,1,82,,2820,39,0,19 20,1
2601,'CPHoliday1',637,,5986,7,0,43 44,1,65,,5987,7,0,43 44,1,26,,5989,16,0,43 44,1,25,,5990,16,0,43 44,1,67,,5991,16,0,43 44,1,26,,5992,16,0,43 44,1,67,,5993,16,0,43 44,1,28,,5994,16,0,43 44,1,68,,5995,16,0,43 44,1,28,,5996,16,0,43 44,1,68,,5997,16,0,43 44,1,29,,5998,16,0,43 44,1,67,,5999,16,0,43 44,1,21,,6000,16,0,43 44,1,20,,6001,16,0,43 44,1,63,,6002,16,0,43 44,1,24,,6003,16,0,43 44,1,24,,6004,16,0,43 44,1,65,,6005,16,0,43 44,1,22,,6006,16,0,43 44,1,62,,6007,16,0,43 44,1,22,,6008,16,0,43 44,1,22,,6009,16,0,43 44,1,64,,6010,16,0,43 44,1,25,,6011,16,0,43 44,1,23,,6012,16,0,43 44,1,63,,6013,16,0,43 44,1,24,,6014,16,0,43 44,1,62,,6015,16,0,43 44,1,22,,6016,16,0,43 44,1,22,,6017,16,0,43 44,1,61,,6018,16,0,43 44,1,21,,6019,16,0,43 44,1,26,,6020,16,0,43 44,1,68,,6021,16,0,43 44,1,27,,6022,16,0,43 44,1,68,,6023,16,0,43 44,1,27,,6024,16,0,43 44,1,65,,6025,16,0,43 44,1,26,,6026,16,0,43 44,1,65,,6027,16,0,43 44,1,26,,6028,16,0,43 44,1,26,,6029,16,0,43 44,1,64,,6030,16,0,43 44,1,23,,6031,16,0,43 44,1,64,,6032,16,0,43 44,1
2601,'CPSaturday',450,,6033,16,0,43 44,1,60,,6034,16,0,43 44,1,21,,6035,16,0,43 44,1,20,,6036,16,0,43 44,1,63,,6037,16,0,43 44,1,22,,6038,16,0,43 44,1,22,,6039,16,0,43 44,1,63,,6040,16,0,43 44,1,22,,6041,16,0,43 44,1,64,,6042,16,0,43 44,1,22,,6043,16,0,43 44,1,22,,6044,16,0,43 44,1,65,,6045,16,0,43 44,1,24,,6046,16,0,43 44,1,64,,6047,16,0,43 44,1,25,,6048,16,0,43 44,1,18,,6049,16,0,43 44,1,59,,6050,16,0,43 44,1,19,,6051,16,0,43 44,1,20,,6052,16,0,43 44,1,61,,6053,16,0,43 44,1,19,,6054,16,0,43 44,1,18,,6055,16,0,43 44,1,58,,6056,16,0,43 44,1,16,,6057,16,0,43 44,1,16,,6058,16,0,43 44,1,16,,6059,16,0,43 44,1,56,,6060,16,0,43 44,1,14,,6061,16,0,43 44,1,14,,6062,16,0,43 44,1,14,,6063,16,0,43 44,1,54,,6064,16,0,43 44,1,14,,6065,16,0,43 44,1,14,,6066,16,0,43 44,1,14,,6067,16,0,43 44,1,14,,6068,16,0,43 44,1,54,,6069,16,0,43 44,1,14,,6070,16,0,43 44,1,14,,6071,16,0,43 44,1,15,,6072,16,0,43 44,1,55,,6073,16,0,43 44,1,14,,6074,16,0,43 44,1,15,,6075,16,0,43 44,1,15,,6076,16,0,43 44,1,54,,6077,16,0,43 44,1,14,,6078,16,0,43 44,1,14,,6079,16,0,43 44,1,14,,6080,16,0,43 44,1,52,,6081,16,0,43 44,1,11,,6082,16,0,43 44,1,12,,6083,16,0,43 44,1,16,,6084,16,0,43 44,1,63,,6085,16,0,43 44,1,24,,6086,16,0,43 44,1,24,,6087,16,0,43 44,1,64,,6088,16,0,43 44,1,20,,6089,16,0,43 44,1,18,,6090,16,0,43 44,1,57,,6091,16,0,43 44,1,17,,6092,16,0,43 44,1,18,,6093,16,0,43 44,1,61,,6094,16,0,43 44,1,24,,6095,16,0,43 44,1,24,,6096,16,0,43 44,1,66,,6097,16,0,43 44,1,28,,6098,16,0,43 44,1,66,,6099,16,0,43 44,1,22,,6100,16,0,43 44,1,20,,6101,16,0,43 44,1,59,,6102,16,0,43 44,1,20,,6103,16,0,75 66 76 4 19 24,1
2601,'CPSunday',637,,6104,7,0,43 44,1,65,,6105,7,0,43 44,1,26,,6107,16,0,43 44,1,25,,6108,16,0,43 44,1,67,,6109,16,0,43 44,1,26,,6110,16,0,43 44,1,67,,6111,16,0,43 44,1,28,,6112,16,0,43 44,1,68,,6113,16,0,43 44,1,28,,6114,16,0,43 44,1,68,,6115,16,0,43 44,1,29,,6116,16,0,43 44,1,67,,6117,16,0,43 44,1,21,,6118,16,0,43 44,1,20,,6119,16,0,43 44,1,63,,6120,16,0,43 44,1,24,,6121,16,0,43 44,1,24,,6122,16,0,43 44,1,65,,6123,16,0,43 44,1,22,,6124,16,0,43 44,1,62,,6125,16,0,43 44,1,22,,6126,16,0,43 44,1,22,,6127,16,0,43 44,1,64,,6128,16,0,43 44,1,25,,6129,16,0,43 44,1,23,,6130,16,0,43 44,1,63,,6131,16,0,43 44,1,24,,6132,16,0,43 44,1,62,,6133,16,0,43 44,1,22,,6134,16,0,43 44,1,22,,6135,16,0,43 44,1,61,,6136,16,0,43 44,1,21,,6137,16,0,43 44,1,26,,6138,16,0,43 44,1,68,,6139,16,0,43 44,1,27,,6140,16,0,43 44,1,68,,6141,16,0,43 44,1,27,,6142,16,0,43 44,1,65,,6143,16,0,43 44,1,26,,6144,16,0,43 44,1,65,,6145,16,0,43 44,1,26,,6146,16,0,43 44,1,26,,6147,16,0,43 44,1,64,,6148,16,0,43 44,1,23,,6149,16,0,43 44,1,64,,6150,16,0,43 44,1
37102,'CPWeekday',1403,,13954,27,0,19 20,1
