1304,'CPHoliday1',750,,4155,52,0,6 7,1,78,,4156,52,0,6 7,1,77,,4157,52,0,6 7,1,37,,4158,52,0,6 7,1,77,,4159,52,0,6 7,1,38,,4160,52,0,6 7,1,79,,4161,52,0,6 7,1,82,,4162,52,0,6 7,1,41,,4163,52,0,6 7,1,80,,4164,52,0,6 7,1,79,,4165,52,0,6 7,1,41,,4166,52,0,6 7,1,80,,4167,52,0,6 7,1,80,,4168,52,0,6 7,1,40,,4169,52,0,6 7,1,80,,4170,52,0,6 7,1,79,,4171,52,0,6 7,1,39,,4172,52,0,6 7,1,79,,4173,52,0,6 7,1,79,,4174,52,0,6 7,1,38,,4175,52,0,6 7,1,80,,4176,52,0,6 7,1,74,,4177,52,0,6 7,1,34,,4178,52,0,6 7,1,93,,4179,52,0,6 7,1,93,,4180,52,0,6 7,1,95,,4181,52,0,6 7,1
1304,'CPSaturday',557,,4182,52,0,6 7,1,73,,4183,52,0,6 7,1,74,,4184,52,0,6 7,1,37,,4185,52,0,6 7,1,78,,4186,52,0,6 7,1,36,,4187,52,0,6 7,1,78,,4188,52,0,6 7,1,76,,4189,52,0,6 7,1,37,,4190,52,0,6 7,1,73,,4191,52,0,6 7,1,31,,4192,52,0,6 7,1,71,,4193,52,0,6 7,1,32,,4194,52,0,6 7,1,70,,4195,52,0,6 7,1,32,,4196,52,0,6 7,1,72,,4197,52,0,6 7,1,30,,4198,52,0,6 7,1,72,,4199,52,0,6 7,1,72,,4200,52,0,6 7,1,33,,4201,52,0,6 7,1,72,,4202,52,0,6 7,1,31,,4203,52,0,6 7,1,73,,4204,52,0,6 7,1,28,,4205,52,0,6 7,1,69,,4206,52,0,6 7,1,31,,4207,52,0,6 7,1,70,,4208,52,0,6 7,1,27,,4209,52,0,6 7,1,69,,4210,52,0,6 7,1,29,,4211,52,0,6 7,1,68,,4212,52,0,6 7,1,27,,4213,52,0,6 7,1,74,,4214,52,0,6 7,1,46,,4215,52,0,6 7,1,89,,4216,52,0,6 7,1,94,,4217,52,0,6 7,1
1304,'CPSunday',750,,4218,52,0,6 7,1,78,,4219,52,0,6 7,1,77,,4220,52,0,6 7,1,37,,4221,52,0,6 7,1,77,,4222,52,0,6 7,1,38,,4223,52,0,6 7,1,79,,4224,52,0,6 7,1,82,,4225,52,0,6 7,1,41,,4226,52,0,6 7,1,80,,4227,52,0,6 7,1,79,,4228,52,0,6 7,1,41,,4229,52,0,6 7,1,80,,4230,52,0,6 7,1,80,,4231,52,0,6 7,1,40,,4232,52,0,6 7,1,80,,4233,52,0,6 7,1,79,,4234,52,0,6 7,1,39,,4235,52,0,6 7,1,79,,4236,52,0,6 7,1,79,,4237,52,0,6 7,1,38,,4238,52,0,6 7,1,80,,4239,52,0,6 7,1,74,,4240,52,0,6 7,1,34,,4241,52,0,6 7,1,93,,4242,52,0,6 7,1,93,,4243,52,0,6 7,1,95,,4244,52,0,6 7,1
1304,'CPWeekday',505,,4245,52,0,6 7,1,23,,4246,52,0,6 7,1,23,,4247,52,0,6 7,1,61,,4248,52,0,6 7,1,29,,4249,52,0,6 7,1,67,,4250,52,0,6 7,1,27,,4251,52,0,6 7,1,70,,4252,52,0,6 7,1,28,,4253,52,0,6 7,1,23,,4254,52,0,6 7,1,64,,4255,52,0,6 7,1,26,,4256,52,0,6 7,1,64,,4257,52,0,6 7,1,23,,4258,52,0,6 7,1,26,,4259,52,0,6 7,1,64,,4260,52,0,6 7,1,26,,4261,52,0,6 7,1,67,,4262,52,0,6 7,1,26,,4263,52,0,6 7,1,64,,4264,52,0,6 7,1,24,,4265,52,0,6 7,1,25,,4266,52,0,6 7,1,67,,4267,52,0,6 7,1,29,,4268,52,0,6 7,1,60,,4269,52,0,6 7,1,20,,4270,52,0,6 7,1,23,,4271,52,0,6 7,1,65,,4272,52,0,6 7,1,24,,4273,52,0,6 7,1,65,,4274,52,0,6 7,1,24,,4275,52,0,6 7,1,24,,4276,52,0,6 7,1,63,,4277,52,0,6 7,1,24,,4278,52,0,6 7,1,62,,4279,52,0,6 7,1,23,,4280,52,0,6 7,1,22,,4281,52,0,6 7,1,61,,4282,52,0,6 7,1,21,,4283,52,0,6 7,1,24,,4284,52,0,6 7,1,69,,4285,52,0,6 7,1,29,,4286,52,0,6 7,1,68,,4287,52,0,6 7,1,23,,4288,52,0,6 7,1,64,,4289,52,0,6 7,1,50,,4290,52,0,6 7,1,88,,4291,52,0,6 7,1,95,,4292,52,0,6 7,1,95,,4293,52,0,6 7,1
1402,'CPWeekday',450,,4320,33,0,53 6 7,1,76,,4321,33,0,53 6 7,1,75,,4322,33,0,53 6 7,1,36,,4323,33,0,53 6 7,1,75,,4324,33,0,53 6 7,1,39,,4325,33,0,53 6 7,1,77,,4326,33,0,6 7,1,78,,4327,33,0,6 7,1,15,,4328,33,0,6 7,1,93,,4329,33,0,6 7,1,95,,4330,33,0,6 7,1,95,,4331,33,0,6 7,1,96,,4332,33,0,6 7,1,56,,4333,33,0,6 7,1,93,,4334,33,0,53 6 7,1,85,,4335,33,0,53 6 7,1,81,,4336,33,0,53 6 7,1,39,,4337,33,0,53 6 7,1,82,,4338,33,0,53 6 7,1,79,,4339,33,0,53 6 7,1,36,,4340,33,0,6 7,1,95,,4341,33,0,6 7,1,96,,4342,33,0,6 7,1,98,,4343,33,0,6 7,1,96,,4344,33,0,6 7,1,97,,4345,33,0,6 7,1
2904,'CPHoliday1',731,,6888,44,0,6 7,1,87,,6889,44,0,6 7,1,84,,6890,44,0,6 7,1,46,,6891,44,0,6 7,1,85,,6892,44,0,6 7,1,86,,6893,44,0,6 7,1,88,,6894,44,0,6 7,1,48,,6895,44,0,6 7,1,90,,6896,44,0,6 7,1,91,,6897,44,0,6 7,1,89,,6898,44,0,6 7,1,91,,6899,44,0,6 7,1,89,,6900,44,0,6 7,1,48,,6901,44,0,6 7,1,88,,6902,44,0,6 7,1,86,,6903,44,0,6 7,1,84,,6904,44,0,6 7,1,45,,6905,44,0,6 7,1,86,,6906,44,0,6 7,1,85,,6907,44,0,6 7,1,82,,6908,44,0,6 7,1,40,,6909,44,0,6 7,1,78,,6910,44,0,6 7,1,78,,6911,44,0,6 7,1,35,,6912,44,0,6 7,1
2904,'CPSaturday',530,,6913,44,0,6 7,1,70,,6914,44,0,6 7,1,31,,6915,44,0,6 7,1,70,,6916,44,0,6 7,1,30,,6917,44,0,6 7,1,70,,6918,44,0,6 7,1,31,,6919,44,0,6 7,1,70,,6920,44,0,6 7,1,33,,6921,44,0,6 7,1,73,,6922,44,0,6 7,1,32,,6923,44,0,6 7,1,72,,6924,44,0,6 7,1,32,,6925,44,0,6 7,1,74,,6926,44,0,6 7,1,34,,6927,44,0,6 7,1,73,,6928,44,0,6 7,1,34,,6929,44,0,6 7,1,75,,6930,44,0,6 7,1,75,,6931,44,0,6 7,1,34,,6932,44,0,6 7,1,74,,6933,44,0,6 7,1,35,,6934,44,0,6 7,1,74,,6935,44,0,6 7,1,32,,6936,44,0,6 7,1,74,,6937,44,0,6 7,1,73,,6938,44,0,6 7,1,33,,6939,44,0,6 7,1,73,,6940,44,0,6 7,1,34,,6941,44,0,6 7,1,76,,6942,44,0,6 7,1,88,,6943,44,0,6 7,1,48,,6944,44,0,6 7,1,84,,6945,44,0,6 7,1,81,,6946,44,0,6 7,1,81,,6947,44,0,6 7,1,36,,6948,44,0,6 7,1,78,,6949,44,0,6 7,1
2904,'CPSunday',731,,6950,44,0,6 7,1,87,,6951,44,0,6 7,1,84,,6952,44,0,6 7,1,46,,6953,44,0,6 7,1,85,,6954,44,0,6 7,1,86,,6955,44,0,6 7,1,88,,6956,44,0,6 7,1,48,,6957,44,0,6 7,1,90,,6958,44,0,6 7,1,91,,6959,44,0,6 7,1,89,,6960,44,0,6 7,1,91,,6961,44,0,6 7,1,89,,6962,44,0,6 7,1,48,,6963,44,0,6 7,1,88,,6964,44,0,6 7,1,86,,6965,44,0,6 7,1,84,,6966,44,0,6 7,1,45,,6967,44,0,6 7,1,86,,6968,44,0,6 7,1,85,,6969,44,0,6 7,1,82,,6970,44,0,6 7,1,40,,6971,44,0,6 7,1,78,,6972,44,0,6 7,1,78,,6973,44,0,6 7,1,35,,6974,44,0,6 7,1
2904,'CPWeekday',451,,6975,44,0,6 7,1,71,,6976,44,0,6 7,1,31,,6977,44,0,6 7,1,73,,6978,44,0,6 7,1,77,,6979,44,0,6 7,1,36,,6980,44,0,6 7,1,77,,6981,44,0,6 7,1,34,,6982,44,0,6 7,1,74,,6983,44,0,6 7,1,33,,6984,44,0,6 7,1,74,,6985,44,0,6 7,1,75,,6986,44,0,6 7,1,38,,6987,44,0,6 7,1,76,,6988,44,0,6 7,1,35,,6989,44,0,6 7,1,74,,6990,44,0,6 7,1,76,,6991,44,0,6 7,1,37,,6992,44,0,6 7,1,79,,6993,44,0,6 7,1,38,,6994,44,0,6 7,1,78,,6995,44,0,6 7,1,78,,6996,44,0,6 7,1,37,,6997,44,0,6 7,1,77,,6998,44,0,6 7,1,78,,6999,44,0,6 7,1,36,,7000,44,0,6 7,1,78,,7001,44,0,6 7,1,82,,7002,44,0,6 7,1,47,,7003,44,0,6 7,1,87,,7004,44,0,6 7,1,87,,7005,44,0,6 7,1,88,,7006,44,0,6 7,1,47,,7007,44,0,6 7,1,87,,7008,44,0,6 7,1
4504,'CPWeekday',638,,9556,42,0,53 6 7,1,85,,9558,42,0,53 6 7,1,77,,9560,42,0,53 6 7,1,45,,9562,42,0,53 6 7,1,74,,9564,42,0,53 6 7,1,38,,9566,42,0,53 6 7,1,90,,9568,42,0,53 6 7,1,494,,9579,42,0,53 6 7,1,78,,9581,42,0,53 6 7,1,37,,9583,42,0,53 6 7,1,76,,9585,42,0,53 6 7,1,74,,9587,42,0,53 6 7,1,32,,9589,42,0,53 6 7,1,73,,9591,42,0,53 6 7,1,33,,9593,42,0,53 6 7,1
11004,'CPHoliday1',811,,13710,9,0,49 22 28 50 30,1,31,,13715,9,0,49 22 28 50 30,1,72,,13711,9,0,49 22 28 50 30,1,32,,13704,9,0,49 22 28 50 30,1,73,,13718,9,0,49 22 28 50 30,1,34,,13714,9,0,49 22 28 50 30,1,72,,13691,9,0,49 22 28 50 30,1,24,,13701,9,0,49 22 28 50 30,1,64,,13721,9,0,49 22 28 50 30,1,26,,13708,9,0,49 22 28 50 30,1,66,,13702,9,0,49 22 28 50 30,1,26,,13695,9,0,49 22 28 50 30,1,26,,13716,9,0,49 22 28 50 30,1,66,,13709,9,0,49 22 28 50 30,1,26,,13694,9,0,49 22 28 50 30,1,66,,13692,9,0,49 22 28 50 30,1,26,,13720,9,0,49 22 28 50 30,1,66,,13707,9,0,49 22 28 50 30,1,26,,13700,9,0,49 22 28 50 30,1,26,,13699,9,0,49 22 28 50 30,1,65,,13723,9,0,49 22 28 50 30,1,24,,13713,9,0,49 22 28 50 30,1,66,,13696,9,0,49 22 28 50 30,1,25,,13698,9,0,49 22 28 50 30,1,64,,13719,9,0,49 22 28 50 30,1,26,,13706,9,0,49 22 28 50 30,1,74,,13703,9,0,49 22 28 50 30,1,34,,13722,9,0,49 22 28 50 30,1,72,,13705,9,0,49 22 28 50 30,1,32,,13697,9,0,49 22 28 50 30,1,70,,13717,9,0,49 22 28 50 30,1,30,,13712,9,0,49 22 28 50 30,1,70,,13693,9,0,49 22 28 50 30,1
11004,'CPSaturday',811,,13747,9,0,49 22 28 50 30,1,31,,13756,9,0,49 22 28 50 30,1,72,,13746,9,0,49 22 28 50 30,1,32,,13745,9,0,49 22 28 50 30,1,73,,13755,9,0,49 22 28 50 30,1,34,,13744,9,0,49 22 28 50 30,1,72,,13738,9,0,49 22 28 50 30,1,24,,13735,9,0,49 22 28 50 30,1,64,,13753,9,0,49 22 28 50 30,1,26,,13734,9,0,49 22 28 50 30,1,66,,13737,9,0,49 22 28 50 30,1,26,,13733,9,0,49 22 28 50 30,1,26,,13749,9,0,49 22 28 50 30,1,66,,13732,9,0,49 22 28 50 30,1,26,,13736,9,0,49 22 28 50 30,1,66,,13731,9,0,49 22 28 50 30,1,26,,13754,9,0,49 22 28 50 30,1,66,,13726,9,0,49 22 28 50 30,1,26,,13740,9,0,49 22 28 50 30,1,26,,13725,9,0,49 22 28 50 30,1,65,,13748,9,0,49 22 28 50 30,1,24,,13727,9,0,49 22 28 50 30,1,66,,13741,9,0,49 22 28 50 30,1,25,,13724,9,0,49 22 28 50 30,1,64,,13750,9,0,49 22 28 50 30,1,26,,13728,9,0,49 22 28 50 30,1,74,,13742,9,0,49 22 28 50 30,1,34,,13751,9,0,49 22 28 50 30,1,72,,13730,9,0,49 22 28 50 30,1,32,,13743,9,0,49 22 28 50 30,1,70,,13752,9,0,49 22 28 50 30,1,30,,13729,9,0,49 22 28 50 30,1,70,,13739,9,0,49 22 28 50 30,1
11004,'CPSunday',811,,13776,9,0,49 22 28 50 30,1,31,,13781,9,0,49 22 28 50 30,1,72,,13777,9,0,49 22 28 50 30,1,32,,13770,9,0,49 22 28 50 30,1,73,,13784,9,0,49 22 28 50 30,1,34,,13780,9,0,49 22 28 50 30,1,72,,13757,9,0,49 22 28 50 30,1,24,,13767,9,0,49 22 28 50 30,1,64,,13787,9,0,49 22 28 50 30,1,26,,13774,9,0,49 22 28 50 30,1,66,,13768,9,0,49 22 28 50 30,1,26,,13761,9,0,49 22 28 50 30,1,26,,13782,9,0,49 22 28 50 30,1,66,,13775,9,0,49 22 28 50 30,1,26,,13760,9,0,49 22 28 50 30,1,66,,13758,9,0,49 22 28 50 30,1,26,,13786,9,0,49 22 28 50 30,1,66,,13773,9,0,49 22 28 50 30,1,26,,13766,9,0,49 22 28 50 30,1,26,,13765,9,0,49 22 28 50 30,1,65,,13789,9,0,49 22 28 50 30,1,24,,13779,9,0,49 22 28 50 30,1,66,,13762,9,0,49 22 28 50 30,1,25,,13764,9,0,49 22 28 50 30,1,64,,13785,9,0,49 22 28 50 30,1,26,,13772,9,0,49 22 28 50 30,1,74,,13769,9,0,49 22 28 50 30,1,34,,13788,9,0,49 22 28 50 30,1,72,,13771,9,0,49 22 28 50 30,1,32,,13763,9,0,49 22 28 50 30,1,70,,13783,9,0,49 22 28 50 30,1,30,,13778,9,0,49 22 28 50 30,1,70,,13759,9,0,49 22 28 50 30,1
11004,'CPWeekday',437,,13846,9,0,49 22 28 50 30,1,17,,13848,9,0,49 22 28 50 30,1,60,,13847,9,0,49 22 28 50 30,1,19,,13841,9,0,49 22 28 50 30,1,18,,13842,9,0,49 22 28 50 30,1,58,,13844,9,0,49 22 28 50 30,1,20,,13843,9,0,49 22 28 50 30,1,19,,13845,9,0,49 22 28 50 30,1,60,,13840,9,0,49 22 28 50 30,1,21,,13836,9,0,49 22 28 50 30,1,21,,13839,9,0,49 22 28 50 30,1,62,,13837,9,0,49 22 28 50 30,1,21,,13838,9,0,49 22 28 50 30,1,25,,13831,9,0,49 22 28 50 30,1,60,,13832,9,0,49 22 28 50 30,1,20,,13835,9,0,49 22 28 50 30,1,63,,13834,9,0,49 22 28 50 30,1,21,,13833,9,0,49 22 28 50 30,1,18,,13830,9,0,49 22 28 50 30,1,61,,13829,9,0,49 22 28 50 30,1,21,,13828,9,0,49 22 28 50 30,1,22,,13827,9,0,49 22 28 50 30,1,61,,13826,9,0,49 22 28 50 30,1,22,,13825,9,0,49 22 28 50 30,1,21,,13824,9,0,49 22 28 50 30,1,61,,13823,9,0,49 22 28 50 30,1,21,,13822,9,0,49 22 28 50 30,1,21,,13821,9,0,49 22 28 50 30,1,62,,13818,9,0,49 22 28 50 30,1,23,,13820,9,0,49 22 28 50 30,1,22,,13819,9,0,49 22 28 50 30,1,62,,13817,9,0,49 22 28 50 30,1,21,,13816,9,0,49 22 28 50 30,1,63,,13815,9,0,49 22 28 50 30,1,23,,13814,9,0,49 22 28 50 30,1,22,,13813,9,0,49 22 28 50 30,1,62,,13812,9,0,49 22 28 50 30,1,20,,13811,9,0,49 22 28 50 30,1,22,,13810,9,0,49 22 28 50 30,1,63,,13809,9,0,49 22 28 50 30,1,23,,13807,9,0,49 22 28 50 30,1,63,,13806,9,0,49 22 28 50 30,1,19,,13799,9,0,49 22 28 50 30,1,21,,13803,9,0,49 22 28 50 30,1,64,,13798,9,0,49 22 28 50 30,1,17,,13808,9,0,49 22 28 50 30,1,21,,13792,9,0,49 22 28 50 30,1,66,,13802,9,0,49 22 28 50 30,1,28,,13791,9,0,49 22 28 50 30,1,70,,13794,9,0,49 22 28 50 30,1,29,,13801,9,0,49 22 28 50 30,1,70,,13790,9,0,49 22 28 50 30,1
