2602,'CPHoliday1',719,,34381,65,0,37 38,1,25,,34382,65,0,37 38,1,65,,34383,65,0,37 38,1,24,,34384,65,0,37 38,1,25,,34385,65,0,37 38,1,67,,34386,65,0,37 38,1,25,,34387,65,0,37 38,1,66,,34388,65,0,37 38,1,28,,34389,65,0,37 38,1,60,,34390,65,0,37 38,1,20,,34391,65,0,37 38,1,22,,34392,65,0,37 38,1,60,,34393,65,0,37 38,1,20,,34394,65,0,37 38,1,23,,34395,65,0,37 38,1,60,,34396,65,0,37 38,1,20,,34397,65,0,37 38,1,19,,34398,65,0,37 38,1,60,,34399,65,0,37 38,1,20,,34400,65,0,37 38,1,20,,34401,65,0,37 38,1,60,,34402,65,0,37 38,1,20,,34403,65,0,37 38,1,20,,34404,65,0,37 38,1,59,,34405,65,0,37 38,1,21,,34406,65,0,37 38,1,21,,34407,65,0,37 38,1,58,,34408,65,0,37 38,1,20,,34409,65,0,37 38,1,20,,34410,65,0,37 38,1,60,,34411,65,0,37 38,1,19,,34412,65,0,37 38,1,18,,34413,65,0,37 38,1,60,,34414,65,0,37 38,1,19,,34415,65,0,37 38,1,20,,34416,65,0,37 38,1,59,,34417,65,0,37 38,1,21,,34418,65,0,37 38,1,24,,34419,65,0,37 38,1,64,,34420,65,0,37 38,1,23,,34421,65,0,37 38,1,25,,34422,65,0,37 38,1,63,,34423,65,0,37 38,1,26,,34424,65,0,37 38,1,64,,34425,65,0,37 38,1,23,,34426,65,0,37 38,1,23,,34427,65,0,37 38,1,62,,34428,65,0,37 38,1,23,,34429,65,0,37 38,1,63,,34430,65,0,37 38,1,20,,34431,65,0,37 38,1,22,,34432,65,0,37 38,1,60,,34433,65,0,37 38,1
2602,'CPSaturday',539,,34434,65,0,37 38,1,20,,34435,65,0,37 38,1,62,,34436,65,0,37 38,1,23,,34437,65,0,37 38,1,60,,34438,65,0,37 38,1,22,,34439,65,0,37 38,1,20,,34440,65,0,37 38,1,60,,34441,65,0,37 38,1,21,,34442,65,0,37 38,1,20,,34443,65,0,37 38,1,60,,34444,65,0,37 38,1,23,,34445,65,0,37 38,1,22,,34446,65,0,37 38,1,61,,34447,65,0,37 38,1,22,,34448,65,0,37 38,1,21,,34449,65,0,37 38,1,54,,34450,65,0,37 38,1,15,,34451,65,0,37 38,1,16,,34452,65,0,37 38,1,16,,34453,65,0,37 38,1,55,,34454,65,0,37 38,1,15,,34455,65,0,37 38,1,16,,34456,65,0,37 38,1,15,,34457,65,0,37 38,1,56,,34458,65,0,37 38,1,15,,34459,65,0,37 38,1,15,,34460,65,0,37 38,1,15,,34461,65,0,37 38,1,55,,34462,65,0,37 38,1,15,,34463,65,0,37 38,1,15,,34464,65,0,37 38,1,15,,34465,65,0,37 38,1,55,,34466,65,0,37 38,1,15,,34467,65,0,37 38,1,15,,34468,65,0,37 38,1,15,,34469,65,0,37 38,1,55,,34470,65,0,37 38,1,14,,34471,65,0,37 38,1,14,,34472,65,0,37 38,1,14,,34473,65,0,37 38,1,51,,34474,65,0,37 38,1,12,,34475,65,0,37 38,1,12,,34476,65,0,37 38,1,12,,34477,65,0,37 38,1,11,,34478,65,0,37 38,1,51,,34479,65,0,37 38,1,12,,34480,65,0,37 38,1,14,,34481,65,0,37 38,1,14,,34482,65,0,37 38,1,14,,34483,65,0,37 38,1,54,,34484,65,0,37 38,1,12,,34485,65,0,37 38,1,11,,34486,65,0,37 38,1,15,,34487,65,0,37 38,1,54,,34488,65,0,37 38,1,14,,34489,65,0,37 38,1,16,,34490,65,0,37 38,1,16,,34491,65,0,37 38,1,59,,34492,65,0,37 38,1,18,,34493,65,0,37 38,1,19,,34494,65,0,37 38,1,60,,34495,65,0,37 38,1,21,,34496,65,0,37 38,1,22,,34497,65,0,37 38,1,61,,34498,65,0,37 38,1,22,,34499,65,0,37 38,1,22,,34500,65,0,37 38,1,59,,34501,65,0,37 38,1,19,,34502,65,0,37 38,1,17,,34503,65,0,37 38,1,59,,34504,65,0,37 38,1,20,,34505,65,0,37 38,1,18,,34506,65,0,37 38,1,64,,34507,65,0,37 38,1,25,,34508,65,0,37 38,1,23,,34509,65,0,37 38,1,69,,34510,65,0,37 38,1
2602,'CPSunday',719,,34511,65,0,37 38,1,25,,34512,65,0,37 38,1,65,,34513,65,0,37 38,1,24,,34514,65,0,37 38,1,25,,34515,65,0,37 38,1,67,,34516,65,0,37 38,1,25,,34517,65,0,37 38,1,66,,34518,65,0,37 38,1,28,,34519,65,0,37 38,1,60,,34520,65,0,37 38,1,20,,34521,65,0,37 38,1,22,,34522,65,0,37 38,1,60,,34523,65,0,37 38,1,20,,34524,65,0,37 38,1,23,,34525,65,0,37 38,1,60,,34526,65,0,37 38,1,20,,34527,65,0,37 38,1,19,,34528,65,0,37 38,1,60,,34529,65,0,37 38,1,20,,34530,65,0,37 38,1,20,,34531,65,0,37 38,1,60,,34532,65,0,37 38,1,20,,34533,65,0,37 38,1,20,,34534,65,0,37 38,1,59,,34535,65,0,37 38,1,21,,34536,65,0,37 38,1,21,,34537,65,0,37 38,1,58,,34538,65,0,37 38,1,20,,34539,65,0,37 38,1,20,,34540,65,0,37 38,1,60,,34541,65,0,37 38,1,19,,34542,65,0,37 38,1,18,,34543,65,0,37 38,1,60,,34544,65,0,37 38,1,19,,34545,65,0,37 38,1,20,,34546,65,0,37 38,1,59,,34547,65,0,37 38,1,21,,34548,65,0,37 38,1,24,,34549,65,0,37 38,1,64,,34550,65,0,37 38,1,23,,34551,65,0,37 38,1,25,,34552,65,0,37 38,1,63,,34553,65,0,37 38,1,26,,34554,65,0,37 38,1,64,,34555,65,0,37 38,1,23,,34556,65,0,37 38,1,23,,34557,65,0,37 38,1,62,,34558,65,0,37 38,1,23,,34559,65,0,37 38,1,63,,34560,65,0,37 38,1,20,,34561,65,0,37 38,1,22,,34562,65,0,37 38,1,60,,34563,65,0,37 38,1
2602,'CPWeekday',400,,34564,9,0,37 38,1,28,,34565,9,0,37 38,1,28,,34566,9,0,37 38,1,74,,34567,59,0,37 38,1,72,,34568,59,0,37 38,1,31,,34569,59,0,37 38,1,67,,34570,59,0,37 38,1,14,,34571,59,0,37 38,1,16,,34572,59,0,37 38,1,14,,34573,59,0,37 38,1,14,,34574,59,0,37 38,1,56,,34575,59,0,37 38,1,13,,34576,59,0,37 38,1,14,,34577,59,0,37 38,1,14,,34578,59,0,37 38,1,54,,34579,59,0,37 38,1,14,,34580,59,0,37 38,1,13,,34581,59,0,37 38,1,14,,34582,59,0,37 38,1,54,,34583,59,0,37 38,1,14,,34584,59,0,37 38,1,13,,34585,59,0,37 38,1,14,,34586,59,0,37 38,1,14,,34587,59,0,37 38,1,55,,34588,59,0,37 38,1,15,,34589,59,0,37 38,1,14,,34590,59,0,37 38,1,14,,34591,59,0,37 38,1,54,,34592,59,0,37 38,1,13,,34593,59,0,37 38,1,13,,34594,59,0,37 38,1,14,,34595,59,0,37 38,1,54,,34596,59,0,37 38,1,14,,34597,59,0,37 38,1,14,,34598,59,0,37 38,1,14,,34599,59,0,37 38,1,55,,34600,59,0,37 38,1,14,,34601,59,0,37 38,1,15,,34602,59,0,37 38,1,16,,34603,59,0,37 38,1,57,,34604,59,0,37 38,1,16,,34605,59,0,37 38,1,16,,34606,59,0,37 38,1,14,,34607,59,0,37 38,1,55,,34608,59,0,37 38,1,15,,34609,59,0,37 38,1,14,,34610,59,0,37 38,1,13,,34611,59,0,37 38,1,53,,34612,59,0,37 38,1,12,,34613,59,0,37 38,1,13,,34614,59,0,37 38,1,13,,34615,59,0,37 38,1,12,,34616,59,0,37 38,1,53,,34617,59,0,37 38,1,13,,34618,59,0,37 38,1,14,,34619,59,0,37 38,1,14,,34620,59,0,37 38,1,14,,34621,59,0,37 38,1,55,,34622,59,0,37 38,1,13,,34623,59,0,37 38,1,14,,34624,59,0,37 38,1,15,,34625,59,0,37 38,1,54,,34626,59,0,37 38,1,14,,34627,59,0,37 38,1,12,,34628,59,0,37 38,1,14,,34629,59,0,37 38,1,55,,34630,59,0,37 38,1,13,,34631,59,0,37 38,1,14,,34632,59,0,37 38,1,13,,34633,59,0,37 38,1,14,,34634,59,0,37 38,1,54,,34635,59,0,37 38,1,11,,34636,59,0,37 38,1,13,,34637,59,0,37 38,1,15,,34638,59,0,37 38,1,69,,34639,59,0,37 38,1,29,,34640,59,0,37 38,1,69,,34641,59,0,37 38,1,30,,34642,59,0,37 38,1,70,,34643,59,0,37 38,1,28,,34644,59,0,37 38,1,68,,34645,59,0,37 38,1,28,,34646,59,0,37 38,1,65,,34647,59,0,37 38,1,25,,34648,59,0,37 38,1
3603,'CPHoliday1',702,,36047,3,0,11 8 12,1,35,,36048,3,0,11 8 12,1,76,,36049,3,0,11 8 12,1,35,,36050,3,0,11 8 12,1,75,,36051,3,0,11 8 12,1,35,,36052,3,0,11 8 12,1,75,,36053,3,0,11 8 12,1,74,,36054,3,0,11 8 12,1,36,,36055,3,0,11 8 12,1,76,,36056,3,0,11 8 12,1,36,,36057,3,0,11 8 12,1,76,,36058,3,0,11 8 12,1,76,,36059,3,0,11 8 12,1,38,,36060,3,0,11 8 12,1,78,,36061,3,0,11 8 12,1,78,,36062,3,0,11 8 12,1,38,,36063,3,0,11 8 12,1,78,,36064,3,0,11 8 12,1,38,,36065,3,0,11 8 12,1,78,,36066,3,0,11 8 12,1,75,,36067,3,0,11 8 12,1,35,,36068,3,0,11 8 12,1,75,,36069,3,0,11 8 12,1,35,,36070,3,0,11 8 12,1,75,,36071,3,0,11 8 12,1,74,,36072,3,0,11 8 12,1,33,,36073,3,0,11 8 12,1,74,,36074,3,0,11 8 12,1,34,,36075,3,0,11 8 12,1,74,,36076,3,0,11 8 12,1
3603,'CPSaturday',537,,36077,3,0,11 8 12,1,75,,36078,3,0,11 8 12,1,35,,36079,3,0,11 8 12,1,76,,36080,3,0,11 8 12,1,77,,36081,3,0,11 8 12,1,36,,36082,3,0,11 8 12,1,76,,36083,3,0,11 8 12,1,38,,36084,3,0,11 8 12,1,78,,36085,3,0,11 8 12,1,78,,36086,3,0,11 8 12,1,38,,36087,3,0,11 8 12,1,78,,36088,3,0,11 8 12,1,78,,36089,3,0,11 8 12,1,38,,36090,3,0,11 8 12,1,78,,36091,3,0,11 8 12,1,38,,36092,3,0,11 8 12,1,78,,36093,3,0,11 8 12,1,78,,36094,3,0,11 8 12,1,38,,36095,3,0,11 8 12,1,78,,36096,3,0,11 8 12,1,78,,36097,3,0,11 8 12,1,38,,36098,3,0,11 8 12,1,78,,36099,3,0,11 8 12,1,38,,36100,3,0,11 8 12,1,78,,36101,3,0,11 8 12,1,78,,36102,3,0,11 8 12,1,38,,36103,3,0,11 8 12,1,76,,36104,3,0,11 8 12,1,75,,36105,3,0,11 8 12,1,34,,36106,3,0,11 8 12,1,75,,36107,3,0,11 8 12,1,35,,36108,3,0,11 8 12,1,75,,36109,3,0,11 8 12,1,30,,36110,3,0,11 8 12,1
3603,'CPSunday',702,,36111,3,0,11 8 12,1,35,,36112,3,0,11 8 12,1,76,,36113,3,0,11 8 12,1,35,,36114,3,0,11 8 12,1,75,,36115,3,0,11 8 12,1,35,,36116,3,0,11 8 12,1,75,,36117,3,0,11 8 12,1,74,,36118,3,0,11 8 12,1,36,,36119,3,0,11 8 12,1,76,,36120,3,0,11 8 12,1,36,,36121,3,0,11 8 12,1,76,,36122,3,0,11 8 12,1,76,,36123,3,0,11 8 12,1,38,,36124,3,0,11 8 12,1,78,,36125,3,0,11 8 12,1,78,,36126,3,0,11 8 12,1,38,,36127,3,0,11 8 12,1,78,,36128,3,0,11 8 12,1,38,,36129,3,0,11 8 12,1,78,,36130,3,0,11 8 12,1,75,,36131,3,0,11 8 12,1,35,,36132,3,0,11 8 12,1,75,,36133,3,0,11 8 12,1,35,,36134,3,0,11 8 12,1,75,,36135,3,0,11 8 12,1,74,,36136,3,0,11 8 12,1,33,,36137,3,0,11 8 12,1,74,,36138,3,0,11 8 12,1,34,,36139,3,0,11 8 12,1,74,,36140,3,0,11 8 12,1
3603,'CPWeekday',542,,36143,3,0,11 8 12,1,81,,36144,3,0,11 8 12,1,80,,36145,3,0,11 8 12,1,35,,36142,3,0,11 8 12,1,9,,36146,3,0,11 8 12,1,84,,36147,3,0,11 8 12,1,84,,36148,3,0,11 8 12,1,44,,36149,3,0,11 8 12,1,82,,36150,3,0,11 8 12,1,82,,36151,3,0,11 8 12,1,82,,36152,3,0,11 8 12,1,42,,36153,3,0,11 8 12,1,82,,36154,3,0,11 8 12,1,79,,36141,3,0,11 8 12,1,5,,36155,3,0,11 8 12,1,44,,36156,3,0,11 8 12,1,84,,36157,3,0,11 8 12,1,84,,36158,3,0,11 8 12,1,84,,36159,3,0,11 8 12,1,44,,36160,3,0,11 8 12,1,84,,36161,3,0,11 8 12,1,82,,36162,3,0,11 8 12,1,40,,36163,3,0,11 8 12,1,80,,36164,3,0,11 8 12,1,78,,36165,3,0,11 8 12,1,36,,36166,3,0,11 8 12,1,75,,36167,3,0,11 8 12,1,74,,36168,3,0,11 8 12,1,33,,36169,3,0,11 8 12,1,74,,36170,3,0,11 8 12,1,32,,36171,3,0,11 8 12,1,72,,36172,3,0,11 8 12,1,32,,36173,3,0,11 8 12,1,72,,36174,3,0,11 8 12,1
4803,'CPHoliday1',550,,38037,7,0,5,1,70,,38038,7,0,5,1,30,,38039,7,0,5,1,76,,38040,7,0,5,1,75,,38041,7,0,5,1,35,,38042,7,0,5,1,75,,38043,7,0,5,1,35,,38044,7,0,5,1,75,,38045,7,0,5,1,38,,38046,7,0,5,1,78,,38047,7,0,5,1,78,,38048,7,0,5,1,38,,38049,7,0,5,1,78,,38050,7,0,5,1,78,,38051,7,0,5,1,38,,38052,7,0,5,1,78,,38053,7,0,5,1,78,,38054,7,0,5,1,38,,38055,7,0,5,1,78,,38056,7,0,5,1,38,,38057,7,0,5,1,78,,38058,7,0,5,1,78,,38059,7,0,5,1,38,,38060,7,0,5,1,75,,38061,7,0,5,1,74,,38062,7,0,5,1,31,,38063,7,0,5,1,72,,38064,7,0,5,1,32,,38065,7,0,5,1
4803,'CPSaturday',455,,38066,7,0,5,1,70,,38067,7,0,5,1,30,,38068,7,0,5,1,72,,38069,7,0,5,1,74,,38070,7,0,5,1,35,,38071,7,0,5,1,76,,38072,7,0,5,1,36,,38073,7,0,5,1,76,,38074,7,0,5,1,76,,38075,7,0,5,1,38,,38076,7,0,5,1,78,,38077,7,0,5,1,38,,38078,7,0,5,1,78,,38079,7,0,5,1,78,,38080,7,0,5,1,38,,38081,7,0,5,1,78,,38082,7,0,5,1,80,,38083,7,0,5,1,40,,38084,7,0,5,1,80,,38085,7,0,5,1,80,,38086,7,0,5,1,40,,38087,7,0,5,1,80,,38088,7,0,5,1,80,,38089,7,0,5,1,38,,38090,7,0,5,1,78,,38091,7,0,5,1,36,,38092,7,0,5,1,75,,38093,7,0,5,1,76,,38094,7,0,5,1,34,,38095,7,0,5,1,74,,38096,7,0,5,1,34,,38097,7,0,5,1,74,,38098,7,0,5,1,34,,38099,7,0,5,1,74,,38100,7,0,5,1,74,,38101,7,0,5,1,32,,38102,7,0,5,1
4803,'CPSunday',550,,38103,7,0,5,1,70,,38104,7,0,5,1,30,,38105,7,0,5,1,76,,38106,7,0,5,1,75,,38107,7,0,5,1,35,,38108,7,0,5,1,75,,38109,7,0,5,1,35,,38110,7,0,5,1,75,,38111,7,0,5,1,38,,38112,7,0,5,1,78,,38113,7,0,5,1,78,,38114,7,0,5,1,38,,38115,7,0,5,1,78,,38116,7,0,5,1,78,,38117,7,0,5,1,38,,38118,7,0,5,1,78,,38119,7,0,5,1,78,,38120,7,0,5,1,38,,38121,7,0,5,1,78,,38122,7,0,5,1,38,,38123,7,0,5,1,78,,38124,7,0,5,1,78,,38125,7,0,5,1,38,,38126,7,0,5,1,75,,38127,7,0,5,1,74,,38128,7,0,5,1,31,,38129,7,0,5,1,72,,38130,7,0,5,1,32,,38131,7,0,5,1
4803,'CPWeekday',420,,38132,7,0,5,1,85,,38133,7,0,5,1,40,,38134,7,0,5,1,58,,38135,7,0,5,1,18,,38136,7,0,5,1,20,,38137,7,0,5,1,60,,38138,7,0,5,1,23,,38139,7,0,5,1,22,,38140,7,0,5,1,62,,38141,7,0,5,1,22,,38142,7,0,5,1,22,,38143,7,0,5,1,64,,38144,7,0,5,1,26,,38145,7,0,5,1,68,,38146,7,0,5,1,28,,38147,7,0,5,1,70,,38148,7,0,5,1,30,,38149,7,0,5,1,70,,38150,7,0,5,1,28,,38151,7,0,5,1,68,,38152,7,0,5,1,28,,38153,7,0,5,1,22,,38154,7,0,5,1,62,,38155,7,0,5,1,24,,38156,7,0,5,1,64,,38157,7,0,5,1,24,,38158,7,0,5,1,24,,38159,7,0,5,1,64,,38160,7,0,5,1,24,,38161,7,0,5,1,64,,38162,7,0,5,1,24,,38163,7,0,5,1,24,,38164,7,0,5,1,68,,38165,7,0,5,1,80,,38166,7,0,5,1,40,,38167,7,0,5,1,78,,38168,7,0,5,1,38,,38169,7,0,5,1,74,,38170,7,0,5,1,75,,38171,7,0,5,1,35,,38172,7,0,5,1,85,,38173,7,0,5,1,85,,38174,7,0,5,1,40,,38175,7,0,5,1
