1103,'MASaturday',612,,16757,14,0,17,1,25,,16758,14,0,17,1,63,,16759,14,0,17,1,17,,16760,14,0,17,1,17,,16761,14,0,17,1,17,,16762,14,0,17,1,58,,16763,14,0,17,1,17,,16764,14,0,17,1,18,,16765,14,0,17,1,58,,16766,14,0,17,1,19,,16767,14,0,17,1,19,,16768,14,0,17,1,60,,16769,14,0,17,1,19,,16770,14,0,17,1,19,,16771,14,0,17,1,18,,16772,14,0,17,1,57,,16773,14,0,17,1,19,,16774,14,0,17,1,18,,16775,14,0,17,1,58,,16776,14,0,17,1,18,,16777,14,0,17,1,18,,16778,14,0,17,1,58,,16779,14,0,17,1,19,,16780,14,0,17,1,19,,16781,14,0,17,1,19,,16782,14,0,17,1,59,,16783,14,0,17,1,19,,16784,14,0,17,1,19,,16785,14,0,17,1,59,,16786,14,0,17,1,19,,16787,14,0,17,1,19,,16788,14,0,17,1,60,,16789,14,0,17,1,19,,16790,14,0,17,1,19,,16791,14,0,17,1,59,,16792,14,0,17,1,20,,16793,14,0,17,1,19,,16794,14,0,17,1,59,,16795,14,0,17,1,18,,16796,14,0,17,1,20,,16797,14,0,17,1,58,,16798,14,0,17,1,17,,16799,14,0,17,1,19,,16800,14,0,17,1,19,,16801,14,0,17,1,58,,16802,14,0,17,1,18,,16803,14,0,17,1,18,,16804,14,0,17,1,58,,16805,14,0,17,1,17,,16806,14,0,17,1,18,,16807,14,0,17,1,58,,16808,14,0,17,1,17,,16809,14,0,17,1,17,,16810,14,0,17,1,17,,16811,14,0,17,1,57,,16812,14,0,17,1,17,,16813,14,0,17,1,17,,16814,14,0,17,1,57,,16815,14,0,17,1,19,,16816,14,0,17,1,20,,16817,14,0,17,1,60,,16818,14,0,17,1,19,,16819,14,0,17,1,21,,16820,14,0,17,1,61,,16821,14,0,17,1
1103,'MASunday',731,,16868,14,0,17,1,23,,16854,14,0,17,1,63,,16837,14,0,17,1,22,,16869,14,0,17,1,63,,16849,14,0,17,1,23,,16836,14,0,17,1,23,,16870,14,0,17,1,63,,16850,14,0,17,1,22,,16838,14,0,17,1,17,,16825,14,0,17,1,57,,16866,14,0,17,1,17,,16855,14,0,17,1,17,,16839,14,0,17,1,18,,16827,14,0,17,1,58,,16875,14,0,17,1,18,,16858,14,0,17,1,19,,16843,14,0,17,1,58,,16831,14,0,17,1,18,,16876,14,0,17,1,18,,16856,14,0,17,1,58,,16841,14,0,17,1,19,,16828,14,0,17,1,18,,16874,14,0,17,1,58,,16861,14,0,17,1,19,,16844,14,0,17,1,19,,16829,14,0,17,1,19,,16877,14,0,17,1,59,,16860,14,0,17,1,18,,16842,14,0,17,1,19,,16830,14,0,17,1,59,,16872,14,0,17,1,20,,16859,14,0,17,1,18,,16840,14,0,17,1,59,,16826,14,0,17,1,19,,16873,14,0,17,1,18,,16857,14,0,17,1,58,,16845,14,0,17,1,18,,16832,14,0,17,1,18,,16881,14,0,17,1,18,,16862,14,0,17,1,57,,16847,14,0,17,1,18,,16834,14,0,17,1,17,,16879,14,0,17,1,57,,16863,14,0,17,1,16,,16846,14,0,17,1,18,,16833,14,0,17,1,58,,16880,14,0,17,1,17,,16864,14,0,17,1,17,,16848,14,0,17,1,17,,16835,14,0,17,1,63,,16878,14,0,17,1,22,,16852,14,0,17,1,22,,16822,14,0,17,1,62,,16871,14,0,17,1,23,,16853,14,0,17,1,61,,16824,14,0,17,1,22,,16865,14,0,17,1,22,,16851,14,0,17,1,62,,16823,14,0,17,1,21,,16867,14,0,17,1
1103,'MAWeekday',525,,16882,14,0,17,1,14,,16883,14,0,17,1,15,,16884,14,0,17,1,55,,16885,14,0,17,1,15,,16886,14,0,17,1,13,,16887,14,0,17,1,13,,16888,14,0,17,1,52,,16889,14,0,17,1,10,,16890,14,0,17,1,10,,16891,14,0,17,1,10,,16892,14,0,17,1,11,,16893,14,0,17,1,11,,16894,14,0,17,1,51,,16895,14,0,17,1,12,,16896,14,0,17,1,11,,16897,14,0,17,1,10,,16898,14,0,17,1,15,,16899,14,0,17,1,54,,16900,14,0,17,1,15,,16901,14,0,17,1,14,,16902,14,0,17,1,15,,16903,14,0,17,1,55,,16904,14,0,17,1,15,,16905,14,0,17,1,15,,16906,14,0,17,1,15,,16907,14,0,17,1,56,,16908,14,0,17,1,15,,16909,14,0,17,1,15,,16910,14,0,17,1,15,,16911,14,0,17,1,56,,16912,14,0,17,1,16,,16913,14,0,17,1,15,,16914,14,0,17,1,15,,16915,14,0,17,1,54,,16916,14,0,17,1,16,,16917,14,0,17,1,16,,16918,14,0,17,1,15,,16919,14,0,17,1,55,,16920,14,0,17,1,16,,16921,14,0,17,1,15,,16922,14,0,17,1,15,,16923,14,0,17,1,55,,16924,14,0,17,1,16,,16925,14,0,17,1,16,,16926,14,0,17,1,15,,16927,14,0,17,1,53,,16928,14,0,17,1,12,,16929,14,0,17,1,14,,16930,14,0,17,1,12,,16931,14,0,17,1,51,,16932,14,0,17,1,11,,16933,14,0,17,1,12,,16934,14,0,17,1,12,,16935,14,0,17,1,11,,16936,14,0,17,1,12,,16937,14,0,17,1,52,,16938,14,0,17,1,12,,16939,14,0,17,1,11,,16940,14,0,17,1,12,,16941,14,0,17,1,11,,16942,14,0,17,1,54,,16943,14,0,17,1,19,,16944,14,0,17,1,17,,16945,14,0,17,1,58,,16946,14,0,17,1,17,,16947,14,0,17,1,19,,16948,14,0,17,1,18,,16949,14,0,17,1,58,,16950,14,0,17,1,18,,16951,14,0,17,1,16,,16952,14,0,17,1,57,,16953,14,0,17,1,19,,16954,14,0,17,1,23,,16955,14,0,17,1,64,,16956,14,0,17,1,21,,16957,14,0,17,1,23,,16958,14,0,17,1,63,,16959,14,0,17,1,30,,16960,14,0,17,1,68,,16961,14,0,17,1,29,,16962,14,0,17,1,68,,16963,14,0,17,1,29,,16964,14,0,17,1,70,,16965,14,0,17,1,29,,16966,14,0,17,1
1103,'MAHoliday1',731,,26065,14,0,17,1,23,,26051,14,0,17,1,63,,26034,14,0,17,1,22,,26066,14,0,17,1,63,,26046,14,0,17,1,23,,26033,14,0,17,1,23,,26067,14,0,17,1,63,,26047,14,0,17,1,22,,26035,14,0,17,1,17,,26022,14,0,17,1,57,,26063,14,0,17,1,17,,26052,14,0,17,1,17,,26036,14,0,17,1,18,,26024,14,0,17,1,58,,26072,14,0,17,1,18,,26055,14,0,17,1,19,,26040,14,0,17,1,58,,26028,14,0,17,1,18,,26073,14,0,17,1,18,,26053,14,0,17,1,58,,26038,14,0,17,1,19,,26025,14,0,17,1,18,,26071,14,0,17,1,58,,26058,14,0,17,1,19,,26041,14,0,17,1,19,,26026,14,0,17,1,19,,26074,14,0,17,1,59,,26057,14,0,17,1,18,,26039,14,0,17,1,19,,26027,14,0,17,1,59,,26069,14,0,17,1,20,,26056,14,0,17,1,18,,26037,14,0,17,1,59,,26023,14,0,17,1,19,,26070,14,0,17,1,18,,26054,14,0,17,1,58,,26042,14,0,17,1,18,,26029,14,0,17,1,18,,26078,14,0,17,1,18,,26059,14,0,17,1,57,,26044,14,0,17,1,18,,26031,14,0,17,1,17,,26076,14,0,17,1,57,,26060,14,0,17,1,16,,26043,14,0,17,1,18,,26030,14,0,17,1,58,,26077,14,0,17,1,17,,26061,14,0,17,1,17,,26045,14,0,17,1,17,,26032,14,0,17,1,63,,26075,14,0,17,1,22,,26049,14,0,17,1,22,,26019,14,0,17,1,62,,26068,14,0,17,1,23,,26050,14,0,17,1,61,,26021,14,0,17,1,22,,26062,14,0,17,1,22,,26048,14,0,17,1,62,,26020,14,0,17,1,21,,26064,14,0,17,1
1801,'CPWeekday',528,,17978,32,0,17,1,14,,17979,32,0,17,1,14,,17980,32,0,17,1,54,,17981,32,0,17,1,15,,17982,32,0,17,1,12,,17983,32,0,17,1,15,,17984,32,0,17,1,55,,17985,32,0,17,1,15,,17986,32,0,17,1,16,,17987,32,0,17,1,16,,17988,32,0,17,1,55,,17989,32,0,17,1,15,,17990,32,0,17,1,15,,17991,32,0,17,1,15,,17992,32,0,17,1,55,,17993,32,0,17,1,14,,17994,32,0,17,1,15,,17995,32,0,17,1,369,,17996,32,0,17,1,17,,17997,32,0,17,1,17,,17998,32,0,17,1,15,,17999,32,0,17,1,55,,18000,32,0,17,1,16,,18001,32,0,17,1,15,,18002,32,0,17,1,15,,18003,32,0,17,1,55,,18004,32,0,17,1,16,,18005,32,0,17,1,15,,18006,32,0,17,1,15,,18007,32,0,17,1,56,,18008,32,0,17,1,15,,18009,32,0,17,1,15,,18010,32,0,17,1,15,,18011,32,0,17,1,55,,18012,32,0,17,1,14,,18013,32,0,17,1,14,,18014,32,0,17,1,15,,18015,32,0,17,1,55,,18016,32,0,17,1,13,,18017,32,0,17,1,15,,18018,32,0,17,1,15,,18019,32,0,17,1,55,,18020,32,0,17,1,14,,18021,32,0,17,1,14,,18022,32,0,17,1
2403,'MAWeekday',613,,18746,45,0,17,1,34,,18747,45,0,17,1,76,,18748,45,0,17,1,35,,18749,45,0,17,1,76,,18750,45,0,17,1,74,,18751,45,0,17,1,32,,18752,45,0,17,1,75,,18753,45,0,17,1,28,,18754,45,0,17,1,413,,18755,45,0,17,1,72,,18756,45,0,17,1,74,,18757,45,0,17,1,35,,18758,45,0,17,1,76,,18759,45,0,17,1,36,,18760,45,0,17,1,76,,18761,45,0,17,1,33,,18762,45,0,17,1
4201,'CPWeekday',436,,20878,44,0,17,1,21,,20879,44,0,17,1,64,,20880,44,0,17,1,22,,20881,44,0,17,1,62,,20882,44,0,17,1,22,,20883,44,0,17,1,16,,20884,44,0,17,1,16,,20885,44,0,17,1,57,,20886,44,0,17,1,16,,20887,44,0,17,1,18,,20888,44,0,17,1,56,,20889,44,0,17,1,15,,20890,44,0,17,1,15,,20891,44,0,17,1,14,,20892,44,0,17,1,55,,20893,44,0,17,1,15,,20894,44,0,17,1,13,,20895,44,0,17,1,14,,20896,44,0,17,1,54,,20897,44,0,17,1,15,,20898,44,0,17,1,15,,20899,44,0,17,1,15,,20900,44,0,17,1,13,,20901,44,0,17,1,54,,20902,44,0,17,1,14,,20903,44,0,17,1,14,,20904,44,0,17,1,15,,20905,44,0,17,1,55,,20906,44,0,17,1,17,,20907,44,0,17,1,16,,20908,44,0,17,1,56,,20909,44,0,17,1,16,,20910,44,0,17,1,16,,20911,44,0,17,1,15,,20912,44,0,17,1,55,,20913,44,0,17,1,16,,20914,44,0,17,1,15,,20915,44,0,17,1,16,,20916,44,0,17,1,56,,20917,44,0,17,1,16,,20918,44,0,17,1,15,,20919,44,0,17,1,15,,20920,44,0,17,1,56,,20921,44,0,17,1,15,,20922,44,0,17,1,15,,20923,44,0,17,1,15,,20924,44,0,17,1,55,,20925,44,0,17,1,13,,20926,44,0,17,1,15,,20927,44,0,17,1,15,,20928,44,0,17,1,53,,20929,44,0,17,1,14,,20930,44,0,17,1,15,,20931,44,0,17,1,15,,20932,44,0,17,1,53,,20933,44,0,17,1,14,,20934,44,0,17,1,15,,20935,44,0,17,1,14,,20936,44,0,17,1,15,,20937,44,0,17,1,55,,20938,44,0,17,1,14,,20939,44,0,17,1,14,,20940,44,0,17,1,13,,20941,44,0,17,1,55,,20942,44,0,17,1,15,,20943,44,0,17,1,14,,20944,44,0,17,1,15,,20945,44,0,17,1,55,,20946,44,0,17,1,15,,20947,44,0,17,1,15,,20948,44,0,17,1,15,,20949,44,0,17,1,54,,20950,44,0,17,1,15,,20951,44,0,17,1,15,,20952,44,0,17,1,13,,20953,44,0,17,1,54,,20954,44,0,17,1,14,,20955,44,0,17,1,15,,20956,44,0,17,1,15,,20957,44,0,17,1,55,,20958,44,0,17,1,15,,20959,44,0,17,1,14,,20960,44,0,17,1,14,,20961,44,0,17,1,54,,20962,44,0,17,1,12,,20963,44,0,17,1,15,,20964,44,0,17,1,15,,20965,44,0,17,1
4201,'MASaturday',440,,20990,44,0,17,1,15,,20991,44,0,17,1,56,,20992,44,0,17,1,15,,20993,44,0,17,1,15,,20994,44,0,17,1,15,,20995,44,0,17,1,57,,20966,44,0,17,1,19,,20996,44,0,17,1,17,,20997,44,0,17,1,56,,20998,44,0,17,1,16,,20999,44,0,17,1,21,,21000,44,0,17,1,59,,21001,44,0,17,1,18,,20967,44,0,17,1,19,,20976,44,0,17,1,19,,21002,44,0,17,1,59,,21003,44,0,17,1,16,,21004,44,0,17,1,16,,21005,44,0,17,1,56,,21006,44,0,17,1,16,,21007,44,0,17,1,16,,20968,44,0,17,1,16,,20977,44,0,17,1,57,,21008,44,0,17,1,18,,21009,44,0,17,1,18,,21010,44,0,17,1,58,,21011,44,0,17,1,16,,21012,44,0,17,1,16,,21013,44,0,17,1,17,,20969,44,0,17,1,57,,20978,44,0,17,1,17,,21014,44,0,17,1,16,,20984,44,0,17,1,16,,21015,44,0,17,1,56,,21016,44,0,17,1,17,,21017,44,0,17,1,15,,21018,44,0,17,1,55,,21019,44,0,17,1,15,,20970,44,0,17,1,16,,20979,44,0,17,1,16,,21020,44,0,17,1,56,,20985,44,0,17,1,16,,21021,44,0,17,1,17,,21022,44,0,17,1,16,,21023,44,0,17,1,55,,21024,44,0,17,1,15,,21025,44,0,17,1,15,,20971,44,0,17,1,16,,20980,44,0,17,1,56,,21026,44,0,17,1,16,,20986,44,0,17,1,14,,21027,44,0,17,1,15,,21028,44,0,17,1,56,,21029,44,0,17,1,15,,21030,44,0,17,1,15,,21031,44,0,17,1,16,,20972,44,0,17,1,56,,20981,44,0,17,1,16,,21032,44,0,17,1,18,,20987,44,0,17,1,60,,21033,44,0,17,1,18,,21034,44,0,17,1,17,,21035,44,0,17,1,58,,20973,44,0,17,1,17,,20982,44,0,17,1,20,,21036,44,0,17,1,20,,20988,44,0,17,1,60,,21037,44,0,17,1,18,,21038,44,0,17,1,19,,20974,44,0,17,1,59,,20983,44,0,17,1,19,,21039,44,0,17,1,16,,20989,44,0,17,1,60,,21040,44,0,17,1,20,,21041,44,0,17,1,17,,20975,44,0,17,1
4201,'MASunday',601,,21042,44,0,17,1,23,,21043,44,0,17,1,25,,21044,44,0,17,1,64,,21045,44,0,17,1,24,,21046,44,0,17,1,22,,21047,44,0,17,1,60,,21048,44,0,17,1,21,,21049,44,0,17,1,60,,21050,44,0,17,1,23,,21051,44,0,17,1,22,,21052,44,0,17,1,63,,21053,44,0,17,1,24,,21054,44,0,17,1,22,,21055,44,0,17,1,62,,21056,44,0,17,1,23,,21057,44,0,17,1,62,,21058,44,0,17,1,23,,21059,44,0,17,1,22,,21060,44,0,17,1,60,,21061,44,0,17,1,20,,21062,44,0,17,1,20,,21063,44,0,17,1,60,,21064,44,0,17,1,20,,21065,44,0,17,1,20,,21066,44,0,17,1,62,,21067,44,0,17,1,20,,21068,44,0,17,1,20,,21069,44,0,17,1,60,,21070,44,0,17,1,20,,21071,44,0,17,1,20,,21072,44,0,17,1,60,,21073,44,0,17,1,20,,21074,44,0,17,1,19,,21075,44,0,17,1,60,,21076,44,0,17,1,20,,21077,44,0,17,1,20,,21078,44,0,17,1,59,,21079,44,0,17,1,19,,21080,44,0,17,1,20,,21081,44,0,17,1,60,,21082,44,0,17,1,24,,21083,44,0,17,1,23,,21084,44,0,17,1,64,,21085,44,0,17,1,24,,21086,44,0,17,1,61,,21087,44,0,17,1,19,,21088,44,0,17,1,19,,21089,44,0,17,1,19,,21090,44,0,17,1,60,,21091,44,0,17,1,18,,21092,44,0,17,1,19,,21093,44,0,17,1,60,,21094,44,0,17,1,19,,21095,44,0,17,1,19,,21096,44,0,17,1,58,,21097,44,0,17,1,20,,21098,44,0,17,1
4201,'MAHoliday1',601,,26985,44,0,17,1,23,,26986,44,0,17,1,25,,26987,44,0,17,1,64,,26988,44,0,17,1,24,,26989,44,0,17,1,22,,26990,44,0,17,1,60,,26991,44,0,17,1,21,,26992,44,0,17,1,60,,26993,44,0,17,1,23,,26994,44,0,17,1,22,,26995,44,0,17,1,63,,26996,44,0,17,1,24,,26997,44,0,17,1,22,,26998,44,0,17,1,62,,26999,44,0,17,1,23,,27000,44,0,17,1,62,,27001,44,0,17,1,23,,27002,44,0,17,1,22,,27003,44,0,17,1,60,,27004,44,0,17,1,20,,27005,44,0,17,1,20,,27006,44,0,17,1,60,,27007,44,0,17,1,20,,27008,44,0,17,1,20,,27009,44,0,17,1,62,,27010,44,0,17,1,20,,27011,44,0,17,1,20,,27012,44,0,17,1,60,,27013,44,0,17,1,20,,27014,44,0,17,1,20,,27015,44,0,17,1,60,,27016,44,0,17,1,20,,27017,44,0,17,1,19,,27018,44,0,17,1,60,,27019,44,0,17,1,20,,27020,44,0,17,1,20,,27021,44,0,17,1,59,,27022,44,0,17,1,19,,27023,44,0,17,1,20,,27024,44,0,17,1,60,,27025,44,0,17,1,24,,27026,44,0,17,1,23,,27027,44,0,17,1,64,,27028,44,0,17,1,24,,27029,44,0,17,1,61,,27030,44,0,17,1,19,,27031,44,0,17,1,19,,27032,44,0,17,1,19,,27033,44,0,17,1,60,,27034,44,0,17,1,18,,27035,44,0,17,1,19,,27036,44,0,17,1,60,,27037,44,0,17,1,19,,27038,44,0,17,1,19,,27039,44,0,17,1,58,,27040,44,0,17,1,20,,27041,44,0,17,1
