1104,'MAHoliday1',638,,31944,4,0,43 44,1,62,,31925,4,0,43 44,1,22,,31912,4,0,43 44,1,22,,31940,4,0,43 44,1,63,,31926,4,0,43 44,1,23,,31911,4,0,43 44,1,22,,31942,4,0,43 44,1,63,,31927,4,0,43 44,1,23,,31913,4,0,43 44,1,64,,31943,4,0,43 44,1,24,,31932,4,0,43 44,1,18,,31915,4,0,43 44,1,57,,31901,4,0,43 44,1,18,,31950,4,0,43 44,1,18,,31933,4,0,43 44,1,18,,31918,4,0,43 44,1,58,,31903,4,0,43 44,1,18,,31951,4,0,43 44,1,18,,31935,4,0,43 44,1,58,,31917,4,0,43 44,1,18,,31902,4,0,43 44,1,19,,31949,4,0,43 44,1,58,,31934,4,0,43 44,1,18,,31919,4,0,43 44,1,19,,31904,4,0,43 44,1,19,,31948,4,0,43 44,1,58,,31931,4,0,43 44,1,18,,31920,4,0,43 44,1,19,,31905,4,0,43 44,1,59,,31947,4,0,43 44,1,19,,31930,4,0,43 44,1,18,,31921,4,0,43 44,1,59,,31906,4,0,43 44,1,19,,31952,4,0,43 44,1,19,,31936,4,0,43 44,1,58,,31914,4,0,43 44,1,19,,31907,4,0,43 44,1,18,,31956,4,0,43 44,1,18,,31937,4,0,43 44,1,58,,31923,4,0,43 44,1,18,,31909,4,0,43 44,1,19,,31955,4,0,43 44,1,57,,31939,4,0,43 44,1,17,,31922,4,0,43 44,1,18,,31910,4,0,43 44,1,58,,31954,4,0,43 44,1,17,,31938,4,0,43 44,1,17,,31916,4,0,43 44,1,17,,31908,4,0,43 44,1,63,,31953,4,0,43 44,1,23,,31928,4,0,43 44,1,62,,31898,4,0,43 44,1,23,,31945,4,0,43 44,1,23,,31929,4,0,43 44,1,63,,31899,4,0,43 44,1,23,,31946,4,0,43 44,1,22,,31924,4,0,43 44,1,62,,31900,4,0,43 44,1,22,,31941,4,0,43 44,1
1104,'MASaturday',520,,31957,4,0,43 44,1,23,,31958,4,0,43 44,1,62,,31959,4,0,43 44,1,23,,31960,4,0,43 44,1,23,,31961,4,0,43 44,1,60,,31962,4,0,43 44,1,17,,31963,4,0,43 44,1,18,,31964,4,0,43 44,1,58,,31965,4,0,43 44,1,18,,31966,4,0,43 44,1,18,,31967,4,0,43 44,1,18,,31968,4,0,43 44,1,45,,31969,4,0,43 44,1,18,,31970,4,0,43 44,1,19,,31971,4,0,43 44,1,18,,31972,4,0,43 44,1,57,,31973,4,0,43 44,1,18,,31974,4,0,43 44,1,19,,31975,4,0,43 44,1,58,,31976,4,0,43 44,1,18,,31977,4,0,43 44,1,18,,31978,4,0,43 44,1,58,,31979,4,0,43 44,1,18,,31980,4,0,43 44,1,18,,31981,4,0,43 44,1,19,,31982,4,0,43 44,1,58,,31983,4,0,43 44,1,19,,31984,4,0,43 44,1,19,,31985,4,0,43 44,1,59,,31986,4,0,43 44,1,19,,31987,4,0,43 44,1,19,,31988,4,0,43 44,1,59,,31989,4,0,43 44,1,19,,31990,4,0,43 44,1,19,,31991,4,0,43 44,1,59,,31992,4,0,43 44,1,19,,31993,4,0,43 44,1,19,,31994,4,0,43 44,1,59,,31995,4,0,43 44,1,19,,31996,4,0,43 44,1,18,,31997,4,0,43 44,1,60,,31998,4,0,43 44,1,19,,31999,4,0,43 44,1,19,,32000,4,0,43 44,1,19,,32001,4,0,43 44,1,59,,32002,4,0,43 44,1,18,,32003,4,0,43 44,1,19,,32004,4,0,43 44,1,58,,32005,4,0,43 44,1,18,,32006,4,0,43 44,1,18,,32007,4,0,43 44,1,58,,32008,4,0,43 44,1,18,,32009,4,0,43 44,1,17,,32010,4,0,43 44,1,17,,32011,4,0,43 44,1,58,,32012,4,0,43 44,1,16,,32013,4,0,43 44,1,17,,32014,4,0,43 44,1,58,,32015,4,0,43 44,1,20,,32016,4,0,43 44,1,22,,32017,4,0,43 44,1,62,,32018,4,0,43 44,1,20,,32019,4,0,43 44,1,21,,32020,4,0,43 44,1,61,,32021,4,0,43 44,1,19,,32022,4,0,43 44,1
1104,'MASunday',638,,32069,4,0,43 44,1,62,,32050,4,0,43 44,1,22,,32037,4,0,43 44,1,22,,32065,4,0,43 44,1,63,,32051,4,0,43 44,1,23,,32036,4,0,43 44,1,22,,32067,4,0,43 44,1,63,,32052,4,0,43 44,1,23,,32038,4,0,43 44,1,64,,32068,4,0,43 44,1,24,,32057,4,0,43 44,1,18,,32040,4,0,43 44,1,57,,32026,4,0,43 44,1,18,,32075,4,0,43 44,1,18,,32058,4,0,43 44,1,18,,32043,4,0,43 44,1,58,,32028,4,0,43 44,1,18,,32076,4,0,43 44,1,18,,32060,4,0,43 44,1,58,,32042,4,0,43 44,1,18,,32027,4,0,43 44,1,19,,32074,4,0,43 44,1,58,,32059,4,0,43 44,1,18,,32044,4,0,43 44,1,19,,32029,4,0,43 44,1,19,,32073,4,0,43 44,1,58,,32056,4,0,43 44,1,18,,32045,4,0,43 44,1,19,,32030,4,0,43 44,1,59,,32072,4,0,43 44,1,19,,32055,4,0,43 44,1,18,,32046,4,0,43 44,1,59,,32031,4,0,43 44,1,19,,32077,4,0,43 44,1,19,,32061,4,0,43 44,1,58,,32039,4,0,43 44,1,19,,32032,4,0,43 44,1,18,,32081,4,0,43 44,1,18,,32062,4,0,43 44,1,58,,32048,4,0,43 44,1,18,,32034,4,0,43 44,1,19,,32080,4,0,43 44,1,57,,32064,4,0,43 44,1,17,,32047,4,0,43 44,1,18,,32035,4,0,43 44,1,58,,32079,4,0,43 44,1,17,,32063,4,0,43 44,1,17,,32041,4,0,43 44,1,17,,32033,4,0,43 44,1,63,,32078,4,0,43 44,1,23,,32053,4,0,43 44,1,62,,32023,4,0,43 44,1,23,,32070,4,0,43 44,1,23,,32054,4,0,43 44,1,63,,32024,4,0,43 44,1,23,,32071,4,0,43 44,1,22,,32049,4,0,43 44,1,62,,32025,4,0,43 44,1,22,,32066,4,0,43 44,1
1104,'MAWeekday',429,,32082,4,0,43 44,1,71,,32083,4,0,43 44,1,13,,32084,4,0,43 44,1,14,,32085,4,0,43 44,1,14,,32086,4,0,43 44,1,13,,32087,4,0,43 44,1,51,,32088,4,0,43 44,1,10,,32089,4,0,43 44,1,10,,32090,4,0,43 44,1,11,,32091,4,0,43 44,1,10,,32092,4,0,43 44,1,10,,32093,4,0,43 44,1,52,,32094,4,0,43 44,1,11,,32095,4,0,43 44,1,9,,32096,4,0,43 44,1,11,,32097,4,0,43 44,1,10,,32098,4,0,43 44,1,10,,32099,4,0,43 44,1,51,,32100,4,0,43 44,1,15,,32101,4,0,43 44,1,15,,32102,4,0,43 44,1,15,,32103,4,0,43 44,1,55,,32104,4,0,43 44,1,15,,32105,4,0,43 44,1,15,,32106,4,0,43 44,1,15,,32107,4,0,43 44,1,55,,32108,4,0,43 44,1,15,,32109,4,0,43 44,1,15,,32110,4,0,43 44,1,15,,32111,4,0,43 44,1,55,,32112,4,0,43 44,1,15,,32113,4,0,43 44,1,15,,32114,4,0,43 44,1,15,,32115,4,0,43 44,1,55,,32116,4,0,43 44,1,15,,32117,4,0,43 44,1,15,,32118,4,0,43 44,1,15,,32119,4,0,43 44,1,55,,32120,4,0,43 44,1,15,,32121,4,0,43 44,1,15,,32122,4,0,43 44,1,15,,32123,4,0,43 44,1,55,,32124,4,0,43 44,1,15,,32125,4,0,43 44,1,14,,32126,4,0,43 44,1,12,,32127,4,0,43 44,1,51,,32128,4,0,43 44,1,12,,32129,4,0,43 44,1,12,,32130,4,0,43 44,1,15,,32131,4,0,43 44,1,12,,32132,4,0,43 44,1,52,,32133,4,0,43 44,1,12,,32134,4,0,43 44,1,12,,32135,4,0,43 44,1,12,,32136,4,0,43 44,1,13,,32137,4,0,43 44,1,52,,32138,4,0,43 44,1,12,,32139,4,0,43 44,1,11,,32140,4,0,43 44,1,13,,32141,4,0,43 44,1,12,,32142,4,0,43 44,1,51,,32143,4,0,43 44,1,12,,32144,4,0,43 44,1,12,,32145,4,0,43 44,1,19,,32146,4,0,43 44,1,59,,32147,4,0,43 44,1,19,,32148,4,0,43 44,1,19,,32149,4,0,43 44,1,58,,32150,4,0,43 44,1,18,,32151,4,0,43 44,1,18,,32152,4,0,43 44,1,18,,32153,4,0,43 44,1,57,,32154,4,0,43 44,1,18,,32155,4,0,43 44,1,24,,32156,4,0,43 44,1,64,,32157,4,0,43 44,1,23,,32158,4,0,43 44,1,63,,32159,4,0,43 44,1,23,,32160,4,0,43 44,1,23,,32161,4,0,43 44,1,61,,32162,4,0,43 44,1,23,,32163,4,0,43 44,1,64,,32164,4,0,43 44,1,29,,32165,4,0,43 44,1,30,,32166,4,0,43 44,1,70,,32167,4,0,43 44,1,29,,32168,4,0,43 44,1
1802,'CPWeekday',543,,33181,4,0,15 16,1,60,,33182,4,0,15 16,1,20,,33183,4,0,15 16,1,18,,33184,4,0,15 16,1,18,,33185,4,0,15 16,1,58,,33186,4,0,15 16,1,18,,33187,4,0,15 16,1,18,,33188,4,0,15 16,1,60,,33189,4,0,15 16,1,20,,33190,4,0,15 16,1,20,,33191,4,0,15 16,1,60,,33192,4,0,15 16,1,20,,33193,4,0,15 16,1,500,,33194,4,0,15 16,1,20,,33195,4,0,15 16,1,60,,33196,4,0,15 16,1,20,,33197,4,0,15 16,1,20,,33198,4,0,15 16,1,60,,33199,4,0,15 16,1,18,,33200,4,0,15 16,1,18,,33201,4,0,15 16,1,58,,33202,4,0,15 16,1,18,,33203,4,0,15 16,1,18,,33204,4,0,15 16,1,58,,33205,4,0,15 16,1,18,,33206,4,0,15 16,1,20,,33207,4,0,15 16,1,20,,33208,4,0,15 16,1,60,,33209,4,0,15 16,1,22,,33210,4,0,15 16,1
2404,'MAWeekday',442,,34077,4,0,18 12,1,70,,34078,4,0,18 12,1,38,,34079,4,0,18 12,1,71,,34080,4,0,18 12,1,37,,34081,4,0,18 12,1,73,,34082,4,0,18 12,1,77,,34083,4,0,18 12,1,36,,34084,4,0,18 12,1,73,,34085,4,0,18 12,1,32,,34086,4,0,18 12,1,373,,34087,4,0,18 12,1,35,,34088,4,0,18 12,1,76,,34089,4,0,18 12,1,75,,34090,4,0,18 12,1,36,,34091,4,0,18 12,1,76,,34092,4,0,18 12,1,36,,34093,4,0,18 12,1,75,,34094,4,0,18 12,1,76,,34095,4,0,18 12,1
4202,'CPWeekday',402,,37037,4,0,5,1,24,,37038,4,0,5,1,22,,37039,4,0,5,1,62,,37040,4,0,5,1,23,,37041,4,0,5,1,15,,37042,4,0,5,1,55,,37043,4,0,5,1,15,,37044,4,0,5,1,15,,37045,4,0,5,1,15,,37046,4,0,5,1,55,,37047,4,0,5,1,15,,37048,4,0,5,1,15,,37049,4,0,5,1,15,,37050,4,0,5,1,55,,37051,4,0,5,1,15,,37052,4,0,5,1,15,,37053,4,0,5,1,15,,37054,4,0,5,1,55,,37055,4,0,5,1,15,,37056,4,0,5,1,15,,37057,4,0,5,1,15,,37058,4,0,5,1,55,,37059,4,0,5,1,15,,37060,4,0,5,1,15,,37061,4,0,5,1,15,,37062,4,0,5,1,55,,37063,4,0,5,1,15,,37064,4,0,5,1,15,,37065,4,0,5,1,15,,37066,4,0,5,1,55,,37067,4,0,5,1,15,,37068,4,0,5,1,15,,37069,4,0,5,1,15,,37070,4,0,5,1,55,,37071,4,0,5,1,15,,37072,4,0,5,1,15,,37073,4,0,5,1,15,,37074,4,0,5,1,55,,37075,4,0,5,1,15,,37076,4,0,5,1,15,,37077,4,0,5,1,15,,37078,4,0,5,1,55,,37079,4,0,5,1,15,,37080,4,0,5,1,15,,37081,4,0,5,1,15,,37082,4,0,5,1,55,,37083,4,0,5,1,15,,37084,4,0,5,1,15,,37085,4,0,5,1,15,,37086,4,0,5,1,55,,37087,4,0,5,1,15,,37088,4,0,5,1,15,,37089,4,0,5,1,15,,37090,4,0,5,1,55,,37091,4,0,5,1,15,,37092,4,0,5,1,15,,37093,4,0,5,1,15,,37094,4,0,5,1,55,,37095,4,0,5,1,15,,37096,4,0,5,1,15,,37097,4,0,5,1,15,,37098,4,0,5,1,55,,37099,4,0,5,1,15,,37100,4,0,5,1,15,,37101,4,0,5,1,15,,37102,4,0,5,1,55,,37103,4,0,5,1,15,,37104,4,0,5,1,15,,37105,4,0,5,1,15,,37106,4,0,5,1,55,,37107,4,0,5,1,15,,37108,4,0,5,1,15,,37109,4,0,5,1,15,,37110,4,0,5,1,54,,37111,4,0,5,1,15,,37112,4,0,5,1,15,,37113,4,0,5,1,15,,37114,4,0,5,1,55,,37115,4,0,5,1,15,,37116,4,0,5,1,15,,37117,4,0,5,1,15,,37118,4,0,5,1,55,,37119,4,0,5,1
4202,'MAHoliday1',532,,37120,4,0,5,1,22,,37121,4,0,5,1,62,,37122,4,0,5,1,24,,37123,4,0,5,1,64,,37124,4,0,5,1,24,,37125,4,0,5,1,24,,37126,4,0,5,1,64,,37127,4,0,5,1,20,,37128,4,0,5,1,20,,37129,4,0,5,1,61,,37130,4,0,5,1,22,,37131,4,0,5,1,62,,37132,4,0,5,1,22,,37133,4,0,5,1,24,,37134,4,0,5,1,64,,37135,4,0,5,1,24,,37136,4,0,5,1,22,,37137,4,0,5,1,62,,37138,4,0,5,1,22,,37139,4,0,5,1,62,,37140,4,0,5,1,20,,37141,4,0,5,1,20,,37142,4,0,5,1,60,,37143,4,0,5,1,20,,37144,4,0,5,1,20,,37145,4,0,5,1,60,,37146,4,0,5,1,20,,37147,4,0,5,1,20,,37148,4,0,5,1,60,,37149,4,0,5,1,20,,37150,4,0,5,1,20,,37151,4,0,5,1,60,,37152,4,0,5,1,20,,37153,4,0,5,1,20,,37154,4,0,5,1,60,,37155,4,0,5,1,20,,37156,4,0,5,1,20,,37157,4,0,5,1,60,,37158,4,0,5,1,20,,37159,4,0,5,1,20,,37160,4,0,5,1,60,,37161,4,0,5,1,20,,37162,4,0,5,1,20,,37163,4,0,5,1,62,,37164,4,0,5,1,24,,37165,4,0,5,1,24,,37166,4,0,5,1,61,,37167,4,0,5,1,20,,37168,4,0,5,1,18,,37169,4,0,5,1,60,,37170,4,0,5,1,20,,37171,4,0,5,1,20,,37172,4,0,5,1,60,,37173,4,0,5,1,20,,37174,4,0,5,1
4202,'MASaturday',452,,37199,4,0,5,1,55,,37200,4,0,5,1,15,,37201,4,0,5,1,15,,37202,4,0,5,1,15,,37203,4,0,5,1,56,,37204,4,0,5,1,15,,37175,4,0,5,1,15,,37184,4,0,5,1,15,,37205,4,0,5,1,55,,37206,4,0,5,1,16,,37207,4,0,5,1,16,,37208,4,0,5,1,18,,37209,4,0,5,1,58,,37210,4,0,5,1,18,,37176,4,0,5,1,18,,37185,4,0,5,1,58,,37211,4,0,5,1,18,,37212,4,0,5,1,18,,37213,4,0,5,1,58,,37214,4,0,5,1,16,,37215,4,0,5,1,16,,37216,4,0,5,1,15,,37177,4,0,5,1,55,,37186,4,0,5,1,15,,37217,4,0,5,1,14,,37193,4,0,5,1,14,,37218,4,0,5,1,55,,37219,4,0,5,1,15,,37220,4,0,5,1,16,,37221,4,0,5,1,16,,37222,4,0,5,1,56,,37178,4,0,5,1,16,,37187,4,0,5,1,16,,37223,4,0,5,1,16,,37194,4,0,5,1,56,,37224,4,0,5,1,16,,37225,4,0,5,1,16,,37226,4,0,5,1,16,,37227,4,0,5,1,56,,37228,4,0,5,1,16,,37179,4,0,5,1,16,,37188,4,0,5,1,56,,37229,4,0,5,1,16,,37195,4,0,5,1,16,,37230,4,0,5,1,16,,37231,4,0,5,1,56,,37232,4,0,5,1,16,,37233,4,0,5,1,16,,37234,4,0,5,1,16,,37180,4,0,5,1,56,,37189,4,0,5,1,16,,37235,4,0,5,1,16,,37196,4,0,5,1,16,,37236,4,0,5,1,56,,37237,4,0,5,1,16,,37238,4,0,5,1,18,,37239,4,0,5,1,60,,37181,4,0,5,1,20,,37190,4,0,5,1,20,,37240,4,0,5,1,60,,37197,4,0,5,1,22,,37241,4,0,5,1,22,,37242,4,0,5,1,59,,37182,4,0,5,1,20,,37191,4,0,5,1,20,,37243,4,0,5,1,60,,37198,4,0,5,1,20,,37244,4,0,5,1,20,,37245,4,0,5,1,60,,37183,4,0,5,1,20,,37192,4,0,5,1,15,,37246,4,0,5,1
4202,'MASunday',532,,37247,4,0,5,1,22,,37248,4,0,5,1,62,,37249,4,0,5,1,24,,37250,4,0,5,1,64,,37251,4,0,5,1,24,,37252,4,0,5,1,24,,37253,4,0,5,1,64,,37254,4,0,5,1,20,,37255,4,0,5,1,20,,37256,4,0,5,1,61,,37257,4,0,5,1,22,,37258,4,0,5,1,62,,37259,4,0,5,1,22,,37260,4,0,5,1,24,,37261,4,0,5,1,64,,37262,4,0,5,1,24,,37263,4,0,5,1,22,,37264,4,0,5,1,62,,37265,4,0,5,1,22,,37266,4,0,5,1,62,,37267,4,0,5,1,20,,37268,4,0,5,1,20,,37269,4,0,5,1,60,,37270,4,0,5,1,20,,37271,4,0,5,1,20,,37272,4,0,5,1,60,,37273,4,0,5,1,20,,37274,4,0,5,1,20,,37275,4,0,5,1,60,,37276,4,0,5,1,20,,37277,4,0,5,1,20,,37278,4,0,5,1,60,,37279,4,0,5,1,20,,37280,4,0,5,1,20,,37281,4,0,5,1,60,,37282,4,0,5,1,20,,37283,4,0,5,1,20,,37284,4,0,5,1,60,,37285,4,0,5,1,20,,37286,4,0,5,1,20,,37287,4,0,5,1,60,,37288,4,0,5,1,20,,37289,4,0,5,1,20,,37290,4,0,5,1,62,,37291,4,0,5,1,24,,37292,4,0,5,1,24,,37293,4,0,5,1,61,,37294,4,0,5,1,20,,37295,4,0,5,1,18,,37296,4,0,5,1,60,,37297,4,0,5,1,20,,37298,4,0,5,1,20,,37299,4,0,5,1,60,,37300,4,0,5,1,20,,37301,4,0,5,1
