804,'CPSaturday',554,,2857,1,0,46 47 7,1,81,,2851,1,0,46 47 7,1,81,,2858,1,0,46 47 7,1,41,,2846,1,0,46 47 7,1,85,,2859,1,0,46 47 7,1,85,,2849,1,0,46 47 7,1,86,,2860,1,0,46 47 7,1,89,,2848,1,0,46 47 7,1,50,,2861,1,0,46 47 7,1,91,,2855,1,0,46 47 7,1,91,,2862,1,0,46 47 7,1,93,,2847,1,0,46 47 7,1,93,,2856,1,0,46 47 7,1,93,,2852,1,0,46 47 7,1,93,,2864,1,0,46 47 7,1,53,,2845,1,0,46 47 7,1,92,,2866,1,0,46 47 7,1,90,,2854,1,0,46 47 7,1,89,,2867,1,0,46 47 7,1,86,,2850,1,0,46 47 7,1,86,,2863,1,0,46 47 7,1,46,,2853,1,0,46 47 7,1,87,,2865,1,0,46 47 7,1
804,'CPWeekday',535,,2897,1,0,46 47 7,1,71,,2896,1,0,46 47 7,1,33,,2892,1,0,46 47 7,1,72,,2895,1,0,46 47 7,1,89,,2894,1,0,46 47 7,1,25,,2893,1,0,46 47 7,1,78,,2891,1,0,46 47 7,1,37,,2890,1,0,46 47 7,1,78,,2888,1,0,46 47 7,1,34,,2889,1,0,46 47 7,1,75,,2887,1,0,46 47 7,1,75,,2885,1,0,46 47 7,1,35,,2886,1,0,46 47 7,1,75,,2884,1,0,46 47 7,1,38,,2883,1,0,46 47 7,1,80,,2882,1,0,46 47 7,1,84,,2881,1,0,46 47 7,1,43,,2880,1,0,46 47 7,1,79,,2876,1,0,46 47 7,1,79,,2874,1,0,46 47 7,1,39,,2873,1,0,46 47 7,1,77,,2878,1,0,46 47 7,1,73,,2869,1,0,46 47 7,1,33,,2868,1,0,46 47 7,1,73,,2875,1,0,46 47 7,1,40,,2870,1,0,46 47 7,1,81,,2879,1,0,46 47 7,1,82,,2872,1,0,46 47 7,1,42,,2877,1,0,46 47 7,1,83,,2871,1,0,46 47 7,1
902,'CPHoliday1',612,,3061,1,0,8 9 10,1,45,,3060,1,0,8 9 10,1,86,,3059,1,0,8 9 10,1,89,,3058,1,0,8 9 10,1,89,,3052,1,0,8 9 10,1,89,,3051,1,0,8 9 10,1,48,,3057,1,0,8 9 10,1,77,,3048,1,0,8 9 10,1,76,,3046,1,0,8 9 10,1,36,,3056,1,0,8 9 10,1,76,,3049,1,0,8 9 10,1,36,,3050,1,0,8 9 10,1,77,,3053,1,0,8 9 10,1,78,,3041,1,0,8 9 10,1,38,,3042,1,0,8 9 10,1,77,,3055,1,0,8 9 10,1,77,,3040,1,0,8 9 10,1,37,,3044,1,0,8 9 10,1,77,,3054,1,0,8 9 10,1,39,,3039,1,0,8 9 10,1,87,,3043,1,0,8 9 10,1,94,,3038,1,0,8 9 10,1,90,,3045,1,0,8 9 10,1,90,,3037,1,0,8 9 10,1,90,,3047,1,0,8 9 10,1
902,'CPSaturday',602,,3095,1,0,8 9 10,1,30,,3096,1,0,8 9 10,1,71,,3094,1,0,8 9 10,1,31,,3092,1,0,8 9 10,1,73,,3093,1,0,8 9 10,1,34,,3081,1,0,8 9 10,1,74,,3089,1,0,8 9 10,1,35,,3080,1,0,8 9 10,1,73,,3072,1,0,8 9 10,1,35,,3083,1,0,8 9 10,1,76,,3076,1,0,8 9 10,1,77,,3069,1,0,8 9 10,1,37,,3084,1,0,8 9 10,1,77,,3075,1,0,8 9 10,1,77,,3068,1,0,8 9 10,1,40,,3085,1,0,8 9 10,1,79,,3077,1,0,8 9 10,1,38,,3067,1,0,8 9 10,1,78,,3086,1,0,8 9 10,1,79,,3078,1,0,8 9 10,1,37,,3066,1,0,8 9 10,1,77,,3087,1,0,8 9 10,1,75,,3070,1,0,8 9 10,1,35,,3065,1,0,8 9 10,1,75,,3088,1,0,8 9 10,1,35,,3073,1,0,8 9 10,1,75,,3064,1,0,8 9 10,1,34,,3090,1,0,8 9 10,1,74,,3071,1,0,8 9 10,1,73,,3063,1,0,8 9 10,1,34,,3082,1,0,8 9 10,1,74,,3074,1,0,8 9 10,1,30,,3062,1,0,8 9 10,1,67,,3091,1,0,8 9 10,1,27,,3079,1,0,8 9 10,1
902,'CPSunday',612,,3121,1,0,8 9 10,1,45,,3120,1,0,8 9 10,1,86,,3119,1,0,8 9 10,1,89,,3118,1,0,8 9 10,1,89,,3112,1,0,8 9 10,1,89,,3111,1,0,8 9 10,1,48,,3117,1,0,8 9 10,1,77,,3108,1,0,8 9 10,1,76,,3106,1,0,8 9 10,1,36,,3116,1,0,8 9 10,1,76,,3109,1,0,8 9 10,1,36,,3110,1,0,8 9 10,1,77,,3113,1,0,8 9 10,1,78,,3101,1,0,8 9 10,1,38,,3102,1,0,8 9 10,1,77,,3115,1,0,8 9 10,1,77,,3100,1,0,8 9 10,1,37,,3104,1,0,8 9 10,1,77,,3114,1,0,8 9 10,1,39,,3099,1,0,8 9 10,1,87,,3103,1,0,8 9 10,1,94,,3098,1,0,8 9 10,1,90,,3105,1,0,8 9 10,1,90,,3097,1,0,8 9 10,1,90,,3107,1,0,8 9 10,1
902,'CPWeekday',500,,3166,1,0,8 9 10,1,26,,3167,1,0,8 9 10,1,22,,3168,1,0,8 9 10,1,61,,3169,1,0,8 9 10,1,23,,3170,1,0,8 9 10,1,19,,3160,1,0,8 9 10,1,62,,3162,1,0,8 9 10,1,22,,3164,1,0,8 9 10,1,67,,3163,1,0,8 9 10,1,20,,3165,1,0,8 9 10,1,28,,3161,1,0,8 9 10,1,67,,3155,1,0,8 9 10,1,25,,3158,1,0,8 9 10,1,65,,3157,1,0,8 9 10,1,20,,3159,1,0,8 9 10,1,19,,3154,1,0,8 9 10,1,69,,3156,1,0,8 9 10,1,30,,3152,1,0,8 9 10,1,70,,3153,1,0,8 9 10,1,30,,3150,1,0,8 9 10,1,69,,3151,1,0,8 9 10,1,28,,3149,1,0,8 9 10,1,59,,3148,1,0,8 9 10,1,19,,3147,1,0,8 9 10,1,27,,3146,1,0,8 9 10,1,70,,3145,1,0,8 9 10,1,30,,3144,1,0,8 9 10,1,65,,3143,1,0,8 9 10,1,25,,3142,1,0,8 9 10,1,67,,3141,1,0,8 9 10,1,20,,3140,1,0,8 9 10,1,28,,3139,1,0,8 9 10,1,70,,3138,1,0,8 9 10,1,28,,3132,1,0,8 9 10,1,65,,3133,1,0,8 9 10,1,24,,3129,1,0,8 9 10,1,72,,3128,1,0,8 9 10,1,29,,3127,1,0,8 9 10,1,72,,3134,1,0,8 9 10,1,29,,3130,1,0,8 9 10,1,67,,3124,1,0,8 9 10,1,27,,3123,1,0,8 9 10,1,67,,3135,1,0,8 9 10,1,25,,3131,1,0,8 9 10,1,27,,3125,1,0,8 9 10,1,66,,3122,1,0,8 9 10,1,27,,3136,1,0,8 9 10,1,84,,3126,1,0,8 9 10,1,84,,3137,1,0,8 9 10,1
1003,'CPHoliday1',751,,3198,1,0,5,1,70,,3197,1,0,5,1,30,,3196,1,0,5,1,73,,3195,1,0,5,1,33,,3194,1,0,5,1,73,,3193,1,0,5,1,75,,3192,1,0,5,1,35,,3191,1,0,5,1,75,,3190,1,0,5,1,35,,3189,1,0,5,1,75,,3188,1,0,5,1,75,,3187,1,0,5,1,35,,3186,1,0,5,1,75,,3185,1,0,5,1,35,,3184,1,0,5,1,75,,3183,1,0,5,1,36,,3179,1,0,5,1,76,,3181,1,0,5,1,76,,3178,1,0,5,1,35,,3177,1,0,5,1,74,,3176,1,0,5,1,34,,3182,1,0,5,1,74,,3175,1,0,5,1,34,,3173,1,0,5,1,73,,3172,1,0,5,1,73,,3180,1,0,5,1,33,,3174,1,0,5,1,73,,3171,1,0,5,1,28,,3199,1,0,5,1,68,,3200,1,0,5,1,28,,3201,1,0,5,1
1003,'CPSaturday',603,,3242,1,0,5,1,24,,3239,1,0,5,1,25,,3237,1,0,5,1,65,,3241,1,0,5,1,24,,3240,1,0,5,1,65,,3238,1,0,5,1,26,,3235,1,0,5,1,27,,3236,1,0,5,1,67,,3233,1,0,5,1,27,,3234,1,0,5,1,67,,3232,1,0,5,1,27,,3231,1,0,5,1,67,,3230,1,0,5,1,28,,3229,1,0,5,1,68,,3228,1,0,5,1,28,,3227,1,0,5,1,68,,3226,1,0,5,1,29,,3225,1,0,5,1,69,,3224,1,0,5,1,29,,3223,1,0,5,1,69,,3222,1,0,5,1,29,,3221,1,0,5,1,69,,3216,1,0,5,1,29,,3215,1,0,5,1,29,,3211,1,0,5,1,69,,3219,1,0,5,1,29,,3210,1,0,5,1,68,,3209,1,0,5,1,28,,3212,1,0,5,1,68,,3206,1,0,5,1,26,,3220,1,0,5,1,66,,3207,1,0,5,1,26,,3203,1,0,5,1,67,,3213,1,0,5,1,27,,3205,1,0,5,1,26,,3218,1,0,5,1,65,,3208,1,0,5,1,26,,3202,1,0,5,1,65,,3214,1,0,5,1,25,,3204,1,0,5,1,65,,3217,1,0,5,1
1003,'CPSunday',751,,3270,1,0,5,1,70,,3269,1,0,5,1,30,,3268,1,0,5,1,73,,3267,1,0,5,1,33,,3266,1,0,5,1,73,,3265,1,0,5,1,75,,3264,1,0,5,1,35,,3263,1,0,5,1,75,,3262,1,0,5,1,35,,3261,1,0,5,1,75,,3260,1,0,5,1,75,,3259,1,0,5,1,35,,3258,1,0,5,1,75,,3257,1,0,5,1,35,,3256,1,0,5,1,75,,3255,1,0,5,1,36,,3251,1,0,5,1,76,,3253,1,0,5,1,76,,3250,1,0,5,1,35,,3249,1,0,5,1,74,,3248,1,0,5,1,34,,3254,1,0,5,1,74,,3247,1,0,5,1,34,,3245,1,0,5,1,73,,3244,1,0,5,1,73,,3252,1,0,5,1,33,,3246,1,0,5,1,73,,3243,1,0,5,1
1003,'CPWeekday',457,,3317,1,0,5,1,61,,3316,1,0,5,1,22,,3318,1,0,5,1,63,,3319,1,0,5,1,23,,3315,1,0,5,1,24,,3314,1,0,5,1,64,,3313,1,0,5,1,25,,3311,1,0,5,1,66,,3312,1,0,5,1,26,,3310,1,0,5,1,26,,3309,1,0,5,1,66,,3307,1,0,5,1,25,,3308,1,0,5,1,65,,3306,1,0,5,1,25,,3305,1,0,5,1,65,,3304,1,0,5,1,25,,3303,1,0,5,1,25,,3302,1,0,5,1,65,,3301,1,0,5,1,25,,3300,1,0,5,1,65,,3299,1,0,5,1,25,,3298,1,0,5,1,24,,3296,1,0,5,1,65,,3297,1,0,5,1,26,,3290,1,0,5,1,65,,3287,1,0,5,1,21,,3286,1,0,5,1,21,,3294,1,0,5,1,62,,3285,1,0,5,1,24,,3283,1,0,5,1,64,,3281,1,0,5,1,25,,3282,1,0,5,1,25,,3280,1,0,5,1,61,,3278,1,0,5,1,21,,3293,1,0,5,1,21,,3289,1,0,5,1,61,,3277,1,0,5,1,21,,3276,1,0,5,1,62,,3279,1,0,5,1,23,,3275,1,0,5,1,75,,3291,1,0,5,1,30,,3288,1,0,5,1,74,,3272,1,0,5,1,34,,3273,1,0,5,1,73,,3292,1,0,5,1,31,,3284,1,0,5,1,71,,3271,1,0,5,1,29,,3274,1,0,5,1,66,,3295,1,0,5,1
1004,'CPHoliday1',809,,3349,73,4,,1,30,,3348,73,4,,1,71,,3347,73,4,,1,34,,3346,73,4,,1,75,,3345,73,4,,1,34,,3344,73,4,,1,75,,3343,73,4,,1,74,,3342,73,4,,1,36,,3341,73,4,,1,75,,3339,73,4,,1,35,,3340,73,4,,1,75,,3338,73,4,,1,34,,3337,73,4,,1,75,,3335,73,4,,1,76,,3336,73,4,,1,35,,3334,73,4,,1,77,,3330,73,4,,1,36,,3332,73,4,,1,74,,3328,73,4,,1,76,,3327,73,4,,1,34,,3331,73,4,,1,74,,3324,73,4,,1,33,,3325,73,4,,1,73,,3322,73,4,,1,33,,3329,73,4,,1,73,,3326,73,4,,1,33,,3321,73,4,,1,70,,3320,73,4,,1,29,,3333,73,4,,1,69,,3323,73,4,,1
1004,'CPSaturday',701,,3389,73,4,,1,29,,3387,73,4,,1,26,,3388,73,4,,1,66,,3385,73,4,,1,26,,3386,73,4,,1,68,,3382,73,4,,1,26,,3383,73,4,,1,68,,3381,73,4,,1,27,,3384,73,4,,1,67,,3379,73,4,,1,27,,3380,73,4,,1,28,,3378,73,4,,1,68,,3377,73,4,,1,28,,3376,73,4,,1,68,,3375,73,4,,1,30,,3374,73,4,,1,69,,3373,73,4,,1,29,,3371,73,4,,1,68,,3372,73,4,,1,29,,3370,73,4,,1,69,,3369,73,4,,1,30,,3364,73,4,,1,69,,3365,73,4,,1,28,,3360,73,4,,1,70,,3359,73,4,,1,27,,3363,73,4,,1,68,,3358,73,4,,1,25,,3368,73,4,,1,68,,3357,73,4,,1,25,,3354,73,4,,1,28,,3361,73,4,,1,66,,3351,73,4,,1,26,,3367,73,4,,1,65,,3355,73,4,,1,26,,3353,73,4,,1,66,,3362,73,4,,1,25,,3352,73,4,,1,24,,3366,73,4,,1,62,,3356,73,4,,1,23,,3350,73,4,,1
1004,'CPSunday',809,,3419,73,4,,1,30,,3418,73,4,,1,71,,3417,73,4,,1,34,,3416,73,4,,1,75,,3415,73,4,,1,34,,3414,73,4,,1,75,,3413,73,4,,1,74,,3412,73,4,,1,36,,3411,73,4,,1,75,,3409,73,4,,1,35,,3410,73,4,,1,75,,3408,73,4,,1,34,,3407,73,4,,1,75,,3405,73,4,,1,76,,3406,73,4,,1,35,,3404,73,4,,1,77,,3400,73,4,,1,36,,3402,73,4,,1,74,,3398,73,4,,1,76,,3397,73,4,,1,34,,3401,73,4,,1,74,,3394,73,4,,1,33,,3395,73,4,,1,73,,3392,73,4,,1,33,,3399,73,4,,1,73,,3396,73,4,,1,33,,3391,73,4,,1,70,,3390,73,4,,1,29,,3403,73,4,,1,69,,3393,73,4,,1
1004,'CPWeekday',530,,3469,73,4,,1,24,,3465,73,4,,1,63,,3468,73,4,,1,23,,3467,73,4,,1,63,,3466,73,4,,1,24,,3463,73,4,,1,28,,3464,73,4,,1,66,,3462,73,4,,1,27,,3461,73,4,,1,67,,3460,73,4,,1,25,,3459,73,4,,1,62,,3457,73,4,,1,25,,3458,73,4,,1,23,,3456,73,4,,1,65,,3455,73,4,,1,25,,3454,73,4,,1,64,,3453,73,4,,1,25,,3452,73,4,,1,26,,3451,73,4,,1,66,,3450,73,4,,1,27,,3449,73,4,,1,65,,3448,73,4,,1,26,,3447,73,4,,1,66,,3445,73,4,,1,30,,3446,73,4,,1,67,,3440,73,4,,1,27,,3437,73,4,,1,27,,3439,73,4,,1,66,,3438,73,4,,1,24,,3432,73,4,,1,62,,3431,73,4,,1,19,,3442,73,4,,1,20,,3436,73,4,,1,62,,3429,73,4,,1,21,,3428,73,4,,1,22,,3430,73,4,,1,62,,3427,73,4,,1,18,,3426,73,4,,1,19,,3444,73,4,,1,62,,3433,73,4,,1,20,,3425,73,4,,1,23,,3423,73,4,,1,73,,3424,73,4,,1,72,,3441,73,4,,1,31,,3435,73,4,,1,72,,3421,73,4,,1,30,,3422,73,4,,1,66,,3443,73,4,,1,29,,3434,73,4,,1,26,,3420,73,4,,1
37502,'CPWeekday',708,,13960,1,0,70 71,1
