3803,'CPHoliday1',839,,8088,69,0,5,1,94,,8099,69,0,5,1,94,,8089,69,0,5,1,91,,8090,69,0,5,1,98,,8095,69,0,5,1,97,,8092,69,0,5,1,96,,8091,69,0,5,1,95,,8098,69,0,5,1,97,,8093,69,0,5,1,55,,8097,69,0,5,1,93,,8094,69,0,5,1,94,,8096,69,0,5,1,93,,8100,69,0,5,1,92,,8102,69,0,5,1,88,,8101,69,0,5,1
3803,'CPSaturday',727,,8117,69,0,5,1,78,,8118,69,0,5,1,30,,8119,69,0,5,1,73,,8120,69,0,5,1,31,,8121,69,0,5,1,71,,8122,69,0,5,1,34,,8123,69,0,5,1,74,,8124,69,0,5,1,31,,8125,69,0,5,1,74,,8126,69,0,5,1,34,,8127,69,0,5,1,74,,8128,69,0,5,1,75,,8129,69,0,5,1,34,,8130,69,0,5,1,77,,8131,69,0,5,1,35,,8132,69,0,5,1,75,,8133,69,0,5,1,76,,8134,69,0,5,1,34,,8103,69,0,5,1,73,,8104,69,0,5,1,34,,8105,69,0,5,1,73,,8106,69,0,5,1,33,,8107,69,0,5,1,70,,8108,69,0,5,1,31,,8109,69,0,5,1,72,,8110,69,0,5,1,32,,8111,69,0,5,1,68,,8112,69,0,5,1,30,,8113,69,0,5,1,68,,8114,69,0,5,1,27,,8115,69,0,5,1,63,,8116,69,0,5,1
3803,'CPSunday',839,,8135,69,0,5,1,94,,8146,69,0,5,1,94,,8136,69,0,5,1,91,,8137,69,0,5,1,98,,8142,69,0,5,1,97,,8139,69,0,5,1,96,,8138,69,0,5,1,95,,8145,69,0,5,1,97,,8140,69,0,5,1,55,,8144,69,0,5,1,93,,8141,69,0,5,1,94,,8143,69,0,5,1,93,,8147,69,0,5,1,92,,8149,69,0,5,1,88,,8148,69,0,5,1
3803,'CPWeekday',504,,8181,8,0,5,1,21,,8185,76,0,5,1,31,,8174,76,0,5,1,63,,8173,76,0,5,1,30,,8171,76,0,5,1,68,,8170,76,0,5,1,30,,8172,76,0,5,1,74,,8182,76,0,5,1,32,,8176,76,0,5,1,75,,8165,76,0,5,1,75,,8163,76,0,5,1,38,,8162,76,0,5,1,78,,8186,76,0,5,1,40,,8177,76,0,5,1,78,,8164,76,0,5,1,77,,8159,76,0,5,1,36,,8158,76,0,5,1,75,,8183,76,0,5,1,78,,8178,76,0,5,1,16,,8157,76,0,5,1,35,,8168,76,0,5,1,73,,8160,76,0,5,1,30,,8155,76,0,5,1,69,,8156,76,0,5,1,28,,8187,76,0,5,1,68,,8179,76,0,5,1,30,,8154,76,0,5,1,67,,8169,76,0,5,1,31,,8161,76,0,5,1,69,,8151,76,0,5,1,33,,8184,76,0,5,1,73,,8175,76,0,5,1,25,,8150,76,0,5,1,66,,8166,76,0,5,1,84,,8152,76,0,5,1,44,,8180,76,0,5,1,83,,8167,76,0,5,1,81,,8153,76,0,5,1
3902,'CPHoliday1',807,,8435,74,0,5,1,41,,8430,74,0,5,1,81,,8424,74,0,5,1,82,,8421,74,0,5,1,44,,8436,74,0,5,1,83,,8433,74,0,5,1,85,,8425,74,0,5,1,86,,8420,74,0,5,1,45,,8437,74,0,5,1,84,,8431,74,0,5,1,85,,8426,74,0,5,1,86,,8419,74,0,5,1,45,,8438,74,0,5,1,85,,8432,74,0,5,1,85,,8427,74,0,5,1,82,,8418,74,0,5,1,43,,8439,74,0,5,1,80,,8428,74,0,5,1,81,,8423,74,0,5,1,42,,8417,74,0,5,1,78,,8434,74,0,5,1,79,,8429,74,0,5,1,36,,8422,74,0,5,1,70,,8416,74,0,5,1
3902,'CPSaturday',1021,,8444,74,0,5,1,295,,8443,74,0,5,1,234,,8445,74,0,5,1,68,,8442,74,0,5,1,225,,8446,74,0,5,1,70,,8441,74,0,5,1,218,,8447,74,0,5,1,26,,8440,74,0,5,1
3902,'CPSunday',807,,8467,74,0,5,1,41,,8462,74,0,5,1,81,,8456,74,0,5,1,82,,8453,74,0,5,1,44,,8468,74,0,5,1,83,,8465,74,0,5,1,85,,8457,74,0,5,1,86,,8452,74,0,5,1,45,,8469,74,0,5,1,84,,8463,74,0,5,1,85,,8458,74,0,5,1,86,,8451,74,0,5,1,45,,8470,74,0,5,1,85,,8464,74,0,5,1,85,,8459,74,0,5,1,82,,8450,74,0,5,1,43,,8471,74,0,5,1,80,,8460,74,0,5,1,81,,8455,74,0,5,1,42,,8449,74,0,5,1,78,,8466,74,0,5,1,79,,8461,74,0,5,1,36,,8454,74,0,5,1,70,,8448,74,0,5,1
3902,'MASaturday',800,,8492,74,0,5,1,27,,8488,74,0,5,1,27,,8487,74,0,5,1,67,,8481,74,0,5,1,31,,8496,74,0,5,1,97,,8489,74,0,5,1,69,,8484,74,0,5,1,28,,8480,74,0,5,1,70,,8478,74,0,5,1,30,,8495,74,0,5,1,98,,8490,74,0,5,1,73,,8485,74,0,5,1,32,,8476,74,0,5,1,71,,8472,74,0,5,1,127,,8491,74,0,5,1,70,,8482,74,0,5,1,29,,8477,74,0,5,1,67,,8473,74,0,5,1,127,,8493,74,0,5,1,67,,8483,74,0,5,1,29,,8475,74,0,5,1,67,,8474,74,0,5,1,116,,8494,74,0,5,1,22,,8486,74,0,5,1,59,,8479,74,0,5,1
3902,'MAWeekday',531,,8497,75,0,5,1,17,,8498,75,0,5,1,59,,8499,75,0,5,1,19,,8500,75,0,5,1,17,,8501,75,0,5,1,59,,8502,75,0,5,1,23,,8503,75,0,5,1,25,,8504,75,0,5,1,64,,8505,75,0,5,1,26,,8506,75,0,5,1,62,,8507,75,0,5,1,21,,8508,75,0,5,1,17,,8509,75,0,5,1,19,,8510,75,0,5,1,58,,8511,75,0,5,1,23,,8512,74,0,5,1,73,,8513,74,0,5,1,35,,8514,74,0,5,1,75,,8515,74,0,5,1,32,,8516,74,0,5,1,74,,8517,74,0,5,1,77,,8518,74,0,5,1,43,,8519,74,0,5,1,68,,8520,75,0,5,1,25,,8521,75,0,5,1,60,,8522,75,0,5,1,22,,8523,75,0,5,1,24,,8524,75,0,5,1,60,,8525,75,0,5,1,24,,8526,75,0,5,1,21,,8527,75,0,5,1,62,,8528,75,0,5,1,17,,8529,75,0,5,1,15,,8530,75,0,5,1,56,,8531,75,0,5,1,17,,8532,75,0,5,1,19,,8533,75,0,5,1,18,,8534,75,0,5,1,60,,8535,75,0,5,1,19,,8536,74,0,5,1,20,,8537,74,0,5,1,71,,8538,74,0,5,1,78,,8539,74,0,5,1,35,,8540,74,0,5,1,78,,8541,74,0,5,1,37,,8542,74,0,5,1,76,,8543,74,0,5,1,74,,8544,74,0,5,1,38,,8545,74,0,5,1
4303,'CPWeekday',546,,9089,66,0,5,1,82,,9096,66,0,5,1,81,,9092,66,0,5,1,40,,9094,66,0,5,1,80,,9090,66,0,5,1,80,,9097,66,0,5,1,37,,9093,66,0,5,1,76,,9095,66,0,5,1,80,,9091,66,0,5,1
9002,'CPWeekday',452,,11932,21,0,5,1,65,,11933,21,0,5,1,25,,11934,21,0,5,1,73,,11935,21,0,5,1,30,,11936,21,0,5,1,72,,11937,21,0,5,1,30,,11938,21,0,5,1,70,,11939,21,0,5,1,30,,11940,21,0,5,1,67,,11941,21,0,5,1,89,,11942,21,0,5,1,50,,11943,21,0,5,1,90,,11944,21,0,5,1,90,,11945,21,0,5,1,91,,11946,21,0,5,1,92,,11947,21,0,5,1,32,,11948,21,0,5,1,70,,11949,21,0,5,1,30,,11950,21,0,5,1,71,,11951,21,0,5,1,30,,11952,21,0,5,1,70,,11953,21,0,5,1,30,,11954,21,0,5,1,69,,11955,21,0,5,1,30,,11956,21,0,5,1,68,,11957,21,0,5,1,30,,11958,21,0,5,1,71,,11959,21,0,5,1,33,,11960,21,0,5,1,84,,11961,21,0,5,1,85,,11962,21,0,5,1,87,,11963,21,0,5,1,44,,11964,21,0,5,1
