704,'CPWeekday',227,,2578,24,0,19 20,1,77,,2579,24,0,19 20,1,46,,2580,24,0,19 20,1,81,,2581,24,0,19 20,1,26,,2591,24,0,19 20,1,63,,2588,24,0,19 20,1,133,,2582,24,0,19 20,1,83,,2590,24,0,19 20,1,23,,2589,24,0,19 20,1,172,,2583,24,0,19 20,1,279,,2584,24,0,19 20,1,242,,2585,24,0,19 20,1,299,,2586,24,0,19 20,1,283,,2587,24,0,19 20,1
704,'MAHoliday1',426,,2592,24,0,19 20,1,80,,2593,24,0,19 20,1,23,,2594,24,0,19 20,1,22,,2595,24,0,19 20,1,61,,2596,24,0,19 20,1,23,,2597,24,0,19 20,1,22,,2598,24,0,19 20,1,63,,2599,24,0,19 20,1,22,,2600,24,0,19 20,1,62,,2601,24,0,19 20,1,23,,2602,24,0,19 20,1,21,,2603,24,0,19 20,1,62,,2604,24,0,19 20,1,23,,2605,24,0,19 20,1,22,,2606,24,0,19 20,1,62,,2607,24,0,19 20,1,21,,2608,24,0,19 20,1,62,,2609,24,0,19 20,1,21,,2610,24,0,19 20,1,24,,2611,24,0,19 20,1,65,,2612,24,0,19 20,1,24,,2613,24,0,19 20,1,24,,2614,24,0,19 20,1,64,,2615,24,0,19 20,1,24,,2616,24,0,19 20,1,65,,2617,24,0,19 20,1,24,,2618,24,0,19 20,1,24,,2619,24,0,19 20,1,64,,2620,24,0,19 20,1,23,,2621,24,0,19 20,1,64,,2622,24,0,19 20,1,24,,2623,24,0,19 20,1,24,,2624,24,0,19 20,1,64,,2625,24,0,19 20,1,24,,2626,24,0,19 20,1,63,,2627,24,0,19 20,1,24,,2628,24,0,19 20,1,24,,2629,24,0,19 20,1,63,,2630,24,0,19 20,1,24,,2631,24,0,19 20,1,61,,2632,24,0,19 20,1,22,,2633,24,0,19 20,1,22,,2634,24,0,19 20,1,63,,2635,24,0,19 20,1,23,,2636,24,0,19 20,1,22,,2637,24,0,19 20,1,62,,2638,24,0,19 20,1,22,,2639,24,0,19 20,1,61,,2640,24,0,19 20,1,22,,2641,24,0,19 20,1,20,,2642,24,0,19 20,1,59,,2643,24,0,19 20,1
704,'MASaturday',419,,2644,24,0,19 20,1,20,,2645,24,0,19 20,1,20,,2646,24,0,19 20,1,62,,2647,24,0,19 20,1,21,,2648,24,0,19 20,1,62,,2649,24,0,19 20,1,23,,2650,24,0,19 20,1,23,,2651,24,0,19 20,1,63,,2652,24,0,19 20,1,22,,2653,24,0,19 20,1,22,,2654,24,0,19 20,1,61,,2655,24,0,19 20,1,23,,2656,24,0,19 20,1,64,,2657,24,0,19 20,1,24,,2658,24,0,19 20,1,25,,2659,24,0,19 20,1,67,,2660,24,0,19 20,1,25,,2661,24,0,19 20,1,64,,2662,24,0,19 20,1,25,,2663,24,0,19 20,1,65,,2664,24,0,19 20,1,24,,2665,24,0,19 20,1,25,,2666,24,0,19 20,1,66,,2667,24,0,19 20,1,25,,2668,24,0,19 20,1,65,,2669,24,0,19 20,1,24,,2670,24,0,19 20,1,26,,2671,24,0,19 20,1,65,,2672,24,0,19 20,1,25,,2673,24,0,19 20,1,65,,2674,24,0,19 20,1,25,,2675,24,0,19 20,1,65,,2676,24,0,19 20,1,24,,2677,24,0,19 20,1,23,,2678,24,0,19 20,1,64,,2679,24,0,19 20,1,25,,2680,24,0,19 20,1,66,,2681,24,0,19 20,1,24,,2682,24,0,19 20,1,22,,2683,24,0,19 20,1,62,,2684,24,0,19 20,1,22,,2685,24,0,19 20,1,20,,2686,24,0,19 20,1,61,,2687,24,0,19 20,1,23,,2688,24,0,19 20,1,23,,2689,24,0,19 20,1,63,,2690,24,0,19 20,1,22,,2691,24,0,19 20,1,61,,2692,24,0,19 20,1,20,,2693,24,0,19 20,1,20,,2694,24,0,19 20,1,60,,2695,24,0,19 20,1,21,,2696,24,0,19 20,1,21,,2697,24,0,19 20,1,60,,2698,24,0,19 20,1
704,'MASunday',426,,2699,24,0,19 20,1,80,,2700,24,0,19 20,1,23,,2701,24,0,19 20,1,22,,2702,24,0,19 20,1,61,,2703,24,0,19 20,1,23,,2704,24,0,19 20,1,22,,2705,24,0,19 20,1,63,,2706,24,0,19 20,1,22,,2707,24,0,19 20,1,62,,2708,24,0,19 20,1,23,,2709,24,0,19 20,1,21,,2710,24,0,19 20,1,62,,2711,24,0,19 20,1,23,,2712,24,0,19 20,1,22,,2713,24,0,19 20,1,62,,2714,24,0,19 20,1,21,,2715,24,0,19 20,1,62,,2716,24,0,19 20,1,21,,2717,24,0,19 20,1,24,,2718,24,0,19 20,1,65,,2719,24,0,19 20,1,24,,2720,24,0,19 20,1,24,,2721,24,0,19 20,1,64,,2722,24,0,19 20,1,24,,2723,24,0,19 20,1,65,,2724,24,0,19 20,1,24,,2725,24,0,19 20,1,24,,2726,24,0,19 20,1,64,,2727,24,0,19 20,1,23,,2728,24,0,19 20,1,64,,2729,24,0,19 20,1,24,,2730,24,0,19 20,1,24,,2731,24,0,19 20,1,64,,2732,24,0,19 20,1,24,,2733,24,0,19 20,1,63,,2734,24,0,19 20,1,24,,2735,24,0,19 20,1,24,,2736,24,0,19 20,1,63,,2737,24,0,19 20,1,24,,2738,24,0,19 20,1,61,,2739,24,0,19 20,1,22,,2740,24,0,19 20,1,22,,2741,24,0,19 20,1,63,,2742,24,0,19 20,1,23,,2743,24,0,19 20,1,22,,2744,24,0,19 20,1,62,,2745,24,0,19 20,1,22,,2746,24,0,19 20,1,61,,2747,24,0,19 20,1,22,,2748,24,0,19 20,1,20,,2749,24,0,19 20,1,59,,2750,24,0,19 20,1
704,'MAWeekday',542,,2751,24,0,19 20,1,63,,2752,24,0,19 20,1,26,,2788,24,0,19 20,1,83,,2753,24,0,19 20,1,107,,2754,24,0,19 20,1,23,,2755,24,0,19 20,1,63,,2787,24,0,19 20,1,93,,2756,24,0,19 20,1,28,,2789,24,0,19 20,1,25,,2757,24,0,19 20,1,66,,2758,24,0,19 20,1,26,,2759,24,0,19 20,1,90,,2760,24,0,19 20,1,23,,2761,24,0,19 20,1,59,,2790,24,0,19 20,1,20,,2762,24,0,19 20,1,64,,2763,24,0,19 20,1,25,,2764,24,0,19 20,1,91,,2765,24,0,19 20,1,28,,2766,24,0,19 20,1,66,,2767,24,0,19 20,1,25,,2768,24,0,19 20,1,65,,2769,24,0,19 20,1,26,,2770,24,0,19 20,1,89,,2771,24,0,19 20,1,23,,2772,24,0,19 20,1,65,,2773,24,0,19 20,1,23,,2774,24,0,19 20,1,23,,2775,24,0,19 20,1,61,,2776,24,0,19 20,1,46,,2777,24,0,19 20,1,62,,2778,24,0,19 20,1,22,,2779,24,0,19 20,1,75,,2780,24,0,19 20,1,34,,2781,24,0,19 20,1,73,,2782,24,0,19 20,1,36,,2783,24,0,19 20,1,77,,2784,24,0,19 20,1,73,,2785,24,0,19 20,1,38,,2786,24,0,19 20,1
2404,'MAWeekday',513,,5946,45,0,18 12,1,32,,5947,45,0,18 12,1,80,,5948,45,0,18 12,1,31,,5949,45,0,18 12,1,78,,5950,45,0,18 12,1,73,,5951,45,0,18 12,1,37,,5952,45,0,18 12,1,76,,5953,45,0,18 12,1,32,,5954,45,0,18 12,1,71,,5955,45,0,18 12,1,333,,5956,45,0,18 12,1,77,,5957,45,0,18 12,1,77,,5958,45,0,18 12,1,35,,5959,45,0,18 12,1,76,,5960,45,0,18 12,1,36,,5961,45,0,18 12,1,75,,5962,45,0,18 12,1,73,,5963,45,0,18 12,1,34,,5964,45,0,18 12,1
10704,'MAHoliday1',833,,12876,12,0,26 22 28 29 30,1,70,,12877,12,0,26 22 28 29 30,1,30,,12878,12,0,26 22 28 29 30,1,70,,12879,12,0,26 22 28 29 30,1,17,,12880,12,0,26 22 28 29 30,1,18,,12881,12,0,26 22 28 29 30,1,18,,12882,12,0,26 22 28 29 30,1,58,,12883,12,0,26 22 28 29 30,1,18,,12884,12,0,26 22 28 29 30,1,18,,12885,12,0,26 22 28 29 30,1,58,,12886,12,0,26 22 28 29 30,1,20,,12887,12,0,26 22 28 29 30,1,18,,12888,12,0,26 22 28 29 30,1,59,,12889,12,0,26 22 28 29 30,1,18,,12890,12,0,26 22 28 29 30,1,18,,12891,12,0,26 22 28 29 30,1,18,,12892,12,0,26 22 28 29 30,1,59,,12893,12,0,26 22 28 29 30,1,19,,12894,12,0,26 22 28 29 30,1,20,,12895,12,0,26 22 28 29 30,1,61,,12896,12,0,26 22 28 29 30,1,21,,12897,12,0,26 22 28 29 30,1,19,,12898,12,0,26 22 28 29 30,1,59,,12899,12,0,26 22 28 29 30,1,20,,12900,12,0,26 22 28 29 30,1,20,,12901,12,0,26 22 28 29 30,1,61,,12902,12,0,26 22 28 29 30,1,19,,12903,12,0,26 22 28 29 30,1,20,,12904,12,0,26 22 28 29 30,1,60,,12905,12,0,26 22 28 29 30,1,17,,12906,12,0,26 22 28 29 30,1,17,,12907,12,0,26 22 28 29 30,1,57,,12908,12,0,26 22 28 29 30,1,17,,12909,12,0,26 22 28 29 30,1,18,,12910,12,0,26 22 28 29 30,1,74,,12911,12,0,26 22 28 29 30,1,35,,12912,12,0,26 22 28 29 30,1,70,,12913,12,0,26 22 28 29 30,1,24,,12914,12,0,26 22 28 29 30,1
10704,'MASaturday',835,,12915,12,0,26 22 28 29 30,1,70,,12916,12,0,26 22 28 29 30,1,28,,12917,12,0,26 22 28 29 30,1,69,,12918,12,0,26 22 28 29 30,1,19,,12919,12,0,26 22 28 29 30,1,18,,12920,12,0,26 22 28 29 30,1,19,,12921,12,0,26 22 28 29 30,1,58,,12922,12,0,26 22 28 29 30,1,18,,12923,12,0,26 22 28 29 30,1,18,,12924,12,0,26 22 28 29 30,1,57,,12925,12,0,26 22 28 29 30,1,18,,12926,12,0,26 22 28 29 30,1,18,,12927,12,0,26 22 28 29 30,1,59,,12928,12,0,26 22 28 29 30,1,21,,12929,12,0,26 22 28 29 30,1,20,,12930,12,0,26 22 28 29 30,1,61,,12931,12,0,26 22 28 29 30,1,17,,12932,12,0,26 22 28 29 30,1,19,,12933,12,0,26 22 28 29 30,1,58,,12934,12,0,26 22 28 29 30,1,20,,12935,12,0,26 22 28 29 30,1,19,,12936,12,0,26 22 28 29 30,1,20,,12937,12,0,26 22 28 29 30,1,58,,12938,12,0,26 22 28 29 30,1,20,,12939,12,0,26 22 28 29 30,1,20,,12940,12,0,26 22 28 29 30,1,61,,12941,12,0,26 22 28 29 30,1,18,,12942,12,0,26 22 28 29 30,1,17,,12943,12,0,26 22 28 29 30,1,56,,12944,12,0,26 22 28 29 30,1,18,,12945,12,0,26 22 28 29 30,1,18,,12946,12,0,26 22 28 29 30,1,59,,12947,12,0,26 22 28 29 30,1,19,,12948,12,0,26 22 28 29 30,1,21,,12949,12,0,26 22 28 29 30,1,74,,12950,12,0,26 22 28 29 30,1,34,,12951,12,0,26 22 28 29 30,1,70,,12952,12,0,26 22 28 29 30,1,24,,12953,12,0,26 22 28 29 30,1
10704,'MASunday',833,,12954,12,0,26 22 28 29 30,1,70,,12955,12,0,26 22 28 29 30,1,30,,12956,12,0,26 22 28 29 30,1,70,,12957,12,0,26 22 28 29 30,1,17,,12958,12,0,26 22 28 29 30,1,18,,12959,12,0,26 22 28 29 30,1,18,,12960,12,0,26 22 28 29 30,1,58,,12961,12,0,26 22 28 29 30,1,18,,12962,12,0,26 22 28 29 30,1,18,,12963,12,0,26 22 28 29 30,1,58,,12964,12,0,26 22 28 29 30,1,20,,12965,12,0,26 22 28 29 30,1,18,,12966,12,0,26 22 28 29 30,1,59,,12967,12,0,26 22 28 29 30,1,18,,12968,12,0,26 22 28 29 30,1,18,,12969,12,0,26 22 28 29 30,1,18,,12970,12,0,26 22 28 29 30,1,59,,12971,12,0,26 22 28 29 30,1,19,,12972,12,0,26 22 28 29 30,1,20,,12973,12,0,26 22 28 29 30,1,61,,12974,12,0,26 22 28 29 30,1,21,,12975,12,0,26 22 28 29 30,1,19,,12976,12,0,26 22 28 29 30,1,59,,12977,12,0,26 22 28 29 30,1,20,,12978,12,0,26 22 28 29 30,1,20,,12979,12,0,26 22 28 29 30,1,61,,12980,12,0,26 22 28 29 30,1,19,,12981,12,0,26 22 28 29 30,1,20,,12982,12,0,26 22 28 29 30,1,60,,12983,12,0,26 22 28 29 30,1,17,,12984,12,0,26 22 28 29 30,1,17,,12985,12,0,26 22 28 29 30,1,57,,12986,12,0,26 22 28 29 30,1,17,,12987,12,0,26 22 28 29 30,1,18,,12988,12,0,26 22 28 29 30,1,74,,12989,12,0,26 22 28 29 30,1,35,,12990,12,0,26 22 28 29 30,1,70,,12991,12,0,26 22 28 29 30,1,24,,12992,12,0,26 22 28 29 30,1
10704,'MAWeekday',522,,12993,12,0,26 22 28 29 30,1,32,,12994,12,0,26 22 28 29 30,1,55,,12995,12,0,26 22 28 29 30,1,15,,12996,12,0,26 22 28 29 30,1,18,,12997,12,0,26 22 28 29 30,1,15,,12998,12,0,26 22 28 29 30,1,57,,12999,12,0,26 22 28 29 30,1,15,,13000,12,0,26 22 28 29 30,1,14,,13001,12,0,26 22 28 29 30,1,15,,13002,12,0,26 22 28 29 30,1,53,,13003,12,0,26 22 28 29 30,1,12,,13004,12,0,26 22 28 29 30,1,12,,13005,12,0,26 22 28 29 30,1,14,,13006,12,0,26 22 28 29 30,1,52,,13007,12,0,26 22 28 29 30,1,14,,13008,12,0,26 22 28 29 30,1,15,,13009,12,0,26 22 28 29 30,1,14,,13010,12,0,26 22 28 29 30,1,14,,13011,12,0,26 22 28 29 30,1,55,,13012,12,0,26 22 28 29 30,1,15,,13013,12,0,26 22 28 29 30,1,15,,13014,12,0,26 22 28 29 30,1,15,,13015,12,0,26 22 28 29 30,1,53,,13016,12,0,26 22 28 29 30,1,15,,13017,12,0,26 22 28 29 30,1,16,,13018,12,0,26 22 28 29 30,1,15,,13019,12,0,26 22 28 29 30,1,56,,13020,12,0,26 22 28 29 30,1,15,,13021,12,0,26 22 28 29 30,1,16,,13022,12,0,26 22 28 29 30,1,15,,13023,12,0,26 22 28 29 30,1,55,,13024,12,0,26 22 28 29 30,1,15,,13025,12,0,26 22 28 29 30,1,16,,13026,12,0,26 22 28 29 30,1,55,,13027,12,0,26 22 28 29 30,1,16,,13028,12,0,26 22 28 29 30,1,16,,13029,12,0,26 22 28 29 30,1,16,,13030,12,0,26 22 28 29 30,1,55,,13031,12,0,26 22 28 29 30,1,11,,13032,12,0,26 22 28 29 30,1,9,,13033,12,0,26 22 28 29 30,1,12,,13034,12,0,26 22 28 29 30,1,11,,13035,12,0,26 22 28 29 30,1,12,,13036,12,0,26 22 28 29 30,1,52,,13037,12,0,26 22 28 29 30,1,13,,13038,12,0,26 22 28 29 30,1,10,,13039,12,0,26 22 28 29 30,1,10,,13040,12,0,26 22 28 29 30,1,12,,13041,12,0,26 22 28 29 30,1,52,,13042,12,0,26 22 28 29 30,1,12,,13043,12,0,26 22 28 29 30,1,11,,13044,12,0,26 22 28 29 30,1,11,,13045,12,0,26 22 28 29 30,1,12,,13046,12,0,26 22 28 29 30,1,51,,13047,12,0,26 22 28 29 30,1,9,,13048,12,0,26 22 28 29 30,1,11,,13049,12,0,26 22 28 29 30,1,13,,13050,12,0,26 22 28 29 30,1,15,,13051,12,0,26 22 28 29 30,1,55,,13052,12,0,26 22 28 29 30,1,16,,13053,12,0,26 22 28 29 30,1,13,,13054,12,0,26 22 28 29 30,1,21,,13055,12,0,26 22 28 29 30,1,60,,13056,12,0,26 22 28 29 30,1,21,,13057,12,0,26 22 28 29 30,1,18,,13058,12,0,26 22 28 29 30,1,58,,13059,12,0,26 22 28 29 30,1,17,,13060,12,0,26 22 28 29 30,1,18,,13061,12,0,26 22 28 29 30,1,58,,13062,12,0,26 22 28 29 30,1,19,,13063,12,0,26 22 28 29 30,1,19,,13064,12,0,26 22 28 29 30,1,59,,13065,12,0,26 22 28 29 30,1,20,,13066,12,0,26 22 28 29 30,1,25,,13067,12,0,26 22 28 29 30,1
