3902,'CPHoliday1',736,,36648,36,0,5,1,80,,36643,36,0,5,1,40,,36637,36,0,5,1,82,,36634,36,0,5,1,82,,36649,36,0,5,1,83,,36646,36,0,5,1,44,,36638,36,0,5,1,86,,36633,36,0,5,1,85,,36650,36,0,5,1,85,,36644,36,0,5,1,44,,36639,36,0,5,1,86,,36632,36,0,5,1,85,,36651,36,0,5,1,86,,36645,36,0,5,1,45,,36640,36,0,5,1,84,,36631,36,0,5,1,84,,36652,36,0,5,1,42,,36641,36,0,5,1,81,,36636,36,0,5,1,82,,36630,36,0,5,1,79,,36647,36,0,5,1,40,,36642,36,0,5,1,76,,36635,36,0,5,1,30,,36629,36,0,5,1
3902,'CPSaturday',949,,36657,36,0,5,1,291,,36656,36,0,5,1,273,,36658,36,0,5,1,28,,36655,36,0,5,1,266,,36659,36,0,5,1,30,,36654,36,0,5,1,263,,36660,36,0,5,1,26,,36653,36,0,5,1
3902,'CPSunday',736,,36680,36,0,5,1,80,,36675,36,0,5,1,40,,36669,36,0,5,1,82,,36666,36,0,5,1,82,,36681,36,0,5,1,83,,36678,36,0,5,1,44,,36670,36,0,5,1,86,,36665,36,0,5,1,85,,36682,36,0,5,1,85,,36676,36,0,5,1,44,,36671,36,0,5,1,86,,36664,36,0,5,1,85,,36683,36,0,5,1,86,,36677,36,0,5,1,45,,36672,36,0,5,1,84,,36663,36,0,5,1,84,,36684,36,0,5,1,42,,36673,36,0,5,1,81,,36668,36,0,5,1,82,,36662,36,0,5,1,79,,36679,36,0,5,1,40,,36674,36,0,5,1,76,,36667,36,0,5,1,30,,36661,36,0,5,1
3902,'MASaturday',731,,36705,36,0,5,1,26,,36701,36,0,5,1,67,,36700,36,0,5,1,27,,36694,36,0,5,1,70,,36709,36,0,5,1,96,,36702,36,0,5,1,28,,36697,36,0,5,1,68,,36693,36,0,5,1,28,,36691,36,0,5,1,69,,36708,36,0,5,1,98,,36703,36,0,5,1,32,,36698,36,0,5,1,72,,36689,36,0,5,1,31,,36685,36,0,5,1,167,,36704,36,0,5,1,30,,36695,36,0,5,1,69,,36690,36,0,5,1,28,,36686,36,0,5,1,169,,36706,36,0,5,1,29,,36696,36,0,5,1,69,,36688,36,0,5,1,28,,36687,36,0,5,1,118,,36707,36,0,5,1,63,,36699,36,0,5,1,20,,36692,36,0,5,1
3902,'MAWeekday',502,,36710,37,0,5,1,17,,36711,37,0,5,1,16,,36712,37,0,5,1,17,,36713,37,0,5,1,57,,36714,37,0,5,1,19,,36715,37,0,5,1,21,,36716,37,0,5,1,64,,36717,37,0,5,1,24,,36718,37,0,5,1,66,,36719,37,0,5,1,22,,36720,37,0,5,1,21,,36721,37,0,5,1,58,,36722,37,0,5,1,19,,36723,37,0,5,1,19,,36724,37,0,5,1,62,,36725,36,0,5,1,34,,36726,36,0,5,1,76,,36727,36,0,5,1,35,,36728,36,0,5,1,75,,36729,36,0,5,1,35,,36730,36,0,5,1,75,,36731,36,0,5,1,79,,36732,36,0,5,1,25,,36733,37,0,5,1,65,,36734,37,0,5,1,20,,36735,37,0,5,1,22,,36736,37,0,5,1,63,,36737,37,0,5,1,21,,36738,37,0,5,1,24,,36739,37,0,5,1,62,,36740,37,0,5,1,22,,36741,37,0,5,1,17,,36742,37,0,5,1,56,,36743,37,0,5,1,16,,36744,37,0,5,1,18,,36745,37,0,5,1,59,,36746,37,0,5,1,18,,36747,37,0,5,1,21,,36748,37,0,5,1,60,,36749,36,0,5,1,21,,36750,36,0,5,1,32,,36751,36,0,5,1,79,,36752,36,0,5,1,77,,36753,36,0,5,1,38,,36754,36,0,5,1,77,,36755,36,0,5,1,77,,36756,36,0,5,1,37,,36757,36,0,5,1,78,,36758,36,0,5,1
4303,'CPWeekday',518,,37302,40,0,5,1,82,,37303,40,0,5,1,40,,37304,40,0,5,1,83,,37305,40,0,5,1,80,,37306,40,0,5,1,39,,37307,40,0,5,1,78,,37308,40,0,5,1,38,,37309,40,0,5,1,79,,37310,40,0,5,1
6803,'CPHoliday1',1011,,40024,24,0,62,1,106,,40025,24,0,62,1,107,,40026,24,0,62,1,106,,40027,24,0,62,1,110,,40028,24,0,62,1,112,,40029,24,0,62,1,150,,40030,24,0,62,1,109,,40031,24,0,62,1,109,,40032,24,0,62,1,105,,40033,24,0,62,1
6803,'CPSaturday',736,,40034,24,0,62,1,107,,40035,24,0,62,1,106,,40036,24,0,62,1,110,,40037,24,0,62,1,151,,40038,24,0,62,1,111,,40039,24,0,62,1,111,,40040,24,0,62,1,110,,40041,24,0,62,1,110,,40042,24,0,62,1,151,,40043,24,0,62,1,111,,40044,24,0,62,1,108,,40045,24,0,62,1,108,,40046,24,0,62,1,110,,40047,24,0,62,1,108,,40048,24,0,62,1
6803,'CPSunday',1011,,40049,24,0,62,1,106,,40050,24,0,62,1,107,,40051,24,0,62,1,106,,40052,24,0,62,1,110,,40053,24,0,62,1,112,,40054,24,0,62,1,150,,40055,24,0,62,1,109,,40056,24,0,62,1,109,,40057,24,0,62,1,105,,40058,24,0,62,1
6803,'CPWeekday',532,,40059,24,0,62,1,111,,40060,24,0,62,1,113,,40061,24,0,62,1,149,,40062,24,0,62,1,115,,40063,24,0,62,1,114,,40064,24,0,62,1,116,,40065,24,0,62,1,157,,40066,24,0,62,1,117,,40067,24,0,62,1,116,,40068,24,0,62,1,114,,40069,24,0,62,1,153,,40070,24,0,62,1,114,,40071,24,0,62,1,114,,40072,24,0,62,1,113,,40073,24,0,62,1,153,,40074,24,0,62,1,114,,40075,24,0,62,1
31403,'CPWeekday',1530,,42463,7,0,23,1
