1303,'CPHoliday1',643,,4011,26,0,5,1,75,,4012,26,0,5,1,36,,4013,26,0,5,1,75,,4014,26,0,5,1,76,,4015,26,0,5,1,37,,4016,26,0,5,1,79,,4017,26,0,5,1,79,,4018,26,0,5,1,37,,4019,26,0,5,1,80,,4020,26,0,5,1,40,,4021,26,0,5,1,81,,4022,26,0,5,1,80,,4023,26,0,5,1,39,,4024,26,0,5,1,81,,4025,26,0,5,1,80,,4026,26,0,5,1,39,,4027,26,0,5,1,80,,4028,26,0,5,1,80,,4029,26,0,5,1,39,,4030,26,0,5,1,79,,4031,26,0,5,1,79,,4032,26,0,5,1,40,,4033,26,0,5,1,79,,4034,26,0,5,1,85,,4035,26,0,5,1,95,,4036,26,0,5,1,94,,4037,26,0,5,1,94,,4038,26,0,5,1,54,,4039,26,0,5,1
1303,'CPSaturday',450,,4040,26,0,5,1,73,,4041,26,0,5,1,32,,4042,26,0,5,1,74,,4043,26,0,5,1,75,,4044,26,0,5,1,36,,4045,26,0,5,1,76,,4046,26,0,5,1,36,,4047,26,0,5,1,78,,4048,26,0,5,1,26,,4049,26,0,5,1,69,,4050,26,0,5,1,31,,4051,26,0,5,1,70,,4052,26,0,5,1,33,,4053,26,0,5,1,71,,4054,26,0,5,1,72,,4055,26,0,5,1,34,,4056,26,0,5,1,73,,4057,26,0,5,1,31,,4058,26,0,5,1,72,,4059,26,0,5,1,30,,4060,26,0,5,1,70,,4061,26,0,5,1,30,,4062,26,0,5,1,71,,4063,26,0,5,1,32,,4064,26,0,5,1,71,,4065,26,0,5,1,30,,4066,26,0,5,1,72,,4067,26,0,5,1,29,,4068,26,0,5,1,69,,4069,26,0,5,1,30,,4070,26,0,5,1,69,,4071,26,0,5,1,38,,4072,26,0,5,1,90,,4073,26,0,5,1,89,,4074,26,0,5,1,89,,4075,26,0,5,1,90,,4076,26,0,5,1,89,,4077,26,0,5,1
1303,'CPSunday',643,,4078,26,0,5,1,75,,4079,26,0,5,1,36,,4080,26,0,5,1,75,,4081,26,0,5,1,76,,4082,26,0,5,1,37,,4083,26,0,5,1,79,,4084,26,0,5,1,79,,4085,26,0,5,1,37,,4086,26,0,5,1,80,,4087,26,0,5,1,40,,4088,26,0,5,1,81,,4089,26,0,5,1,80,,4090,26,0,5,1,39,,4091,26,0,5,1,81,,4092,26,0,5,1,80,,4093,26,0,5,1,39,,4094,26,0,5,1,80,,4095,26,0,5,1,80,,4096,26,0,5,1,39,,4097,26,0,5,1,79,,4098,26,0,5,1,79,,4099,26,0,5,1,40,,4100,26,0,5,1,79,,4101,26,0,5,1,85,,4102,26,0,5,1,95,,4103,26,0,5,1,94,,4104,26,0,5,1,94,,4105,26,0,5,1,54,,4106,26,0,5,1
1303,'CPWeekday',452,,4107,26,0,5,1,60,,4108,26,0,5,1,27,,4109,26,0,5,1,65,,4110,26,0,5,1,28,,4111,26,0,5,1,26,,4112,26,0,5,1,66,,4113,26,0,5,1,28,,4114,26,0,5,1,70,,4115,26,0,5,1,26,,4116,26,0,5,1,66,,4117,26,0,5,1,25,,4118,26,0,5,1,65,,4119,26,0,5,1,23,,4120,26,0,5,1,25,,4121,26,0,5,1,65,,4122,26,0,5,1,25,,4123,26,0,5,1,66,,4124,26,0,5,1,26,,4125,26,0,5,1,24,,4126,26,0,5,1,65,,4127,26,0,5,1,26,,4128,26,0,5,1,66,,4129,26,0,5,1,28,,4130,26,0,5,1,66,,4131,26,0,5,1,25,,4132,26,0,5,1,25,,4133,26,0,5,1,64,,4134,26,0,5,1,24,,4135,26,0,5,1,64,,4136,26,0,5,1,24,,4137,26,0,5,1,22,,4138,26,0,5,1,64,,4139,26,0,5,1,23,,4140,26,0,5,1,62,,4141,26,0,5,1,20,,4142,26,0,5,1,22,,4143,26,0,5,1,64,,4144,26,0,5,1,25,,4145,26,0,5,1,68,,4146,26,0,5,1,30,,4147,26,0,5,1,69,,4148,26,0,5,1,50,,4149,26,0,5,1,87,,4150,26,0,5,1,90,,4151,26,0,5,1,89,,4152,26,0,5,1,95,,4153,26,0,5,1,95,,4154,26,0,5,1
1304,'CPHoliday1',725,,4155,22,0,6 7,1,77,,4156,22,0,6 7,1,37,,4157,22,0,6 7,1,76,,4158,22,0,6 7,1,36,,4159,22,0,6 7,1,78,,4160,22,0,6 7,1,78,,4161,22,0,6 7,1,41,,4162,22,0,6 7,1,80,,4163,22,0,6 7,1,80,,4164,22,0,6 7,1,40,,4165,22,0,6 7,1,80,,4166,22,0,6 7,1,80,,4167,22,0,6 7,1,40,,4168,22,0,6 7,1,80,,4169,22,0,6 7,1,80,,4170,22,0,6 7,1,40,,4171,22,0,6 7,1,80,,4172,22,0,6 7,1,80,,4173,22,0,6 7,1,40,,4174,22,0,6 7,1,78,,4175,22,0,6 7,1,80,,4176,22,0,6 7,1,34,,4177,22,0,6 7,1,75,,4178,22,0,6 7,1,95,,4179,22,0,6 7,1,94,,4180,22,0,6 7,1,55,,4181,22,0,6 7,1
1304,'CPSaturday',534,,4182,22,0,6 7,1,72,,4183,22,0,6 7,1,34,,4184,22,0,6 7,1,74,,4185,22,0,6 7,1,38,,4186,22,0,6 7,1,76,,4187,22,0,6 7,1,76,,4188,22,0,6 7,1,36,,4189,22,0,6 7,1,76,,4190,22,0,6 7,1,32,,4191,22,0,6 7,1,70,,4192,22,0,6 7,1,30,,4193,22,0,6 7,1,71,,4194,22,0,6 7,1,30,,4195,22,0,6 7,1,72,,4196,22,0,6 7,1,32,,4197,22,0,6 7,1,71,,4198,22,0,6 7,1,32,,4199,22,0,6 7,1,72,,4200,22,0,6 7,1,73,,4201,22,0,6 7,1,32,,4202,22,0,6 7,1,71,,4203,22,0,6 7,1,32,,4204,22,0,6 7,1,72,,4205,22,0,6 7,1,30,,4206,22,0,6 7,1,70,,4207,22,0,6 7,1,30,,4208,22,0,6 7,1,70,,4209,22,0,6 7,1,29,,4210,22,0,6 7,1,68,,4211,22,0,6 7,1,28,,4212,22,0,6 7,1,68,,4213,22,0,6 7,1,35,,4214,22,0,6 7,1,88,,4215,22,0,6 7,1,90,,4216,22,0,6 7,1,94,,4217,22,0,6 7,1
1304,'CPSunday',725,,4218,22,0,6 7,1,77,,4219,22,0,6 7,1,37,,4220,22,0,6 7,1,76,,4221,22,0,6 7,1,36,,4222,22,0,6 7,1,78,,4223,22,0,6 7,1,78,,4224,22,0,6 7,1,41,,4225,22,0,6 7,1,80,,4226,22,0,6 7,1,80,,4227,22,0,6 7,1,40,,4228,22,0,6 7,1,80,,4229,22,0,6 7,1,80,,4230,22,0,6 7,1,40,,4231,22,0,6 7,1,80,,4232,22,0,6 7,1,80,,4233,22,0,6 7,1,40,,4234,22,0,6 7,1,80,,4235,22,0,6 7,1,80,,4236,22,0,6 7,1,40,,4237,22,0,6 7,1,78,,4238,22,0,6 7,1,80,,4239,22,0,6 7,1,34,,4240,22,0,6 7,1,75,,4241,22,0,6 7,1,95,,4242,22,0,6 7,1,94,,4243,22,0,6 7,1,55,,4244,22,0,6 7,1
1304,'CPWeekday',442,,4245,22,0,6 7,1,60,,4246,22,0,6 7,1,22,,4247,22,0,6 7,1,20,,4248,22,0,6 7,1,66,,4249,22,0,6 7,1,27,,4250,22,0,6 7,1,65,,4251,22,0,6 7,1,26,,4252,22,0,6 7,1,27,,4253,22,0,6 7,1,64,,4254,22,0,6 7,1,27,,4255,22,0,6 7,1,68,,4256,22,0,6 7,1,25,,4257,22,0,6 7,1,64,,4258,22,0,6 7,1,26,,4259,22,0,6 7,1,26,,4260,22,0,6 7,1,65,,4261,22,0,6 7,1,25,,4262,22,0,6 7,1,65,,4263,22,0,6 7,1,24,,4264,22,0,6 7,1,24,,4265,22,0,6 7,1,65,,4266,22,0,6 7,1,25,,4267,22,0,6 7,1,68,,4268,22,0,6 7,1,20,,4269,22,0,6 7,1,20,,4270,22,0,6 7,1,63,,4271,22,0,6 7,1,24,,4272,22,0,6 7,1,64,,4273,22,0,6 7,1,25,,4274,22,0,6 7,1,24,,4275,22,0,6 7,1,65,,4276,22,0,6 7,1,24,,4277,22,0,6 7,1,64,,4278,22,0,6 7,1,24,,4279,22,0,6 7,1,24,,4280,22,0,6 7,1,63,,4281,22,0,6 7,1,22,,4282,22,0,6 7,1,61,,4283,22,0,6 7,1,25,,4284,22,0,6 7,1,30,,4285,22,0,6 7,1,70,,4286,22,0,6 7,1,29,,4287,22,0,6 7,1,63,,4288,22,0,6 7,1,25,,4289,22,0,6 7,1,90,,4290,22,0,6 7,1,89,,4291,22,0,6 7,1,95,,4292,22,0,6 7,1,95,,4293,22,0,6 7,1
4604,'CPHoliday1',742,,9696,31,0,72 73 12,1,80,,9697,31,0,72 73 12,1,84,,9698,31,0,72 73 12,1,40,,9699,31,0,72 73 12,1,80,,9700,31,0,72 73 12,1,80,,9701,31,0,72 73 12,1,40,,9702,31,0,72 73 12,1,82,,9703,31,0,72 73 12,1,80,,9704,31,0,72 73 12,1,42,,9705,31,0,72 73 12,1,82,,9706,31,0,72 73 12,1,82,,9707,31,0,72 73 12,1,42,,9708,31,0,72 73 12,1,83,,9709,31,0,72 73 12,1,82,,9710,31,0,72 73 12,1,82,,9711,31,0,72 73 12,1,42,,9712,31,0,72 73 12,1,82,,9713,31,0,72 73 12,1,82,,9714,31,0,72 73 12,1,42,,9715,31,0,72 73 12,1,86,,9716,31,0,72 73 12,1
4604,'CPSaturday',654,,9717,31,0,72 73 12,1,81,,9718,31,0,72 73 12,1,81,,9719,31,0,72 73 12,1,41,,9720,31,0,72 73 12,1,80,,9721,31,0,72 73 12,1,82,,9722,31,0,72 73 12,1,81,,9723,31,0,72 73 12,1,42,,9724,31,0,72 73 12,1,82,,9725,31,0,72 73 12,1,82,,9726,31,0,72 73 12,1,42,,9727,31,0,72 73 12,1,85,,9728,31,0,72 73 12,1,85,,9729,31,0,72 73 12,1,84,,9730,31,0,72 73 12,1,44,,9731,31,0,72 73 12,1,84,,9732,31,0,72 73 12,1,84,,9733,31,0,72 73 12,1,41,,9734,31,0,72 73 12,1,84,,9735,31,0,72 73 12,1,84,,9736,31,0,72 73 12,1,82,,9737,31,0,72 73 12,1,41,,9738,31,0,72 73 12,1,80,,9739,31,0,72 73 12,1
4604,'CPSunday',742,,9740,31,0,72 73 12,1,80,,9741,31,0,72 73 12,1,84,,9742,31,0,72 73 12,1,40,,9743,31,0,72 73 12,1,80,,9744,31,0,72 73 12,1,80,,9745,31,0,72 73 12,1,40,,9746,31,0,72 73 12,1,82,,9747,31,0,72 73 12,1,80,,9748,31,0,72 73 12,1,42,,9749,31,0,72 73 12,1,82,,9750,31,0,72 73 12,1,82,,9751,31,0,72 73 12,1,42,,9752,31,0,72 73 12,1,83,,9753,31,0,72 73 12,1,82,,9754,31,0,72 73 12,1,82,,9755,31,0,72 73 12,1,42,,9756,31,0,72 73 12,1,82,,9757,31,0,72 73 12,1,82,,9758,31,0,72 73 12,1,42,,9759,31,0,72 73 12,1,86,,9760,31,0,72 73 12,1
4604,'CPWeekday',437,,9786,31,0,72 73 12,1,85,,9787,31,0,72 73 12,1,82,,9781,31,0,72 73 12,1,41,,9788,31,0,72 73 12,1,86,,9789,31,0,72 73 12,1,84,,9782,31,0,72 73 12,1,86,,9783,31,0,72 73 12,1,45,,9785,31,0,72 73 12,1,86,,9784,31,0,72 73 12,1,86,,9764,31,0,72 73 12,1,84,,9765,31,0,72 73 12,1,45,,9761,31,0,72 73 12,1,84,,9763,31,0,72 73 12,1,84,,9766,31,0,72 73 12,1,86,,9767,31,0,72 73 12,1,47,,9771,31,0,72 73 12,1,88,,9762,31,0,72 73 12,1,88,,9768,31,0,72 73 12,1,88,,9779,31,0,72 73 12,1,88,,9778,31,0,72 73 12,1,44,,9776,31,0,72 73 12,1,84,,9772,31,0,72 73 12,1,84,,9777,31,0,72 73 12,1,42,,9769,31,0,72 73 12,1,82,,9770,31,0,72 73 12,1,82,,9774,31,0,72 73 12,1,40,,9780,31,0,72 73 12,1,76,,9773,31,0,72 73 12,1,80,,9775,31,0,72 73 12,1
4901,'CPWeekday',921,,10076,12,0,72 73,1,83,,10077,12,0,72 73,1,45,,10078,12,0,72 73,1,85,,10079,12,0,72 73,1,85,,10080,12,0,72 73,1,85,,10081,12,0,72 73,1,46,,10082,12,0,72 73,1,88,,10083,12,0,72 73,1,88,,10084,12,0,72 73,1
37303,'CPWeekday',724,,13955,11,0,25,1
37304,'CPWeekday',1400,,13956,14,0,37 38,1
