1104,'MASaturday',519,,16967,3,0,43 44,1,23,,16968,3,0,43 44,1,62,,16969,3,0,43 44,1,23,,16970,3,0,43 44,1,23,,16971,3,0,43 44,1,60,,16972,3,0,43 44,1,17,,16973,3,0,43 44,1,18,,16974,3,0,43 44,1,58,,16975,3,0,43 44,1,18,,16976,3,0,43 44,1,18,,16977,3,0,43 44,1,18,,16978,3,0,43 44,1,45,,16979,3,0,43 44,1,18,,16980,3,0,43 44,1,18,,16981,3,0,43 44,1,18,,16982,3,0,43 44,1,57,,16983,3,0,43 44,1,18,,16984,3,0,43 44,1,19,,16985,3,0,43 44,1,58,,16986,3,0,43 44,1,18,,16987,3,0,43 44,1,18,,16988,3,0,43 44,1,58,,16989,3,0,43 44,1,18,,16990,3,0,43 44,1,18,,16991,3,0,43 44,1,19,,16992,3,0,43 44,1,58,,16993,3,0,43 44,1,19,,16994,3,0,43 44,1,19,,16995,3,0,43 44,1,59,,16996,3,0,43 44,1,19,,16997,3,0,43 44,1,19,,16998,3,0,43 44,1,59,,16999,3,0,43 44,1,19,,17000,3,0,43 44,1,19,,17001,3,0,43 44,1,59,,17002,3,0,43 44,1,19,,17003,3,0,43 44,1,19,,17004,3,0,43 44,1,59,,17005,3,0,43 44,1,19,,17006,3,0,43 44,1,19,,17007,3,0,43 44,1,60,,17008,3,0,43 44,1,19,,17009,3,0,43 44,1,19,,17010,3,0,43 44,1,19,,17011,3,0,43 44,1,59,,17012,3,0,43 44,1,18,,17013,3,0,43 44,1,19,,17014,3,0,43 44,1,58,,17015,3,0,43 44,1,18,,17016,3,0,43 44,1,18,,17017,3,0,43 44,1,58,,17018,3,0,43 44,1,18,,17019,3,0,43 44,1,17,,17020,3,0,43 44,1,17,,17021,3,0,43 44,1,58,,17022,3,0,43 44,1,16,,17023,3,0,43 44,1,17,,17024,3,0,43 44,1,58,,17025,3,0,43 44,1,20,,17026,3,0,43 44,1,22,,17027,3,0,43 44,1,62,,17028,3,0,43 44,1,20,,17029,3,0,43 44,1,21,,17030,3,0,43 44,1,61,,17031,3,0,43 44,1,19,,17032,3,0,43 44,1
1104,'MASunday',637,,17079,3,0,43 44,1,22,,17060,3,0,43 44,1,62,,17047,3,0,43 44,1,22,,17075,3,0,43 44,1,63,,17061,3,0,43 44,1,23,,17046,3,0,43 44,1,22,,17077,3,0,43 44,1,63,,17062,3,0,43 44,1,23,,17048,3,0,43 44,1,64,,17078,3,0,43 44,1,24,,17067,3,0,43 44,1,18,,17050,3,0,43 44,1,57,,17036,3,0,43 44,1,18,,17085,3,0,43 44,1,18,,17068,3,0,43 44,1,18,,17053,3,0,43 44,1,58,,17038,3,0,43 44,1,18,,17086,3,0,43 44,1,18,,17070,3,0,43 44,1,58,,17052,3,0,43 44,1,18,,17037,3,0,43 44,1,18,,17084,3,0,43 44,1,58,,17069,3,0,43 44,1,18,,17054,3,0,43 44,1,19,,17039,3,0,43 44,1,19,,17083,3,0,43 44,1,58,,17066,3,0,43 44,1,18,,17055,3,0,43 44,1,19,,17040,3,0,43 44,1,59,,17082,3,0,43 44,1,19,,17065,3,0,43 44,1,18,,17056,3,0,43 44,1,59,,17041,3,0,43 44,1,19,,17087,3,0,43 44,1,19,,17071,3,0,43 44,1,59,,17049,3,0,43 44,1,19,,17042,3,0,43 44,1,18,,17091,3,0,43 44,1,18,,17072,3,0,43 44,1,58,,17058,3,0,43 44,1,18,,17044,3,0,43 44,1,19,,17090,3,0,43 44,1,57,,17074,3,0,43 44,1,17,,17057,3,0,43 44,1,18,,17045,3,0,43 44,1,58,,17089,3,0,43 44,1,17,,17073,3,0,43 44,1,17,,17051,3,0,43 44,1,17,,17043,3,0,43 44,1,63,,17088,3,0,43 44,1,23,,17063,3,0,43 44,1,62,,17033,3,0,43 44,1,23,,17080,3,0,43 44,1,23,,17064,3,0,43 44,1,63,,17034,3,0,43 44,1,23,,17081,3,0,43 44,1,22,,17059,3,0,43 44,1,62,,17035,3,0,43 44,1,22,,17076,3,0,43 44,1
1104,'MAWeekday',428,,17092,3,0,43 44,1,31,,17093,3,0,43 44,1,53,,17094,3,0,43 44,1,14,,17095,3,0,43 44,1,14,,17096,3,0,43 44,1,13,,17097,3,0,43 44,1,51,,17098,3,0,43 44,1,10,,17099,3,0,43 44,1,10,,17100,3,0,43 44,1,11,,17101,3,0,43 44,1,10,,17102,3,0,43 44,1,10,,17103,3,0,43 44,1,51,,17104,3,0,43 44,1,11,,17105,3,0,43 44,1,9,,17106,3,0,43 44,1,11,,17107,3,0,43 44,1,10,,17108,3,0,43 44,1,10,,17109,3,0,43 44,1,51,,17110,3,0,43 44,1,15,,17111,3,0,43 44,1,15,,17112,3,0,43 44,1,15,,17113,3,0,43 44,1,55,,17114,3,0,43 44,1,15,,17115,3,0,43 44,1,15,,17116,3,0,43 44,1,15,,17117,3,0,43 44,1,55,,17118,3,0,43 44,1,15,,17119,3,0,43 44,1,15,,17120,3,0,43 44,1,15,,17121,3,0,43 44,1,55,,17122,3,0,43 44,1,15,,17123,3,0,43 44,1,15,,17124,3,0,43 44,1,15,,17125,3,0,43 44,1,55,,17126,3,0,43 44,1,15,,17127,3,0,43 44,1,15,,17128,3,0,43 44,1,15,,17129,3,0,43 44,1,55,,17130,3,0,43 44,1,15,,17131,3,0,43 44,1,15,,17132,3,0,43 44,1,15,,17133,3,0,43 44,1,55,,17134,3,0,43 44,1,15,,17135,3,0,43 44,1,14,,17136,3,0,43 44,1,12,,17137,3,0,43 44,1,51,,17138,3,0,43 44,1,12,,17139,3,0,43 44,1,12,,17140,3,0,43 44,1,15,,17141,3,0,43 44,1,12,,17142,3,0,43 44,1,52,,17143,3,0,43 44,1,12,,17144,3,0,43 44,1,12,,17145,3,0,43 44,1,12,,17146,3,0,43 44,1,13,,17147,3,0,43 44,1,52,,17148,3,0,43 44,1,12,,17149,3,0,43 44,1,11,,17150,3,0,43 44,1,13,,17151,3,0,43 44,1,12,,17152,3,0,43 44,1,52,,17153,3,0,43 44,1,12,,17154,3,0,43 44,1,12,,17155,3,0,43 44,1,19,,17156,3,0,43 44,1,59,,17157,3,0,43 44,1,19,,17158,3,0,43 44,1,19,,17159,3,0,43 44,1,58,,17160,3,0,43 44,1,18,,17161,3,0,43 44,1,18,,17162,3,0,43 44,1,18,,17163,3,0,43 44,1,57,,17164,3,0,43 44,1,18,,17165,3,0,43 44,1,24,,17166,3,0,43 44,1,64,,17167,3,0,43 44,1,23,,17168,3,0,43 44,1,63,,17169,3,0,43 44,1,23,,17170,3,0,43 44,1,23,,17171,3,0,43 44,1,61,,17172,3,0,43 44,1,23,,17173,3,0,43 44,1,24,,17174,3,0,43 44,1,69,,17175,3,0,43 44,1,30,,17176,3,0,43 44,1,70,,17177,3,0,43 44,1,29,,17178,3,0,43 44,1
1104,'MAHoliday1',637,,26125,3,0,43 44,1,22,,26106,3,0,43 44,1,62,,26093,3,0,43 44,1,22,,26121,3,0,43 44,1,63,,26107,3,0,43 44,1,23,,26092,3,0,43 44,1,22,,26123,3,0,43 44,1,63,,26108,3,0,43 44,1,23,,26094,3,0,43 44,1,64,,26124,3,0,43 44,1,24,,26113,3,0,43 44,1,18,,26096,3,0,43 44,1,57,,26082,3,0,43 44,1,18,,26131,3,0,43 44,1,18,,26114,3,0,43 44,1,18,,26099,3,0,43 44,1,58,,26084,3,0,43 44,1,18,,26132,3,0,43 44,1,18,,26116,3,0,43 44,1,58,,26098,3,0,43 44,1,18,,26083,3,0,43 44,1,18,,26130,3,0,43 44,1,58,,26115,3,0,43 44,1,18,,26100,3,0,43 44,1,19,,26085,3,0,43 44,1,19,,26129,3,0,43 44,1,58,,26112,3,0,43 44,1,18,,26101,3,0,43 44,1,19,,26086,3,0,43 44,1,59,,26128,3,0,43 44,1,19,,26111,3,0,43 44,1,18,,26102,3,0,43 44,1,59,,26087,3,0,43 44,1,19,,26133,3,0,43 44,1,19,,26117,3,0,43 44,1,59,,26095,3,0,43 44,1,19,,26088,3,0,43 44,1,18,,26137,3,0,43 44,1,18,,26118,3,0,43 44,1,58,,26104,3,0,43 44,1,18,,26090,3,0,43 44,1,19,,26136,3,0,43 44,1,57,,26120,3,0,43 44,1,17,,26103,3,0,43 44,1,18,,26091,3,0,43 44,1,58,,26135,3,0,43 44,1,17,,26119,3,0,43 44,1,17,,26097,3,0,43 44,1,17,,26089,3,0,43 44,1,63,,26134,3,0,43 44,1,23,,26109,3,0,43 44,1,62,,26079,3,0,43 44,1,23,,26126,3,0,43 44,1,23,,26110,3,0,43 44,1,63,,26080,3,0,43 44,1,23,,26127,3,0,43 44,1,22,,26105,3,0,43 44,1,62,,26081,3,0,43 44,1,22,,26122,3,0,43 44,1
1802,'CPWeekday',540,,18023,3,0,15 16,1,15,,18024,3,0,15 16,1,55,,18025,3,0,15 16,1,14,,18026,3,0,15 16,1,15,,18027,3,0,15 16,1,15,,18028,3,0,15 16,1,55,,18029,3,0,15 16,1,15,,18030,3,0,15 16,1,15,,18031,3,0,15 16,1,15,,18032,3,0,15 16,1,55,,18033,3,0,15 16,1,15,,18034,3,0,15 16,1,15,,18035,3,0,15 16,1,15,,18036,3,0,15 16,1,55,,18037,3,0,15 16,1,15,,18038,3,0,15 16,1,15,,18039,3,0,15 16,1,316,,18040,3,0,15 16,1,55,,18041,3,0,15 16,1,15,,18042,3,0,15 16,1,15,,18043,3,0,15 16,1,15,,18044,3,0,15 16,1,55,,18045,3,0,15 16,1,15,,18046,3,0,15 16,1,15,,18047,3,0,15 16,1,15,,18048,3,0,15 16,1,55,,18049,3,0,15 16,1,15,,18050,3,0,15 16,1,15,,18051,3,0,15 16,1,15,,18052,3,0,15 16,1,55,,18053,3,0,15 16,1,15,,18054,3,0,15 16,1,15,,18055,3,0,15 16,1,15,,18056,3,0,15 16,1,55,,18057,3,0,15 16,1,15,,18058,3,0,15 16,1,15,,18059,3,0,15 16,1,15,,18060,3,0,15 16,1,55,,18061,3,0,15 16,1,15,,18062,3,0,15 16,1,15,,18063,3,0,15 16,1,15,,18064,3,0,15 16,1,55,,18065,3,0,15 16,1,15,,18066,3,0,15 16,1,15,,18067,3,0,15 16,1
2404,'MAWeekday',441,,18763,3,0,18 12,1,70,,18764,3,0,18 12,1,38,,18765,3,0,18 12,1,70,,18766,3,0,18 12,1,37,,18767,3,0,18 12,1,73,,18768,3,0,18 12,1,77,,18769,3,0,18 12,1,36,,18770,3,0,18 12,1,74,,18771,3,0,18 12,1,32,,18772,3,0,18 12,1,373,,18773,3,0,18 12,1,35,,18774,3,0,18 12,1,75,,18775,3,0,18 12,1,75,,18776,3,0,18 12,1,36,,18777,3,0,18 12,1,76,,18778,3,0,18 12,1,36,,18779,3,0,18 12,1,76,,18780,3,0,18 12,1,76,,18781,3,0,18 12,1
4202,'CPWeekday',401,,21099,3,0,5,1,24,,21100,3,0,5,1,22,,21101,3,0,5,1,62,,21102,3,0,5,1,23,,21103,3,0,5,1,15,,21104,3,0,5,1,55,,21105,3,0,5,1,15,,21106,3,0,5,1,15,,21107,3,0,5,1,15,,21108,3,0,5,1,55,,21109,3,0,5,1,15,,21110,3,0,5,1,15,,21111,3,0,5,1,15,,21112,3,0,5,1,55,,21113,3,0,5,1,15,,21114,3,0,5,1,15,,21115,3,0,5,1,15,,21116,3,0,5,1,55,,21117,3,0,5,1,15,,21118,3,0,5,1,15,,21119,3,0,5,1,15,,21120,3,0,5,1,55,,21121,3,0,5,1,15,,21122,3,0,5,1,15,,21123,3,0,5,1,15,,21124,3,0,5,1,55,,21125,3,0,5,1,15,,21126,3,0,5,1,15,,21127,3,0,5,1,15,,21128,3,0,5,1,55,,21129,3,0,5,1,15,,21130,3,0,5,1,15,,21131,3,0,5,1,15,,21132,3,0,5,1,55,,21133,3,0,5,1,15,,21134,3,0,5,1,15,,21135,3,0,5,1,15,,21136,3,0,5,1,55,,21137,3,0,5,1,15,,21138,3,0,5,1,15,,21139,3,0,5,1,15,,21140,3,0,5,1,55,,21141,3,0,5,1,15,,21142,3,0,5,1,15,,21143,3,0,5,1,15,,21144,3,0,5,1,55,,21145,3,0,5,1,15,,21146,3,0,5,1,15,,21147,3,0,5,1,15,,21148,3,0,5,1,55,,21149,3,0,5,1,15,,21150,3,0,5,1,15,,21151,3,0,5,1,15,,21152,3,0,5,1,55,,21153,3,0,5,1,15,,21154,3,0,5,1,15,,21155,3,0,5,1,15,,21156,3,0,5,1,55,,21157,3,0,5,1,15,,21158,3,0,5,1,15,,21159,3,0,5,1,15,,21160,3,0,5,1,55,,21161,3,0,5,1,15,,21162,3,0,5,1,15,,21163,3,0,5,1,15,,21164,3,0,5,1,55,,21165,3,0,5,1,15,,21166,3,0,5,1,15,,21167,3,0,5,1,15,,21168,3,0,5,1,55,,21169,3,0,5,1,15,,21170,3,0,5,1,15,,21171,3,0,5,1,15,,21172,3,0,5,1,54,,21173,3,0,5,1,15,,21174,3,0,5,1,15,,21175,3,0,5,1,15,,21176,3,0,5,1,55,,21177,3,0,5,1,15,,21178,3,0,5,1,15,,21179,3,0,5,1,15,,21180,3,0,5,1,55,,21181,3,0,5,1
4202,'MASaturday',451,,21206,3,0,5,1,55,,21207,3,0,5,1,15,,21208,3,0,5,1,15,,21209,3,0,5,1,15,,21210,3,0,5,1,56,,21211,3,0,5,1,15,,21182,3,0,5,1,15,,21191,3,0,5,1,15,,21212,3,0,5,1,55,,21213,3,0,5,1,16,,21214,3,0,5,1,16,,21215,3,0,5,1,18,,21216,3,0,5,1,58,,21217,3,0,5,1,18,,21183,3,0,5,1,18,,21192,3,0,5,1,58,,21218,3,0,5,1,18,,21219,3,0,5,1,18,,21220,3,0,5,1,58,,21221,3,0,5,1,16,,21222,3,0,5,1,16,,21223,3,0,5,1,15,,21184,3,0,5,1,55,,21193,3,0,5,1,15,,21224,3,0,5,1,14,,21200,3,0,5,1,14,,21225,3,0,5,1,55,,21226,3,0,5,1,15,,21227,3,0,5,1,16,,21228,3,0,5,1,16,,21229,3,0,5,1,56,,21185,3,0,5,1,16,,21194,3,0,5,1,16,,21230,3,0,5,1,16,,21201,3,0,5,1,56,,21231,3,0,5,1,16,,21232,3,0,5,1,16,,21233,3,0,5,1,16,,21234,3,0,5,1,56,,21235,3,0,5,1,16,,21186,3,0,5,1,16,,21195,3,0,5,1,56,,21236,3,0,5,1,16,,21202,3,0,5,1,16,,21237,3,0,5,1,16,,21238,3,0,5,1,56,,21239,3,0,5,1,16,,21240,3,0,5,1,16,,21241,3,0,5,1,16,,21187,3,0,5,1,56,,21196,3,0,5,1,16,,21242,3,0,5,1,16,,21203,3,0,5,1,16,,21243,3,0,5,1,56,,21244,3,0,5,1,16,,21245,3,0,5,1,18,,21246,3,0,5,1,60,,21188,3,0,5,1,20,,21197,3,0,5,1,20,,21247,3,0,5,1,60,,21204,3,0,5,1,22,,21248,3,0,5,1,22,,21249,3,0,5,1,59,,21189,3,0,5,1,20,,21198,3,0,5,1,20,,21250,3,0,5,1,60,,21205,3,0,5,1,20,,21251,3,0,5,1,20,,21252,3,0,5,1,60,,21190,3,0,5,1,20,,21199,3,0,5,1,15,,21253,3,0,5,1
4202,'MASunday',531,,21254,3,0,5,1,22,,21255,3,0,5,1,62,,21256,3,0,5,1,24,,21257,3,0,5,1,64,,21258,3,0,5,1,24,,21259,3,0,5,1,24,,21260,3,0,5,1,64,,21261,3,0,5,1,20,,21262,3,0,5,1,20,,21263,3,0,5,1,61,,21264,3,0,5,1,22,,21265,3,0,5,1,62,,21266,3,0,5,1,22,,21267,3,0,5,1,24,,21268,3,0,5,1,64,,21269,3,0,5,1,24,,21270,3,0,5,1,22,,21271,3,0,5,1,62,,21272,3,0,5,1,22,,21273,3,0,5,1,62,,21274,3,0,5,1,20,,21275,3,0,5,1,20,,21276,3,0,5,1,60,,21277,3,0,5,1,20,,21278,3,0,5,1,20,,21279,3,0,5,1,60,,21280,3,0,5,1,20,,21281,3,0,5,1,20,,21282,3,0,5,1,60,,21283,3,0,5,1,20,,21284,3,0,5,1,20,,21285,3,0,5,1,60,,21286,3,0,5,1,20,,21287,3,0,5,1,20,,21288,3,0,5,1,60,,21289,3,0,5,1,20,,21290,3,0,5,1,20,,21291,3,0,5,1,60,,21292,3,0,5,1,20,,21293,3,0,5,1,20,,21294,3,0,5,1,60,,21295,3,0,5,1,20,,21296,3,0,5,1,20,,21297,3,0,5,1,62,,21298,3,0,5,1,24,,21299,3,0,5,1,24,,21300,3,0,5,1,61,,21301,3,0,5,1,20,,21302,3,0,5,1,18,,21303,3,0,5,1,60,,21304,3,0,5,1,20,,21305,3,0,5,1,20,,21306,3,0,5,1,60,,21307,3,0,5,1,20,,21308,3,0,5,1
4202,'MAHoliday1',531,,27042,3,0,5,1,22,,27043,3,0,5,1,62,,27044,3,0,5,1,24,,27045,3,0,5,1,64,,27046,3,0,5,1,24,,27047,3,0,5,1,24,,27048,3,0,5,1,64,,27049,3,0,5,1,20,,27050,3,0,5,1,20,,27051,3,0,5,1,61,,27052,3,0,5,1,22,,27053,3,0,5,1,62,,27054,3,0,5,1,22,,27055,3,0,5,1,24,,27056,3,0,5,1,64,,27057,3,0,5,1,24,,27058,3,0,5,1,22,,27059,3,0,5,1,62,,27060,3,0,5,1,22,,27061,3,0,5,1,62,,27062,3,0,5,1,20,,27063,3,0,5,1,20,,27064,3,0,5,1,60,,27065,3,0,5,1,20,,27066,3,0,5,1,20,,27067,3,0,5,1,60,,27068,3,0,5,1,20,,27069,3,0,5,1,20,,27070,3,0,5,1,60,,27071,3,0,5,1,20,,27072,3,0,5,1,20,,27073,3,0,5,1,60,,27074,3,0,5,1,20,,27075,3,0,5,1,20,,27076,3,0,5,1,60,,27077,3,0,5,1,20,,27078,3,0,5,1,20,,27079,3,0,5,1,60,,27080,3,0,5,1,20,,27081,3,0,5,1,20,,27082,3,0,5,1,60,,27083,3,0,5,1,20,,27084,3,0,5,1,20,,27085,3,0,5,1,62,,27086,3,0,5,1,24,,27087,3,0,5,1,24,,27088,3,0,5,1,61,,27089,3,0,5,1,20,,27090,3,0,5,1,18,,27091,3,0,5,1,60,,27092,3,0,5,1,20,,27093,3,0,5,1,20,,27094,3,0,5,1,60,,27095,3,0,5,1,20,,27096,3,0,5,1
