504,'MAHoliday1',636,,30062,48,0,54 55 7,1,65,,30063,48,0,54 55 7,1,26,,30064,48,0,54 55 7,1,25,,30065,48,0,54 55 7,1,66,,30066,48,0,54 55 7,1,30,,30067,48,0,54 55 7,1,70,,30068,48,0,54 55 7,1,34,,30069,48,0,54 55 7,1,70,,30070,48,0,54 55 7,1,25,,30071,48,0,54 55 7,1,61,,30072,48,0,54 55 7,1,21,,30073,48,0,54 55 7,1,20,,30074,48,0,54 55 7,1,61,,30075,48,0,54 55 7,1,21,,30076,48,0,54 55 7,1,20,,30077,48,0,54 55 7,1,60,,30078,48,0,54 55 7,1,18,,30079,48,0,54 55 7,1,18,,30080,48,0,54 55 7,1,58,,30081,48,0,54 55 7,1,18,,30082,48,0,54 55 7,1,18,,30083,48,0,54 55 7,1,18,,30084,48,0,54 55 7,1,58,,30085,48,0,54 55 7,1,18,,30086,48,0,54 55 7,1,18,,30087,48,0,54 55 7,1,60,,30088,48,0,54 55 7,1,20,,30089,48,0,54 55 7,1,20,,30090,48,0,54 55 7,1,58,,30091,48,0,54 55 7,1,18,,30092,48,0,54 55 7,1,18,,30093,48,0,54 55 7,1,58,,30094,48,0,54 55 7,1,17,,30095,48,0,54 55 7,1,19,,30096,48,0,54 55 7,1,60,,30097,48,0,54 55 7,1,16,,30098,48,0,54 55 7,1,15,,30099,48,0,54 55 7,1,16,,30100,48,0,54 55 7,1,69,,30101,48,0,54 55 7,1,29,,30102,48,0,54 55 7,1,70,,30103,48,0,54 55 7,1,28,,30104,48,0,54 55 7,1,69,,30105,48,0,54 55 7,1,25,,30106,48,0,54 55 7,1,65,,30107,48,0,54 55 7,1
504,'MASaturday',606,,30108,48,0,54 55 7,1,27,,30109,48,0,54 55 7,1,26,,30110,48,0,54 55 7,1,66,,30111,48,0,54 55 7,1,28,,30112,48,0,54 55 7,1,68,,30113,48,0,54 55 7,1,29,,30114,48,0,54 55 7,1,70,,30115,48,0,54 55 7,1,29,,30116,48,0,54 55 7,1,60,,30117,48,0,54 55 7,1,20,,30118,48,0,54 55 7,1,20,,30119,48,0,54 55 7,1,60,,30120,48,0,54 55 7,1,20,,30121,48,0,54 55 7,1,22,,30122,48,0,54 55 7,1,61,,30123,48,0,54 55 7,1,21,,30124,48,0,54 55 7,1,20,,30125,48,0,54 55 7,1,60,,30126,48,0,54 55 7,1,21,,30127,48,0,54 55 7,1,20,,30128,48,0,54 55 7,1,60,,30129,48,0,54 55 7,1,18,,30130,48,0,54 55 7,1,18,,30131,48,0,54 55 7,1,58,,30132,48,0,54 55 7,1,18,,30133,48,0,54 55 7,1,18,,30134,48,0,54 55 7,1,60,,30135,48,0,54 55 7,1,20,,30136,48,0,54 55 7,1,20,,30137,48,0,54 55 7,1,60,,30138,48,0,54 55 7,1,20,,30139,48,0,54 55 7,1,20,,30140,48,0,54 55 7,1,60,,30141,48,0,54 55 7,1,17,,30142,48,0,54 55 7,1,17,,30143,48,0,54 55 7,1,18,,30144,48,0,54 55 7,1,58,,30145,48,0,54 55 7,1,18,,30146,48,0,54 55 7,1,20,,30147,48,0,54 55 7,1,61,,30148,48,0,54 55 7,1,23,,30149,48,0,54 55 7,1,64,,30150,48,0,54 55 7,1,24,,30151,48,0,54 55 7,1,21,,30152,48,0,54 55 7,1,60,,30153,48,0,54 55 7,1,25,,30154,48,0,54 55 7,1,28,,30155,48,0,54 55 7,1,65,,30156,48,0,54 55 7,1,29,,30157,48,0,54 55 7,1,69,,30158,48,0,54 55 7,1,29,,30159,48,0,54 55 7,1,79,,30160,48,0,54 55 7,1
504,'MASunday',636,,30161,48,0,54 55 7,1,65,,30162,48,0,54 55 7,1,26,,30163,48,0,54 55 7,1,25,,30164,48,0,54 55 7,1,66,,30165,48,0,54 55 7,1,30,,30166,48,0,54 55 7,1,70,,30167,48,0,54 55 7,1,34,,30168,48,0,54 55 7,1,70,,30169,48,0,54 55 7,1,25,,30170,48,0,54 55 7,1,61,,30171,48,0,54 55 7,1,21,,30172,48,0,54 55 7,1,20,,30173,48,0,54 55 7,1,61,,30174,48,0,54 55 7,1,21,,30175,48,0,54 55 7,1,20,,30176,48,0,54 55 7,1,60,,30177,48,0,54 55 7,1,18,,30178,48,0,54 55 7,1,18,,30179,48,0,54 55 7,1,58,,30180,48,0,54 55 7,1,18,,30181,48,0,54 55 7,1,18,,30182,48,0,54 55 7,1,18,,30183,48,0,54 55 7,1,58,,30184,48,0,54 55 7,1,18,,30185,48,0,54 55 7,1,18,,30186,48,0,54 55 7,1,60,,30187,48,0,54 55 7,1,20,,30188,48,0,54 55 7,1,20,,30189,48,0,54 55 7,1,58,,30190,48,0,54 55 7,1,18,,30191,48,0,54 55 7,1,18,,30192,48,0,54 55 7,1,58,,30193,48,0,54 55 7,1,17,,30194,48,0,54 55 7,1,19,,30195,48,0,54 55 7,1,60,,30196,48,0,54 55 7,1,16,,30197,48,0,54 55 7,1,15,,30198,48,0,54 55 7,1,16,,30199,48,0,54 55 7,1,69,,30200,48,0,54 55 7,1,29,,30201,48,0,54 55 7,1,70,,30202,48,0,54 55 7,1,28,,30203,48,0,54 55 7,1,69,,30204,48,0,54 55 7,1,25,,30205,48,0,54 55 7,1,65,,30206,48,0,54 55 7,1
504,'MAWeekday',442,,30207,48,0,54 55 7,1,68,,30208,48,0,54 55 7,1,30,,30209,48,0,54 55 7,1,66,,30210,48,0,54 55 7,1,23,,30211,48,0,54 55 7,1,17,,30212,48,0,54 55 7,1,56,,30213,48,0,54 55 7,1,14,,30214,48,0,54 55 7,1,14,,30215,48,0,54 55 7,1,15,,30216,48,0,54 55 7,1,56,,30217,48,0,54 55 7,1,16,,30218,48,0,54 55 7,1,15,,30219,48,0,54 55 7,1,14,,30220,48,0,54 55 7,1,54,,30221,48,0,54 55 7,1,15,,30222,48,0,54 55 7,1,14,,30223,48,0,54 55 7,1,15,,30224,48,0,54 55 7,1,14,,30225,48,0,54 55 7,1,55,,30226,48,0,54 55 7,1,16,,30227,48,0,54 55 7,1,15,,30228,48,0,54 55 7,1,15,,30229,48,0,54 55 7,1,54,,30230,48,0,54 55 7,1,15,,30231,48,0,54 55 7,1,14,,30232,48,0,54 55 7,1,14,,30233,48,0,54 55 7,1,55,,30234,48,0,54 55 7,1,15,,30235,48,0,54 55 7,1,14,,30236,48,0,54 55 7,1,15,,30237,48,0,54 55 7,1,55,,30238,48,0,54 55 7,1,16,,30239,48,0,54 55 7,1,14,,30240,48,0,54 55 7,1,16,,30241,48,0,54 55 7,1,55,,30242,48,0,54 55 7,1,14,,30243,48,0,54 55 7,1,16,,30244,48,0,54 55 7,1,14,,30245,48,0,54 55 7,1,54,,30246,48,0,54 55 7,1,15,,30247,48,0,54 55 7,1,16,,30248,48,0,54 55 7,1,16,,30249,48,0,54 55 7,1,56,,30250,48,0,54 55 7,1,15,,30251,48,0,54 55 7,1,16,,30252,48,0,54 55 7,1,15,,30253,48,0,54 55 7,1,56,,30254,48,0,54 55 7,1,15,,30255,48,0,54 55 7,1,16,,30256,48,0,54 55 7,1,55,,30257,48,0,54 55 7,1,16,,30258,48,0,54 55 7,1,15,,30259,48,0,54 55 7,1,15,,30260,48,0,54 55 7,1,55,,30261,48,0,54 55 7,1,13,,30262,48,0,54 55 7,1,21,,30263,48,0,54 55 7,1,65,,30264,48,0,54 55 7,1,23,,30265,48,0,54 55 7,1,24,,30266,48,0,54 55 7,1,66,,30267,48,0,54 55 7,1,26,,30268,48,0,54 55 7,1,70,,30269,48,0,54 55 7,1,29,,30270,48,0,54 55 7,1,76,,30271,48,0,54 55 7,1,35,,30272,48,0,54 55 7,1,76,,30273,48,0,54 55 7,1,75,,30274,48,0,54 55 7,1,34,,30275,48,0,54 55 7,1,75,,30276,48,0,54 55 7,1
2301,'CPHoliday1',816,,33739,43,0,54 55 7,1,29,,33740,43,0,54 55 7,1,68,,33741,43,0,54 55 7,1,28,,33742,43,0,54 55 7,1,69,,33743,43,0,54 55 7,1,29,,33744,43,0,54 55 7,1,20,,33745,43,0,54 55 7,1,60,,33746,43,0,54 55 7,1,23,,33747,43,0,54 55 7,1,65,,33748,43,0,54 55 7,1,24,,33749,43,0,54 55 7,1,25,,33750,43,0,54 55 7,1,64,,33751,43,0,54 55 7,1,25,,33752,43,0,54 55 7,1,64,,33753,43,0,54 55 7,1,24,,33754,43,0,54 55 7,1,24,,33755,43,0,54 55 7,1,66,,33756,43,0,54 55 7,1,25,,33757,43,0,54 55 7,1,65,,33758,43,0,54 55 7,1,25,,33759,43,0,54 55 7,1,65,,33760,43,0,54 55 7,1,23,,33761,43,0,54 55 7,1,24,,33762,43,0,54 55 7,1,63,,33763,43,0,54 55 7,1,24,,33764,43,0,54 55 7,1,65,,33765,43,0,54 55 7,1,25,,33731,43,0,54 55 7,1,28,,33732,43,0,54 55 7,1,72,,33733,43,0,54 55 7,1,31,,33734,43,0,54 55 7,1,72,,33735,43,0,54 55 7,1,29,,33736,43,0,54 55 7,1,70,,33737,43,0,54 55 7,1,30,,33738,43,0,54 55 7,1
2301,'CPSaturday',544,,33766,43,0,54 55 7,1,66,,33767,43,0,54 55 7,1,29,,33768,43,0,54 55 7,1,69,,33769,43,0,54 55 7,1,28,,33770,43,0,54 55 7,1,68,,33771,43,0,54 55 7,1,28,,33772,43,0,54 55 7,1,69,,33773,43,0,54 55 7,1,29,,33774,43,0,54 55 7,1,29,,33775,43,0,54 55 7,1,69,,33776,43,0,54 55 7,1,22,,33777,43,0,54 55 7,1,67,,33778,43,0,54 55 7,1,24,,33779,43,0,54 55 7,1,65,,33780,43,0,54 55 7,1,24,,33781,43,0,54 55 7,1,24,,33782,43,0,54 55 7,1,67,,33783,43,0,54 55 7,1,26,,33784,43,0,54 55 7,1,66,,33785,43,0,54 55 7,1,26,,33786,43,0,54 55 7,1,66,,33787,43,0,54 55 7,1,26,,33788,43,0,54 55 7,1,26,,33789,43,0,54 55 7,1,66,,33790,43,0,54 55 7,1,25,,33791,43,0,54 55 7,1,65,,33792,43,0,54 55 7,1,25,,33793,43,0,54 55 7,1,65,,33794,43,0,54 55 7,1,25,,33795,43,0,54 55 7,1,25,,33796,43,0,54 55 7,1,65,,33797,43,0,54 55 7,1,24,,33798,43,0,54 55 7,1,65,,33799,43,0,54 55 7,1,30,,33800,43,0,54 55 7,1,69,,33801,43,0,54 55 7,1,29,,33802,43,0,54 55 7,1,70,,33803,43,0,54 55 7,1,28,,33804,43,0,54 55 7,1,68,,33805,43,0,54 55 7,1,26,,33806,43,0,54 55 7,1,26,,33807,43,0,54 55 7,1,65,,33808,43,0,54 55 7,1,25,,33809,43,0,54 55 7,1,64,,33810,43,0,54 55 7,1
2301,'CPSunday',816,,33819,43,0,54 55 7,1,29,,33820,43,0,54 55 7,1,68,,33821,43,0,54 55 7,1,28,,33822,43,0,54 55 7,1,69,,33823,43,0,54 55 7,1,29,,33824,43,0,54 55 7,1,20,,33825,43,0,54 55 7,1,60,,33826,43,0,54 55 7,1,23,,33827,43,0,54 55 7,1,65,,33828,43,0,54 55 7,1,24,,33829,43,0,54 55 7,1,25,,33830,43,0,54 55 7,1,64,,33831,43,0,54 55 7,1,25,,33832,43,0,54 55 7,1,64,,33833,43,0,54 55 7,1,24,,33834,43,0,54 55 7,1,24,,33835,43,0,54 55 7,1,66,,33836,43,0,54 55 7,1,25,,33837,43,0,54 55 7,1,65,,33838,43,0,54 55 7,1,25,,33839,43,0,54 55 7,1,65,,33840,43,0,54 55 7,1,23,,33841,43,0,54 55 7,1,24,,33842,43,0,54 55 7,1,63,,33843,43,0,54 55 7,1,24,,33844,43,0,54 55 7,1,65,,33845,43,0,54 55 7,1,25,,33811,43,0,54 55 7,1,28,,33812,43,0,54 55 7,1,72,,33813,43,0,54 55 7,1,31,,33814,43,0,54 55 7,1,72,,33815,43,0,54 55 7,1,29,,33816,43,0,54 55 7,1,70,,33817,43,0,54 55 7,1,30,,33818,43,0,54 55 7,1
2301,'CPWeekday',449,,33888,43,0,54 55 7,1,59,,33871,43,0,54 55 7,1,23,,33869,43,0,54 55 7,1,21,,33868,43,0,54 55 7,1,62,,33885,43,0,54 55 7,1,23,,33872,43,0,54 55 7,1,63,,33867,43,0,54 55 7,1,27,,33856,43,0,54 55 7,1,24,,33886,43,0,54 55 7,1,64,,33873,43,0,54 55 7,1,27,,33854,43,0,54 55 7,1,65,,33853,43,0,54 55 7,1,26,,33887,43,0,54 55 7,1,26,,33874,43,0,54 55 7,1,67,,33857,43,0,54 55 7,1,26,,33852,43,0,54 55 7,1,64,,33889,43,0,54 55 7,1,23,,33870,43,0,54 55 7,1,65,,33855,43,0,54 55 7,1,26,,33851,43,0,54 55 7,1,26,,33893,43,0,54 55 7,1,65,,33878,43,0,54 55 7,1,27,,33859,43,0,54 55 7,1,66,,33850,43,0,54 55 7,1,26,,33891,43,0,54 55 7,1,67,,33881,43,0,54 55 7,1,27,,33861,43,0,54 55 7,1,66,,33849,43,0,54 55 7,1,26,,33890,43,0,54 55 7,1,29,,33879,43,0,54 55 7,1,68,,33860,43,0,54 55 7,1,28,,33848,43,0,54 55 7,1,65,,33892,43,0,54 55 7,1,28,,33882,43,0,54 55 7,1,65,,33858,43,0,54 55 7,1,28,,33847,43,0,54 55 7,1,75,,33880,43,0,54 55 7,1,30,,33862,43,0,54 55 7,1,70,,33846,43,0,54 55 7,1,30,,33883,43,0,54 55 7,1,75,,33863,43,0,54 55 7,1,42,,33877,43,0,54 55 7,1,83,,33864,43,0,54 55 7,1,79,,33875,43,0,54 55 7,1,35,,33865,43,0,54 55 7,1,76,,33876,43,0,54 55 7,1,74,,33866,43,0,54 55 7,1,34,,33884,43,0,54 55 7,1,74,,33894,43,0,54 55 7,1
3104,'CPHoliday1',710,,35420,20,0,54 55 7,1,100,,35421,20,0,54 55 7,1,30,,35422,20,0,54 55 7,1,72,,35423,20,0,54 55 7,1,30,,35424,20,0,54 55 7,1,70,,35425,20,0,54 55 7,1,30,,35426,20,0,54 55 7,1,70,,35427,20,0,54 55 7,1,30,,35428,20,0,54 55 7,1,70,,35429,20,0,54 55 7,1,30,,35430,20,0,54 55 7,1,70,,35431,20,0,54 55 7,1,30,,35432,20,0,54 55 7,1,70,,35433,20,0,54 55 7,1,30,,35434,20,0,54 55 7,1,70,,35435,20,0,54 55 7,1,30,,35436,20,0,54 55 7,1,70,,35437,20,0,54 55 7,1,30,,35438,20,0,54 55 7,1,70,,35439,20,0,54 55 7,1,30,,35440,20,0,54 55 7,1,70,,35441,20,0,54 55 7,1,30,,35442,20,0,54 55 7,1,70,,35443,20,0,54 55 7,1,30,,35444,20,0,54 55 7,1,70,,35445,20,0,54 55 7,1,31,,35446,20,0,54 55 7,1,70,,35447,20,0,54 55 7,1,29,,35448,20,0,54 55 7,1,69,,35449,20,0,54 55 7,1
3104,'CPSaturday',601,,35450,20,0,54 55 7,1,100,,35451,20,0,54 55 7,1,111,,35452,20,0,54 55 7,1,30,,35453,20,0,54 55 7,1,70,,35454,20,0,54 55 7,1,30,,35455,20,0,54 55 7,1,70,,35456,20,0,54 55 7,1,30,,35457,20,0,54 55 7,1,70,,35458,20,0,54 55 7,1,30,,35459,20,0,54 55 7,1,70,,35460,20,0,54 55 7,1,30,,35461,20,0,54 55 7,1,70,,35462,20,0,54 55 7,1,30,,35463,20,0,54 55 7,1,70,,35464,20,0,54 55 7,1,30,,35465,20,0,54 55 7,1,70,,35466,20,0,54 55 7,1,30,,35467,20,0,54 55 7,1,70,,35468,20,0,54 55 7,1,30,,35469,20,0,54 55 7,1,70,,35470,20,0,54 55 7,1,30,,35471,20,0,54 55 7,1,70,,35472,20,0,54 55 7,1,30,,35473,20,0,54 55 7,1,70,,35474,20,0,54 55 7,1,30,,35475,20,0,54 55 7,1,70,,35476,20,0,54 55 7,1,30,,35477,20,0,54 55 7,1,70,,35478,20,0,54 55 7,1,30,,35479,20,0,54 55 7,1,70,,35480,20,0,54 55 7,1,34,,35481,20,0,54 55 7,1,58,,35482,20,0,54 55 7,1
3104,'CPSunday',710,,35483,20,0,54 55 7,1,100,,35484,20,0,54 55 7,1,30,,35485,20,0,54 55 7,1,72,,35486,20,0,54 55 7,1,30,,35487,20,0,54 55 7,1,70,,35488,20,0,54 55 7,1,30,,35489,20,0,54 55 7,1,70,,35490,20,0,54 55 7,1,30,,35491,20,0,54 55 7,1,70,,35492,20,0,54 55 7,1,30,,35493,20,0,54 55 7,1,70,,35494,20,0,54 55 7,1,30,,35495,20,0,54 55 7,1,70,,35496,20,0,54 55 7,1,30,,35497,20,0,54 55 7,1,70,,35498,20,0,54 55 7,1,30,,35499,20,0,54 55 7,1,70,,35500,20,0,54 55 7,1,30,,35501,20,0,54 55 7,1,70,,35502,20,0,54 55 7,1,30,,35503,20,0,54 55 7,1,70,,35504,20,0,54 55 7,1,30,,35505,20,0,54 55 7,1,70,,35506,20,0,54 55 7,1,30,,35507,20,0,54 55 7,1,70,,35508,20,0,54 55 7,1,31,,35509,20,0,54 55 7,1,70,,35510,20,0,54 55 7,1,29,,35511,20,0,54 55 7,1,69,,35512,20,0,54 55 7,1
3104,'CPWeekday',425,,35513,20,0,54 55 7,1,28,,35514,20,0,54 55 7,1,70,,35515,20,0,54 55 7,1,33,,35516,20,0,54 55 7,1,71,,35517,20,0,54 55 7,1,32,,35518,20,0,54 55 7,1,68,,35519,20,0,54 55 7,1,18,,35520,20,0,54 55 7,1,55,,35521,20,0,54 55 7,1,29,,35522,20,0,54 55 7,1,16,,35523,20,0,54 55 7,1,64,,35524,20,0,54 55 7,1,21,,35525,20,0,54 55 7,1,74,,35526,20,0,54 55 7,1,35,,35527,20,0,54 55 7,1,71,,35528,20,0,54 55 7,1,30,,35529,20,0,54 55 7,1,69,,35530,20,0,54 55 7,1,30,,35531,20,0,54 55 7,1,72,,35532,20,0,54 55 7,1,30,,35533,20,0,54 55 7,1,70,,35534,20,0,54 55 7,1,30,,35535,20,0,54 55 7,1,70,,35536,20,0,54 55 7,1,20,,35537,20,0,54 55 7,1,15,,35538,20,0,54 55 7,1,62,,35539,20,0,54 55 7,1,22,,35540,20,0,54 55 7,1,19,,35541,20,0,54 55 7,1,59,,35542,20,0,54 55 7,1,22,,35543,20,0,54 55 7,1,18,,35544,20,0,54 55 7,1,58,,35545,20,0,54 55 7,1,21,,35546,20,0,54 55 7,1,21,,35547,20,0,54 55 7,1,65,,35548,20,0,54 55 7,1,29,,35549,20,0,54 55 7,1,70,,35550,20,0,54 55 7,1,30,,35551,20,0,54 55 7,1,70,,35552,20,0,54 55 7,1,30,,35553,20,0,54 55 7,1,70,,35554,20,0,54 55 7,1,30,,35555,20,0,54 55 7,1,70,,35556,20,0,54 55 7,1,30,,35557,20,0,54 55 7,1,71,,35558,20,0,54 55 7,1,30,,35559,20,0,54 55 7,1,70,,35560,20,0,54 55 7,1,30,,35561,20,0,54 55 7,1,67,,35562,20,0,54 55 7,1
