704,'CPWeekday',234,,16031,29,0,19 20,1,77,,16032,29,0,19 20,1,47,,16033,29,0,19 20,1,81,,16034,29,0,19 20,1,66,,16044,29,0,19 20,1,24,,16041,29,0,19 20,1,174,,16035,29,0,19 20,1,43,,16043,29,0,19 20,1,63,,16042,29,0,19 20,1,132,,16036,29,0,19 20,1,278,,16037,29,0,19 20,1,283,,16038,29,0,19 20,1,299,,16039,29,0,19 20,1,241,,16040,29,0,19 20,1
704,'MASaturday',427,,16045,29,0,19 20,1,20,,16046,29,0,19 20,1,60,,16047,29,0,19 20,1,22,,16048,29,0,19 20,1,21,,16049,29,0,19 20,1,62,,16050,29,0,19 20,1,23,,16051,29,0,19 20,1,23,,16052,29,0,19 20,1,63,,16053,29,0,19 20,1,22,,16054,29,0,19 20,1,62,,16055,29,0,19 20,1,21,,16056,29,0,19 20,1,23,,16057,29,0,19 20,1,65,,16058,29,0,19 20,1,24,,16059,29,0,19 20,1,65,,16060,29,0,19 20,1,27,,16061,29,0,19 20,1,25,,16062,29,0,19 20,1,63,,16063,29,0,19 20,1,25,,16064,29,0,19 20,1,65,,16065,29,0,19 20,1,24,,16066,29,0,19 20,1,25,,16067,29,0,19 20,1,67,,16068,29,0,19 20,1,25,,16069,29,0,19 20,1,64,,16070,29,0,19 20,1,24,,16071,29,0,19 20,1,66,,16072,29,0,19 20,1,26,,16073,29,0,19 20,1,25,,16074,29,0,19 20,1,65,,16075,29,0,19 20,1,25,,16076,29,0,19 20,1,64,,16077,29,0,19 20,1,24,,16078,29,0,19 20,1,23,,16079,29,0,19 20,1,64,,16080,29,0,19 20,1,25,,16081,29,0,19 20,1,66,,16082,29,0,19 20,1,24,,16083,29,0,19 20,1,22,,16084,29,0,19 20,1,62,,16085,29,0,19 20,1,22,,16086,29,0,19 20,1,60,,16087,29,0,19 20,1,21,,16088,29,0,19 20,1,23,,16089,29,0,19 20,1,63,,16090,29,0,19 20,1,23,,16091,29,0,19 20,1,22,,16092,29,0,19 20,1,61,,16093,29,0,19 20,1,20,,16094,29,0,19 20,1,20,,16095,29,0,19 20,1,60,,16096,29,0,19 20,1,21,,16097,29,0,19 20,1,21,,16098,29,0,19 20,1,60,,16099,29,0,19 20,1
704,'MASunday',434,,16100,29,0,19 20,1,79,,16101,29,0,19 20,1,23,,16102,29,0,19 20,1,22,,16103,29,0,19 20,1,61,,16104,29,0,19 20,1,24,,16105,29,0,19 20,1,62,,16106,29,0,19 20,1,23,,16107,29,0,19 20,1,22,,16108,29,0,19 20,1,62,,16109,29,0,19 20,1,23,,16110,29,0,19 20,1,21,,16111,29,0,19 20,1,62,,16112,29,0,19 20,1,23,,16113,29,0,19 20,1,62,,16114,29,0,19 20,1,22,,16115,29,0,19 20,1,21,,16116,29,0,19 20,1,62,,16117,29,0,19 20,1,21,,16118,29,0,19 20,1,24,,16119,29,0,19 20,1,65,,16120,29,0,19 20,1,24,,16121,29,0,19 20,1,64,,16122,29,0,19 20,1,24,,16123,29,0,19 20,1,24,,16124,29,0,19 20,1,65,,16125,29,0,19 20,1,24,,16126,29,0,19 20,1,64,,16127,29,0,19 20,1,24,,16128,29,0,19 20,1,23,,16129,29,0,19 20,1,64,,16130,29,0,19 20,1,24,,16131,29,0,19 20,1,64,,16132,29,0,19 20,1,24,,16133,29,0,19 20,1,24,,16134,29,0,19 20,1,63,,16135,29,0,19 20,1,24,,16136,29,0,19 20,1,64,,16137,29,0,19 20,1,23,,16138,29,0,19 20,1,24,,16139,29,0,19 20,1,61,,16140,29,0,19 20,1,22,,16141,29,0,19 20,1,22,,16142,29,0,19 20,1,63,,16143,29,0,19 20,1,23,,16144,29,0,19 20,1,62,,16145,29,0,19 20,1,22,,16146,29,0,19 20,1,22,,16147,29,0,19 20,1,61,,16148,29,0,19 20,1,22,,16149,29,0,19 20,1,20,,16150,29,0,19 20,1,59,,16151,29,0,19 20,1
704,'MAWeekday',551,,16152,29,0,19 20,1,64,,16153,29,0,19 20,1,26,,16189,29,0,19 20,1,83,,16154,29,0,19 20,1,107,,16155,29,0,19 20,1,24,,16156,29,0,19 20,1,63,,16188,29,0,19 20,1,92,,16157,29,0,19 20,1,28,,16190,29,0,19 20,1,65,,16158,29,0,19 20,1,26,,16159,29,0,19 20,1,25,,16160,29,0,19 20,1,91,,16161,29,0,19 20,1,63,,16162,29,0,19 20,1,19,,16191,29,0,19 20,1,20,,16163,29,0,19 20,1,64,,16164,29,0,19 20,1,25,,16165,29,0,19 20,1,92,,16166,29,0,19 20,1,28,,16167,29,0,19 20,1,66,,16168,29,0,19 20,1,25,,16169,29,0,19 20,1,66,,16170,29,0,19 20,1,26,,16171,29,0,19 20,1,87,,16172,29,0,19 20,1,23,,16173,29,0,19 20,1,65,,16174,29,0,19 20,1,23,,16175,29,0,19 20,1,22,,16176,29,0,19 20,1,60,,16177,29,0,19 20,1,86,,16178,29,0,19 20,1,22,,16179,29,0,19 20,1,22,,16180,29,0,19 20,1,75,,16181,29,0,19 20,1,34,,16182,29,0,19 20,1,73,,16183,29,0,19 20,1,76,,16184,29,0,19 20,1,37,,16185,29,0,19 20,1,72,,16186,29,0,19 20,1,38,,16187,29,0,19 20,1
704,'MAHoliday1',434,,25853,29,0,19 20,1,79,,25854,29,0,19 20,1,23,,25855,29,0,19 20,1,22,,25856,29,0,19 20,1,61,,25857,29,0,19 20,1,24,,25858,29,0,19 20,1,62,,25859,29,0,19 20,1,23,,25860,29,0,19 20,1,22,,25861,29,0,19 20,1,62,,25862,29,0,19 20,1,23,,25863,29,0,19 20,1,21,,25864,29,0,19 20,1,62,,25865,29,0,19 20,1,23,,25866,29,0,19 20,1,62,,25867,29,0,19 20,1,22,,25868,29,0,19 20,1,21,,25869,29,0,19 20,1,62,,25870,29,0,19 20,1,21,,25871,29,0,19 20,1,24,,25872,29,0,19 20,1,65,,25873,29,0,19 20,1,24,,25874,29,0,19 20,1,64,,25875,29,0,19 20,1,24,,25876,29,0,19 20,1,24,,25877,29,0,19 20,1,65,,25878,29,0,19 20,1,24,,25879,29,0,19 20,1,64,,25880,29,0,19 20,1,24,,25881,29,0,19 20,1,23,,25882,29,0,19 20,1,64,,25883,29,0,19 20,1,24,,25884,29,0,19 20,1,64,,25885,29,0,19 20,1,24,,25886,29,0,19 20,1,24,,25887,29,0,19 20,1,63,,25888,29,0,19 20,1,24,,25889,29,0,19 20,1,64,,25890,29,0,19 20,1,23,,25891,29,0,19 20,1,24,,25892,29,0,19 20,1,61,,25893,29,0,19 20,1,22,,25894,29,0,19 20,1,22,,25895,29,0,19 20,1,63,,25896,29,0,19 20,1,23,,25897,29,0,19 20,1,62,,25898,29,0,19 20,1,22,,25899,29,0,19 20,1,22,,25900,29,0,19 20,1,61,,25901,29,0,19 20,1,22,,25902,29,0,19 20,1,20,,25903,29,0,19 20,1,59,,25904,29,0,19 20,1
3902,'CPSaturday',918,,20776,3,0,5,1,288,,20775,3,0,5,1,229,,20777,3,0,5,1,70,,20774,3,0,5,1,229,,20778,3,0,5,1,70,,20773,3,0,5,1,228,,20779,3,0,5,1,26,,20772,3,0,5,1
3902,'CPSunday',707,,20799,3,0,5,1,40,,20794,3,0,5,1,80,,20788,3,0,5,1,80,,20785,3,0,5,1,42,,20800,3,0,5,1,82,,20797,3,0,5,1,84,,20789,3,0,5,1,85,,20784,3,0,5,1,45,,20801,3,0,5,1,85,,20795,3,0,5,1,85,,20790,3,0,5,1,85,,20783,3,0,5,1,45,,20802,3,0,5,1,85,,20796,3,0,5,1,85,,20791,3,0,5,1,85,,20782,3,0,5,1,45,,20803,3,0,5,1,84,,20792,3,0,5,1,82,,20787,3,0,5,1,42,,20781,3,0,5,1,80,,20798,3,0,5,1,80,,20793,3,0,5,1,36,,20786,3,0,5,1,70,,20780,3,0,5,1
3902,'MASaturday',704,,20824,3,0,5,1,26,,20820,3,0,5,1,26,,20819,3,0,5,1,66,,20813,3,0,5,1,28,,20828,3,0,5,1,96,,20821,3,0,5,1,68,,20816,3,0,5,1,28,,20812,3,0,5,1,68,,20810,3,0,5,1,28,,20827,3,0,5,1,96,,20822,3,0,5,1,70,,20817,3,0,5,1,30,,20808,3,0,5,1,71,,20804,3,0,5,1,129,,20823,3,0,5,1,70,,20814,3,0,5,1,30,,20809,3,0,5,1,70,,20805,3,0,5,1,130,,20825,3,0,5,1,70,,20815,3,0,5,1,30,,20807,3,0,5,1,70,,20806,3,0,5,1,120,,20826,3,0,5,1,24,,20818,3,0,5,1,60,,20811,3,0,5,1
3902,'MAWeekday',437,,20829,3,0,5,1,15,,20830,3,0,5,1,55,,20831,3,0,5,1,15,,20832,3,0,5,1,16,,20833,3,0,5,1,18,,20834,3,0,5,1,59,,20835,3,0,5,1,22,,20836,3,0,5,1,63,,20837,3,0,5,1,24,,20838,3,0,5,1,23,,20839,3,0,5,1,60,,20840,3,0,5,1,19,,20841,3,0,5,1,19,,20842,3,0,5,1,62,,20843,3,0,5,1,24,,20844,3,0,5,1,76,,20845,3,0,5,1,36,,20846,3,0,5,1,76,,20847,3,0,5,1,36,,20848,3,0,5,1,76,,20849,3,0,5,1,75,,20850,3,0,5,1,36,,20851,3,0,5,1,61,,20852,3,0,5,1,22,,20853,3,0,5,1,20,,20854,3,0,5,1,60,,20855,3,0,5,1,21,,20856,3,0,5,1,21,,20857,3,0,5,1,62,,20858,3,0,5,1,22,,20859,3,0,5,1,22,,20860,3,0,5,1,59,,20861,3,0,5,1,17,,20862,3,0,5,1,18,,20863,3,0,5,1,59,,20864,3,0,5,1,20,,20865,3,0,5,1,20,,20866,3,0,5,1,61,,20867,3,0,5,1,22,,20868,3,0,5,1,23,,20869,3,0,5,1,73,,20870,3,0,5,1,79,,20871,3,0,5,1,39,,20872,3,0,5,1,78,,20873,3,0,5,1,38,,20874,3,0,5,1,78,,20875,3,0,5,1,78,,20876,3,0,5,1,38,,20877,3,0,5,1
3902,'CPHoliday1',707,,26980,3,0,5,1,40,,26975,3,0,5,1,80,,26969,3,0,5,1,80,,26966,3,0,5,1,42,,26981,3,0,5,1,82,,26978,3,0,5,1,84,,26970,3,0,5,1,85,,26965,3,0,5,1,45,,26982,3,0,5,1,85,,26976,3,0,5,1,85,,26971,3,0,5,1,85,,26964,3,0,5,1,45,,26983,3,0,5,1,85,,26977,3,0,5,1,85,,26972,3,0,5,1,85,,26963,3,0,5,1,45,,26984,3,0,5,1,84,,26973,3,0,5,1,82,,26968,3,0,5,1,42,,26962,3,0,5,1,80,,26979,3,0,5,1,80,,26974,3,0,5,1,36,,26967,3,0,5,1,70,,26961,3,0,5,1
4303,'CPWeekday',452,,21309,4,0,5,1,80,,21316,4,0,5,1,80,,21312,4,0,5,1,40,,21314,4,0,5,1,80,,21310,4,0,5,1,80,,21317,4,0,5,1,40,,21313,4,0,5,1,80,,21315,4,0,5,1,80,,21311,4,0,5,1
