4603,'CPHoliday1',757,,9604,1,0,5,1,80,,9605,1,0,5,1,80,,9606,1,0,5,1,40,,9607,1,0,5,1,80,,9608,1,0,5,1,80,,9609,1,0,5,1,40,,9610,1,0,5,1,80,,9611,1,0,5,1,82,,9612,1,0,5,1,82,,9613,1,0,5,1,42,,9614,1,0,5,1,82,,9615,1,0,5,1,82,,9616,1,0,5,1,42,,9617,1,0,5,1,82,,9618,1,0,5,1,82,,9619,1,0,5,1,42,,9620,1,0,5,1,84,,9621,1,0,5,1,84,,9622,1,0,5,1,84,,9623,1,0,5,1
4603,'CPSaturday',709,,9624,1,0,5,1,40,,9625,1,0,5,1,80,,9626,1,0,5,1,80,,9627,1,0,5,1,40,,9628,1,0,5,1,80,,9629,1,0,5,1,82,,9630,1,0,5,1,42,,9631,1,0,5,1,82,,9632,1,0,5,1,82,,9633,1,0,5,1,84,,9634,1,0,5,1,44,,9635,1,0,5,1,84,,9636,1,0,5,1,84,,9637,1,0,5,1,44,,9638,1,0,5,1,84,,9639,1,0,5,1,84,,9640,1,0,5,1,84,,9641,1,0,5,1,44,,9642,1,0,5,1,82,,9643,1,0,5,1,80,,9644,1,0,5,1,40,,9645,1,0,5,1,80,,9646,1,0,5,1
4603,'CPSunday',757,,9647,1,0,5,1,80,,9648,1,0,5,1,80,,9649,1,0,5,1,40,,9650,1,0,5,1,80,,9651,1,0,5,1,80,,9652,1,0,5,1,40,,9653,1,0,5,1,80,,9654,1,0,5,1,82,,9655,1,0,5,1,82,,9656,1,0,5,1,42,,9657,1,0,5,1,82,,9658,1,0,5,1,82,,9659,1,0,5,1,42,,9660,1,0,5,1,82,,9661,1,0,5,1,82,,9662,1,0,5,1,42,,9663,1,0,5,1,84,,9664,1,0,5,1,84,,9665,1,0,5,1,84,,9666,1,0,5,1
4603,'CPWeekday',447,,9693,1,0,5,1,90,,9692,1,0,5,1,80,,9688,1,0,5,1,42,,9694,1,0,5,1,84,,9689,1,0,5,1,86,,9691,1,0,5,1,86,,9695,1,0,5,1,86,,9690,1,0,5,1,44,,9672,1,0,5,1,84,,9683,1,0,5,1,84,,9680,1,0,5,1,44,,9684,1,0,5,1,84,,9679,1,0,5,1,86,,9681,1,0,5,1,88,,9682,1,0,5,1,88,,9685,1,0,5,1,48,,9676,1,0,5,1,86,,9674,1,0,5,1,86,,9686,1,0,5,1,86,,9673,1,0,5,1,44,,9687,1,0,5,1,84,,9675,1,0,5,1,84,,9677,1,0,5,1,82,,9678,1,0,5,1,42,,9667,1,0,5,1,82,,9670,1,0,5,1,80,,9669,1,0,5,1,38,,9668,1,0,5,1,78,,9671,1,0,5,1
4604,'CPHoliday1',747,,9696,36,4,,1,80,,9697,36,4,,1,84,,9698,36,4,,1,40,,9699,36,4,,1,82,,9700,36,4,,1,80,,9701,36,4,,1,40,,9702,36,4,,1,81,,9703,36,4,,1,80,,9704,36,4,,1,42,,9705,36,4,,1,82,,9706,36,4,,1,82,,9707,36,4,,1,82,,9708,36,4,,1,43,,9709,36,4,,1,82,,9710,36,4,,1,82,,9711,36,4,,1,42,,9712,36,4,,1,82,,9713,36,4,,1,82,,9714,36,4,,1,41,,9715,36,4,,1,86,,9716,36,4,,1
4604,'CPSaturday',659,,9717,36,4,,1,82,,9718,36,4,,1,81,,9719,36,4,,1,81,,9720,36,4,,1,40,,9721,36,4,,1,82,,9722,36,4,,1,81,,9723,36,4,,1,42,,9724,36,4,,1,83,,9725,36,4,,1,82,,9726,36,4,,1,42,,9727,36,4,,1,86,,9728,36,4,,1,84,,9729,36,4,,1,84,,9730,36,4,,1,44,,9731,36,4,,1,84,,9732,36,4,,1,84,,9733,36,4,,1,81,,9734,36,4,,1,44,,9735,36,4,,1,84,,9736,36,4,,1,82,,9737,36,4,,1,39,,9738,36,4,,1,80,,9739,36,4,,1
4604,'CPSunday',747,,9740,36,4,,1,80,,9741,36,4,,1,84,,9742,36,4,,1,40,,9743,36,4,,1,82,,9744,36,4,,1,80,,9745,36,4,,1,40,,9746,36,4,,1,81,,9747,36,4,,1,80,,9748,36,4,,1,42,,9749,36,4,,1,82,,9750,36,4,,1,82,,9751,36,4,,1,82,,9752,36,4,,1,43,,9753,36,4,,1,82,,9754,36,4,,1,82,,9755,36,4,,1,42,,9756,36,4,,1,82,,9757,36,4,,1,82,,9758,36,4,,1,41,,9759,36,4,,1,86,,9760,36,4,,1
4604,'CPWeekday',442,,9786,36,4,,1,85,,9787,36,4,,1,83,,9781,36,4,,1,41,,9788,36,4,,1,88,,9789,36,4,,1,84,,9782,36,4,,1,85,,9783,36,4,,1,45,,9785,36,4,,1,86,,9784,36,4,,1,86,,9764,36,4,,1,84,,9765,36,4,,1,45,,9761,36,4,,1,84,,9763,36,4,,1,84,,9766,36,4,,1,87,,9767,36,4,,1,47,,9771,36,4,,1,88,,9762,36,4,,1,88,,9768,36,4,,1,87,,9779,36,4,,1,88,,9778,36,4,,1,43,,9776,36,4,,1,83,,9772,36,4,,1,84,,9777,36,4,,1,42,,9769,36,4,,1,82,,9770,36,4,,1,82,,9774,36,4,,1,80,,9780,36,4,,1,36,,9773,36,4,,1,80,,9775,36,4,,1
4803,'CPHoliday1',600,,9790,12,0,5,1,30,,9791,12,0,5,1,70,,9792,12,0,5,1,36,,9793,12,0,5,1,75,,9794,12,0,5,1,35,,9795,12,0,5,1,75,,9796,12,0,5,1,35,,9797,12,0,5,1,75,,9798,12,0,5,1,79,,9799,12,0,5,1,38,,9800,12,0,5,1,78,,9801,12,0,5,1,78,,9802,12,0,5,1,38,,9803,12,0,5,1,78,,9804,12,0,5,1,38,,9805,12,0,5,1,78,,9806,12,0,5,1,77,,9807,12,0,5,1,38,,9808,12,0,5,1,78,,9809,12,0,5,1,78,,9810,12,0,5,1,38,,9811,12,0,5,1,78,,9812,12,0,5,1,78,,9813,12,0,5,1,35,,9814,12,0,5,1,74,,9815,12,0,5,1,31,,9816,12,0,5,1,71,,9817,12,0,5,1,32,,9818,12,0,5,1
4803,'CPSaturday',503,,9819,12,0,5,1,31,,9820,12,0,5,1,70,,9821,12,0,5,1,32,,9822,12,0,5,1,75,,9823,12,0,5,1,35,,9824,12,0,5,1,76,,9825,12,0,5,1,36,,9826,12,0,5,1,76,,9827,12,0,5,1,77,,9828,12,0,5,1,38,,9829,12,0,5,1,78,,9830,12,0,5,1,78,,9831,12,0,5,1,38,,9832,12,0,5,1,78,,9833,12,0,5,1,38,,9834,12,0,5,1,78,,9835,12,0,5,1,80,,9836,12,0,5,1,40,,9837,12,0,5,1,80,,9838,12,0,5,1,80,,9839,12,0,5,1,40,,9840,12,0,5,1,79,,9841,12,0,5,1,80,,9842,12,0,5,1,38,,9843,12,0,5,1,78,,9844,12,0,5,1,76,,9845,12,0,5,1,35,,9846,12,0,5,1,76,,9847,12,0,5,1,34,,9848,12,0,5,1,74,,9849,12,0,5,1,74,,9850,12,0,5,1,33,,9851,12,0,5,1,74,,9852,12,0,5,1,34,,9853,12,0,5,1,74,,9854,12,0,5,1,32,,9855,12,0,5,1
4803,'CPSunday',600,,9856,12,0,5,1,30,,9857,12,0,5,1,70,,9858,12,0,5,1,36,,9859,12,0,5,1,75,,9860,12,0,5,1,35,,9861,12,0,5,1,75,,9862,12,0,5,1,35,,9863,12,0,5,1,75,,9864,12,0,5,1,79,,9865,12,0,5,1,38,,9866,12,0,5,1,78,,9867,12,0,5,1,78,,9868,12,0,5,1,38,,9869,12,0,5,1,78,,9870,12,0,5,1,38,,9871,12,0,5,1,78,,9872,12,0,5,1,77,,9873,12,0,5,1,38,,9874,12,0,5,1,78,,9875,12,0,5,1,78,,9876,12,0,5,1,38,,9877,12,0,5,1,78,,9878,12,0,5,1,78,,9879,12,0,5,1,35,,9880,12,0,5,1,74,,9881,12,0,5,1,31,,9882,12,0,5,1,71,,9883,12,0,5,1,32,,9884,12,0,5,1
4803,'CPWeekday',429,,9885,12,0,5,1,85,,9886,12,0,5,1,40,,9887,12,0,5,1,58,,9888,12,0,5,1,18,,9889,12,0,5,1,21,,9890,12,0,5,1,60,,9891,12,0,5,1,23,,9892,12,0,5,1,22,,9893,12,0,5,1,62,,9894,12,0,5,1,22,,9895,12,0,5,1,62,,9896,12,0,5,1,24,,9897,12,0,5,1,26,,9898,12,0,5,1,69,,9899,12,0,5,1,28,,9900,12,0,5,1,70,,9901,12,0,5,1,30,,9902,12,0,5,1,70,,9903,12,0,5,1,28,,9904,12,0,5,1,68,,9905,12,0,5,1,28,,9906,12,0,5,1,62,,9907,12,0,5,1,22,,9908,12,0,5,1,24,,9909,12,0,5,1,65,,9910,12,0,5,1,24,,9911,12,0,5,1,64,,9912,12,0,5,1,24,,9913,12,0,5,1,24,,9914,12,0,5,1,64,,9915,12,0,5,1,24,,9916,12,0,5,1,64,,9917,12,0,5,1,28,,9918,12,0,5,1,79,,9919,12,0,5,1,40,,9920,12,0,5,1,78,,9921,12,0,5,1,77,,9922,12,0,5,1,34,,9923,12,0,5,1,75,,9924,12,0,5,1,35,,9925,12,0,5,1,84,,9926,12,0,5,1,85,,9927,12,0,5,1,40,,9928,12,0,5,1
