102,'CPSaturday',204,,14235,6,0,56,1,30,,14236,6,0,56,1,70,,14237,6,0,56,1,30,,14238,6,0,56,1,25,,14239,6,0,56,1,65,,14170,6,0,56,1,25,,14171,6,0,56,1,60,,14172,6,0,56,1,21,,14173,6,0,56,1,20,,14174,6,0,56,1,60,,14175,6,0,56,1,20,,14176,6,0,56,1,20,,14177,6,0,56,1,60,,14178,6,0,56,1,20,,14179,6,0,56,1,20,,14180,6,0,56,1,60,,14181,6,0,56,1,20,,14182,6,0,56,1,20,,14183,6,0,56,1,60,,14184,6,0,56,1,20,,14185,6,0,56,1,20,,14186,6,0,56,1,61,,14187,6,0,56,1,20,,14188,6,0,56,1,20,,14189,6,0,56,1,60,,14190,6,0,56,1,20,,14191,6,0,56,1,20,,14192,6,0,56,1,60,,14193,6,0,56,1,20,,14194,6,0,56,1,20,,14195,6,0,56,1,60,,14196,6,0,56,1,20,,14197,6,0,56,1,20,,14198,6,0,56,1,60,,14199,6,0,56,1,20,,14200,6,0,56,1,20,,14201,6,0,56,1,60,,14202,6,0,56,1,20,,14203,6,0,56,1,20,,14204,6,0,56,1,60,,14205,6,0,56,1,20,,14206,6,0,56,1,20,,14207,6,0,56,1,60,,14208,6,0,56,1,20,,14209,6,0,56,1,20,,14210,6,0,56,1,60,,14211,6,0,56,1,20,,14212,6,0,56,1,20,,14213,6,0,56,1,59,,14214,6,0,56,1,20,,14215,6,0,56,1,20,,14216,6,0,56,1,60,,14217,6,0,56,1,20,,14218,6,0,56,1,20,,14219,6,0,56,1,60,,14220,6,0,56,1,20,,14221,6,0,56,1,20,,14222,6,0,56,1,64,,14223,6,0,56,1,24,,14224,6,0,56,1,63,,14225,6,0,56,1,24,,14226,6,0,56,1,24,,14227,6,0,56,1,65,,14228,6,0,56,1,25,,14229,6,0,56,1,65,,14230,6,0,56,1,25,,14231,6,0,56,1,25,,14232,6,0,56,1,65,,14233,6,0,56,1,25,,14234,6,0,56,1
102,'CPSunday',534,,14240,6,0,56,1,70,,14241,6,0,56,1,30,,14242,6,0,56,1,70,,14243,6,0,56,1,30,,14244,6,0,56,1,70,,14245,6,0,56,1,30,,14246,6,0,56,1,71,,14247,6,0,56,1,24,,14248,6,0,56,1,24,,14249,6,0,56,1,64,,14250,6,0,56,1,24,,14251,6,0,56,1,64,,14252,6,0,56,1,20,,14253,6,0,56,1,20,,14254,6,0,56,1,58,,14255,6,0,56,1,20,,14256,6,0,56,1,18,,14257,6,0,56,1,16,,14258,6,0,56,1,58,,14259,6,0,56,1,20,,14260,6,0,56,1,20,,14261,6,0,56,1,60,,14262,6,0,56,1,20,,14263,6,0,56,1,20,,14264,6,0,56,1,61,,14265,6,0,56,1,20,,14266,6,0,56,1,20,,14267,6,0,56,1,60,,14268,6,0,56,1,20,,14269,6,0,56,1,20,,14270,6,0,56,1,60,,14271,6,0,56,1,20,,14272,6,0,56,1,20,,14273,6,0,56,1,60,,14274,6,0,56,1,20,,14275,6,0,56,1,20,,14276,6,0,56,1,60,,14277,6,0,56,1,20,,14278,6,0,56,1,20,,14279,6,0,56,1,60,,14280,6,0,56,1,20,,14281,6,0,56,1,19,,14282,6,0,56,1,62,,14283,6,0,56,1,24,,14284,6,0,56,1,64,,14285,6,0,56,1,26,,14286,6,0,56,1,26,,14287,6,0,56,1,64,,14288,6,0,56,1,22,,14289,6,0,56,1,62,,14290,6,0,56,1,22,,14291,6,0,56,1,32,,14292,6,0,56,1,72,,14293,6,0,56,1
102,'CPWeekday',208,,14375,10,0,56,1,30,,14376,10,0,56,1,70,,14377,10,0,56,1,30,,14378,10,0,56,1,70,,14379,10,0,56,1,30,,14294,10,0,56,1,15,,14295,10,0,56,1,55,,14296,10,0,56,1,15,,14297,10,0,56,1,15,,14298,10,0,56,1,15,,14299,10,0,56,1,51,,14300,6,0,56,1,15,,14301,6,0,56,1,17,,14302,6,0,56,1,15,,14303,6,0,56,1,55,,14304,6,0,56,1,15,,14305,6,0,56,1,15,,14306,6,0,56,1,15,,14307,6,0,56,1,55,,14308,6,0,56,1,15,,14309,6,0,56,1,15,,14310,6,0,56,1,15,,14311,6,0,56,1,55,,14312,6,0,56,1,15,,14313,6,0,56,1,15,,14314,6,0,56,1,15,,14315,6,0,56,1,55,,14316,6,0,56,1,15,,14317,6,0,56,1,15,,14318,6,0,56,1,15,,14319,6,0,56,1,55,,14320,6,0,56,1,15,,14321,6,0,56,1,15,,14322,6,0,56,1,15,,14323,6,0,56,1,55,,14324,6,0,56,1,15,,14325,6,0,56,1,15,,14326,6,0,56,1,15,,14327,6,0,56,1,55,,14328,6,0,56,1,15,,14329,6,0,56,1,15,,14330,6,0,56,1,15,,14331,6,0,56,1,55,,14332,6,0,56,1,15,,14333,6,0,56,1,15,,14334,6,0,56,1,15,,14335,6,0,56,1,55,,14336,6,0,56,1,15,,14337,6,0,56,1,15,,14338,6,0,56,1,15,,14339,6,0,56,1,55,,14340,6,0,56,1,15,,14341,6,0,56,1,15,,14342,6,0,56,1,15,,14343,6,0,56,1,55,,14344,6,0,56,1,15,,14345,6,0,56,1,15,,14346,6,0,56,1,15,,14347,6,0,56,1,54,,14348,6,0,56,1,16,,14349,6,0,56,1,16,,14350,6,0,56,1,16,,14351,6,0,56,1,56,,14352,6,0,56,1,16,,14353,6,0,56,1,16,,14354,6,0,56,1,16,,14355,6,0,56,1,55,,14356,6,0,56,1,16,,14357,6,0,56,1,16,,14358,6,0,56,1,15,,14359,6,0,56,1,55,,14360,6,0,56,1,15,,14361,6,0,56,1,15,,14362,6,0,56,1,15,,14363,6,0,56,1,55,,14364,6,0,56,1,20,,14365,6,0,56,1,20,,14366,6,0,56,1,60,,14367,6,0,56,1,20,,14368,6,0,56,1,20,,14369,6,0,56,1,60,,14370,6,0,56,1,20,,14371,6,0,56,1,20,,14372,6,0,56,1,60,,14373,6,0,56,1,20,,14374,6,0,56,1
102,'CPHoliday1',534,,25357,6,0,56,1,70,,25358,6,0,56,1,30,,25359,6,0,56,1,70,,25360,6,0,56,1,30,,25361,6,0,56,1,70,,25362,6,0,56,1,30,,25363,6,0,56,1,71,,25364,6,0,56,1,24,,25365,6,0,56,1,24,,25366,6,0,56,1,64,,25367,6,0,56,1,24,,25368,6,0,56,1,64,,25369,6,0,56,1,20,,25370,6,0,56,1,20,,25371,6,0,56,1,58,,25372,6,0,56,1,20,,25373,6,0,56,1,18,,25374,6,0,56,1,16,,25375,6,0,56,1,58,,25376,6,0,56,1,20,,25377,6,0,56,1,20,,25378,6,0,56,1,60,,25379,6,0,56,1,20,,25380,6,0,56,1,20,,25381,6,0,56,1,61,,25382,6,0,56,1,20,,25383,6,0,56,1,20,,25384,6,0,56,1,60,,25385,6,0,56,1,20,,25386,6,0,56,1,20,,25387,6,0,56,1,60,,25388,6,0,56,1,20,,25389,6,0,56,1,20,,25390,6,0,56,1,60,,25391,6,0,56,1,20,,25392,6,0,56,1,20,,25393,6,0,56,1,60,,25394,6,0,56,1,20,,25395,6,0,56,1,20,,25396,6,0,56,1,60,,25397,6,0,56,1,20,,25398,6,0,56,1,19,,25399,6,0,56,1,62,,25400,6,0,56,1,24,,25401,6,0,56,1,64,,25402,6,0,56,1,26,,25403,6,0,56,1,26,,25404,6,0,56,1,64,,25405,6,0,56,1,22,,25406,6,0,56,1,62,,25407,6,0,56,1,22,,25408,6,0,56,1,32,,25409,6,0,56,1,72,,25410,6,0,56,1
1103,'MASaturday',552,,16757,6,0,17,1,65,,16758,6,0,17,1,23,,16759,6,0,17,1,17,,16760,6,0,17,1,57,,16761,6,0,17,1,17,,16762,6,0,17,1,18,,16763,6,0,17,1,57,,16764,6,0,17,1,18,,16765,6,0,17,1,18,,16766,6,0,17,1,59,,16767,6,0,17,1,19,,16768,6,0,17,1,20,,16769,6,0,17,1,19,,16770,6,0,17,1,59,,16771,6,0,17,1,18,,16772,6,0,17,1,17,,16773,6,0,17,1,58,,16774,6,0,17,1,18,,16775,6,0,17,1,18,,16776,6,0,17,1,58,,16777,6,0,17,1,18,,16778,6,0,17,1,18,,16779,6,0,17,1,18,,16780,6,0,17,1,58,,16781,6,0,17,1,19,,16782,6,0,17,1,19,,16783,6,0,17,1,59,,16784,6,0,17,1,19,,16785,6,0,17,1,19,,16786,6,0,17,1,59,,16787,6,0,17,1,19,,16788,6,0,17,1,20,,16789,6,0,17,1,59,,16790,6,0,17,1,19,,16791,6,0,17,1,19,,16792,6,0,17,1,60,,16793,6,0,17,1,18,,16794,6,0,17,1,19,,16795,6,0,17,1,58,,16796,6,0,17,1,20,,16797,6,0,17,1,18,,16798,6,0,17,1,19,,16799,6,0,17,1,60,,16800,6,0,17,1,19,,16801,6,0,17,1,18,,16802,6,0,17,1,58,,16803,6,0,17,1,18,,16804,6,0,17,1,18,,16805,6,0,17,1,58,,16806,6,0,17,1,18,,16807,6,0,17,1,18,,16808,6,0,17,1,57,,16809,6,0,17,1,17,,16810,6,0,17,1,17,,16811,6,0,17,1,17,,16812,6,0,17,1,57,,16813,6,0,17,1,17,,16814,6,0,17,1,17,,16815,6,0,17,1,59,,16816,6,0,17,1,20,,16817,6,0,17,1,21,,16818,6,0,17,1,60,,16819,6,0,17,1,21,,16820,6,0,17,1,21,,16821,6,0,17,1
1103,'MASunday',712,,16868,6,0,17,1,23,,16854,6,0,17,1,22,,16837,6,0,17,1,62,,16869,6,0,17,1,23,,16849,6,0,17,1,63,,16836,6,0,17,1,23,,16870,6,0,17,1,23,,16850,6,0,17,1,62,,16838,6,0,17,1,17,,16825,6,0,17,1,17,,16866,6,0,17,1,57,,16855,6,0,17,1,17,,16839,6,0,17,1,18,,16827,6,0,17,1,18,,16875,6,0,17,1,58,,16858,6,0,17,1,18,,16843,6,0,17,1,18,,16831,6,0,17,1,58,,16876,6,0,17,1,18,,16856,6,0,17,1,18,,16841,6,0,17,1,59,,16828,6,0,17,1,18,,16874,6,0,17,1,18,,16861,6,0,17,1,18,,16844,6,0,17,1,59,,16829,6,0,17,1,19,,16877,6,0,17,1,19,,16860,6,0,17,1,58,,16842,6,0,17,1,19,,16830,6,0,17,1,19,,16872,6,0,17,1,59,,16859,6,0,17,1,18,,16840,6,0,17,1,19,,16826,6,0,17,1,59,,16873,6,0,17,1,18,,16857,6,0,17,1,18,,16845,6,0,17,1,58,,16832,6,0,17,1,18,,16881,6,0,17,1,18,,16862,6,0,17,1,18,,16847,6,0,17,1,58,,16834,6,0,17,1,18,,16879,6,0,17,1,17,,16863,6,0,17,1,57,,16846,6,0,17,1,18,,16833,6,0,17,1,18,,16880,6,0,17,1,17,,16864,6,0,17,1,57,,16848,6,0,17,1,17,,16835,6,0,17,1,23,,16878,6,0,17,1,63,,16852,6,0,17,1,22,,16822,6,0,17,1,63,,16871,6,0,17,1,23,,16853,6,0,17,1,22,,16824,6,0,17,1,62,,16865,6,0,17,1,22,,16851,6,0,17,1,22,,16823,6,0,17,1,62,,16867,6,0,17,1
1103,'MAWeekday',506,,16882,6,0,17,1,14,,16883,6,0,17,1,15,,16884,6,0,17,1,14,,16885,6,0,17,1,54,,16886,6,0,17,1,13,,16887,6,0,17,1,13,,16888,6,0,17,1,12,,16889,6,0,17,1,10,,16890,6,0,17,1,50,,16891,6,0,17,1,10,,16892,6,0,17,1,11,,16893,6,0,17,1,11,,16894,6,0,17,1,11,,16895,6,0,17,1,11,,16896,6,0,17,1,51,,16897,6,0,17,1,10,,16898,6,0,17,1,15,,16899,6,0,17,1,15,,16900,6,0,17,1,55,,16901,6,0,17,1,14,,16902,6,0,17,1,15,,16903,6,0,17,1,15,,16904,6,0,17,1,55,,16905,6,0,17,1,15,,16906,6,0,17,1,15,,16907,6,0,17,1,15,,16908,6,0,17,1,55,,16909,6,0,17,1,15,,16910,6,0,17,1,15,,16911,6,0,17,1,15,,16912,6,0,17,1,55,,16913,6,0,17,1,15,,16914,6,0,17,1,15,,16915,6,0,17,1,15,,16916,6,0,17,1,55,,16917,6,0,17,1,15,,16918,6,0,17,1,15,,16919,6,0,17,1,15,,16920,6,0,17,1,55,,16921,6,0,17,1,15,,16922,6,0,17,1,15,,16923,6,0,17,1,15,,16924,6,0,17,1,55,,16925,6,0,17,1,15,,16926,6,0,17,1,15,,16927,6,0,17,1,12,,16928,6,0,17,1,12,,16929,6,0,17,1,54,,16930,6,0,17,1,12,,16931,6,0,17,1,12,,16932,6,0,17,1,12,,16933,6,0,17,1,12,,16934,6,0,17,1,52,,16935,6,0,17,1,12,,16936,6,0,17,1,13,,16937,6,0,17,1,12,,16938,6,0,17,1,12,,16939,6,0,17,1,51,,16940,6,0,17,1,12,,16941,6,0,17,1,12,,16942,6,0,17,1,15,,16943,6,0,17,1,59,,16944,6,0,17,1,18,,16945,6,0,17,1,18,,16946,6,0,17,1,58,,16947,6,0,17,1,19,,16948,6,0,17,1,18,,16949,6,0,17,1,18,,16950,6,0,17,1,58,,16951,6,0,17,1,17,,16952,6,0,17,1,17,,16953,6,0,17,1,59,,16954,6,0,17,1,23,,16955,6,0,17,1,24,,16956,6,0,17,1,61,,16957,6,0,17,1,23,,16958,6,0,17,1,63,,16959,6,0,17,1,30,,16960,6,0,17,1,29,,16961,6,0,17,1,70,,16962,6,0,17,1,29,,16963,6,0,17,1,69,,16964,6,0,17,1,30,,16965,6,0,17,1,69,,16966,6,0,17,1
1103,'MAHoliday1',712,,26065,6,0,17,1,23,,26051,6,0,17,1,22,,26034,6,0,17,1,62,,26066,6,0,17,1,23,,26046,6,0,17,1,63,,26033,6,0,17,1,23,,26067,6,0,17,1,23,,26047,6,0,17,1,62,,26035,6,0,17,1,17,,26022,6,0,17,1,17,,26063,6,0,17,1,57,,26052,6,0,17,1,17,,26036,6,0,17,1,18,,26024,6,0,17,1,18,,26072,6,0,17,1,58,,26055,6,0,17,1,18,,26040,6,0,17,1,18,,26028,6,0,17,1,58,,26073,6,0,17,1,18,,26053,6,0,17,1,18,,26038,6,0,17,1,59,,26025,6,0,17,1,18,,26071,6,0,17,1,18,,26058,6,0,17,1,18,,26041,6,0,17,1,59,,26026,6,0,17,1,19,,26074,6,0,17,1,19,,26057,6,0,17,1,58,,26039,6,0,17,1,19,,26027,6,0,17,1,19,,26069,6,0,17,1,59,,26056,6,0,17,1,18,,26037,6,0,17,1,19,,26023,6,0,17,1,59,,26070,6,0,17,1,18,,26054,6,0,17,1,18,,26042,6,0,17,1,58,,26029,6,0,17,1,18,,26078,6,0,17,1,18,,26059,6,0,17,1,18,,26044,6,0,17,1,58,,26031,6,0,17,1,18,,26076,6,0,17,1,17,,26060,6,0,17,1,57,,26043,6,0,17,1,18,,26030,6,0,17,1,18,,26077,6,0,17,1,17,,26061,6,0,17,1,57,,26045,6,0,17,1,17,,26032,6,0,17,1,23,,26075,6,0,17,1,63,,26049,6,0,17,1,22,,26019,6,0,17,1,63,,26068,6,0,17,1,23,,26050,6,0,17,1,22,,26021,6,0,17,1,62,,26062,6,0,17,1,22,,26048,6,0,17,1,22,,26020,6,0,17,1,62,,26064,6,0,17,1
2002,'CPSaturday',655,,18200,6,0,19 20,1,68,,18198,6,0,19 20,1,28,,18199,6,0,19 20,1,68,,18208,6,0,19 20,1,28,,18197,6,0,19 20,1,70,,18196,6,0,19 20,1,32,,18195,6,0,19 20,1,72,,18209,6,0,19 20,1,32,,18194,6,0,19 20,1,72,,18192,6,0,19 20,1,32,,18193,6,0,19 20,1,73,,18202,6,0,19 20,1,72,,18191,6,0,19 20,1,31,,18190,6,0,19 20,1,72,,18189,6,0,19 20,1,32,,18205,6,0,19 20,1,72,,18188,6,0,19 20,1,32,,18187,6,0,19 20,1,72,,18186,6,0,19 20,1,32,,18203,6,0,19 20,1,72,,18184,6,0,19 20,1,32,,18185,6,0,19 20,1,72,,18183,6,0,19 20,1,32,,18204,6,0,19 20,1,72,,18182,6,0,19 20,1,32,,18181,6,0,19 20,1,72,,18207,6,0,19 20,1,72,,18180,6,0,19 20,1,32,,18179,6,0,19 20,1,70,,18206,6,0,19 20,1,30,,18178,6,0,19 20,1,70,,18177,6,0,19 20,1,30,,18201,6,0,19 20,1
2002,'CPSunday',813,,18210,6,0,19 20,1,25,,18211,6,0,19 20,1,65,,18212,6,0,19 20,1,28,,18213,6,0,19 20,1,28,,18214,6,0,19 20,1,68,,18215,6,0,19 20,1,30,,18216,6,0,19 20,1,70,,18217,6,0,19 20,1,30,,18218,6,0,19 20,1,70,,18219,6,0,19 20,1,32,,18220,6,0,19 20,1,72,,18221,6,0,19 20,1,72,,18222,6,0,19 20,1,32,,18223,6,0,19 20,1,72,,18224,6,0,19 20,1,32,,18225,6,0,19 20,1,72,,18226,6,0,19 20,1,32,,18227,6,0,19 20,1,72,,18228,6,0,19 20,1,32,,18229,6,0,19 20,1,72,,18230,6,0,19 20,1,30,,18231,6,0,19 20,1,69,,18232,6,0,19 20,1,28,,18233,6,0,19 20,1,67,,18234,6,0,19 20,1,26,,18235,6,0,19 20,1,64,,18236,6,0,19 20,1
2002,'CPWeekday',448,,18283,6,0,19 20,1,60,,18278,6,0,19 20,1,20,,18277,6,0,19 20,1,20,,18276,6,0,19 20,1,60,,18287,6,0,19 20,1,22,,18272,6,0,19 20,1,24,,18266,6,0,19 20,1,64,,18265,6,0,19 20,1,24,,18280,6,0,19 20,1,64,,18267,6,0,19 20,1,24,,18264,6,0,19 20,1,24,,18263,6,0,19 20,1,64,,18279,6,0,19 20,1,24,,18268,6,0,19 20,1,64,,18260,6,0,19 20,1,24,,18259,6,0,19 20,1,24,,18281,6,0,19 20,1,64,,18269,6,0,19 20,1,24,,18252,6,0,19 20,1,64,,18250,6,0,19 20,1,24,,18282,6,0,19 20,1,24,,18271,6,0,19 20,1,64,,18253,6,0,19 20,1,24,,18249,6,0,19 20,1,62,,18284,6,0,19 20,1,18,,18248,6,0,19 20,1,18,,18274,6,0,19 20,1,61,,18251,6,0,19 20,1,22,,18247,6,0,19 20,1,22,,18285,6,0,19 20,1,62,,18245,6,0,19 20,1,22,,18270,6,0,19 20,1,22,,18254,6,0,19 20,1,62,,18246,6,0,19 20,1,22,,18286,6,0,19 20,1,22,,18242,6,0,19 20,1,60,,18273,6,0,19 20,1,19,,18256,6,0,19 20,1,20,,18243,6,0,19 20,1,60,,18288,6,0,19 20,1,18,,18240,6,0,19 20,1,18,,18275,6,0,19 20,1,58,,18261,6,0,19 20,1,18,,18244,6,0,19 20,1,72,,18241,6,0,19 20,1,40,,18255,6,0,19 20,1,80,,18239,6,0,19 20,1,80,,18258,6,0,19 20,1,38,,18238,6,0,19 20,1,78,,18257,6,0,19 20,1,34,,18237,6,0,19 20,1,74,,18262,6,0,19 20,1
2002,'CPHoliday1',813,,26339,6,0,19 20,1,25,,26340,6,0,19 20,1,65,,26341,6,0,19 20,1,28,,26342,6,0,19 20,1,28,,26343,6,0,19 20,1,68,,26344,6,0,19 20,1,30,,26345,6,0,19 20,1,70,,26346,6,0,19 20,1,30,,26347,6,0,19 20,1,70,,26348,6,0,19 20,1,32,,26349,6,0,19 20,1,72,,26350,6,0,19 20,1,72,,26351,6,0,19 20,1,32,,26352,6,0,19 20,1,72,,26353,6,0,19 20,1,32,,26354,6,0,19 20,1,72,,26355,6,0,19 20,1,32,,26356,6,0,19 20,1,72,,26357,6,0,19 20,1,32,,26358,6,0,19 20,1,72,,26359,6,0,19 20,1,30,,26360,6,0,19 20,1,69,,26361,6,0,19 20,1,28,,26362,6,0,19 20,1,67,,26363,6,0,19 20,1,26,,26364,6,0,19 20,1,64,,26365,6,0,19 20,1
3502,'CPSaturday',621,,20177,6,0,8 9 10,1,22,,20178,6,0,8 9 10,1,63,,20179,6,0,8 9 10,1,22,,20180,6,0,8 9 10,1,22,,20174,6,0,8 9 10,1,62,,20176,6,0,8 9 10,1,22,,20175,6,0,8 9 10,1,23,,20173,6,0,8 9 10,1,62,,20172,6,0,8 9 10,1,24,,20168,6,0,8 9 10,1,64,,20167,6,0,8 9 10,1,24,,20170,6,0,8 9 10,1,24,,20171,6,0,8 9 10,1,65,,20169,6,0,8 9 10,1,26,,20166,6,0,8 9 10,1,65,,20163,6,0,8 9 10,1,25,,20165,6,0,8 9 10,1,65,,20164,6,0,8 9 10,1,24,,20161,6,0,8 9 10,1,16,,20162,6,0,8 9 10,1,14,,20160,6,0,8 9 10,1,55,,20159,6,0,8 9 10,1,16,,20158,6,0,8 9 10,1,16,,20157,6,0,8 9 10,1,16,,20155,6,0,8 9 10,1,57,,20154,6,0,8 9 10,1,17,,20153,6,0,8 9 10,1,17,,20152,6,0,8 9 10,1,57,,20150,6,0,8 9 10,1,17,,20149,6,0,8 9 10,1,17,,20148,6,0,8 9 10,1,17,,20144,6,0,8 9 10,1,56,,20141,6,0,8 9 10,1,16,,20140,6,0,8 9 10,1,16,,20156,6,0,8 9 10,1,56,,20134,6,0,8 9 10,1,16,,20151,6,0,8 9 10,1,16,,20145,6,0,8 9 10,1,16,,20131,6,0,8 9 10,1,56,,20142,6,0,8 9 10,1,16,,20133,6,0,8 9 10,1,25,,20132,6,0,8 9 10,1,62,,20135,6,0,8 9 10,1,22,,20136,6,0,8 9 10,1,22,,20129,6,0,8 9 10,1,64,,20147,6,0,8 9 10,1,23,,20128,6,0,8 9 10,1,62,,20143,6,0,8 9 10,1,22,,20138,6,0,8 9 10,1,22,,20127,6,0,8 9 10,1,62,,20137,6,0,8 9 10,1,22,,20130,6,0,8 9 10,1,20,,20146,6,0,8 9 10,1,59,,20126,6,0,8 9 10,1,37,,20139,6,0,8 9 10,1
3502,'CPSunday',734,,20223,6,0,8 9 10,1,21,,20219,6,0,8 9 10,1,62,,20217,6,0,8 9 10,1,21,,20218,6,0,8 9 10,1,21,,20214,6,0,8 9 10,1,61,,20213,6,0,8 9 10,1,21,,20215,6,0,8 9 10,1,63,,20226,6,0,8 9 10,1,23,,20216,6,0,8 9 10,1,23,,20208,6,0,8 9 10,1,63,,20209,6,0,8 9 10,1,23,,20211,6,0,8 9 10,1,23,,20210,6,0,8 9 10,1,62,,20212,6,0,8 9 10,1,23,,20221,6,0,8 9 10,1,64,,20207,6,0,8 9 10,1,24,,20202,6,0,8 9 10,1,24,,20203,6,0,8 9 10,1,63,,20204,6,0,8 9 10,1,23,,20205,6,0,8 9 10,1,64,,20206,6,0,8 9 10,1,23,,20224,6,0,8 9 10,1,24,,20201,6,0,8 9 10,1,64,,20200,6,0,8 9 10,1,24,,20198,6,0,8 9 10,1,64,,20199,6,0,8 9 10,1,24,,20197,6,0,8 9 10,1,24,,20196,6,0,8 9 10,1,63,,20222,6,0,8 9 10,1,26,,20195,6,0,8 9 10,1,62,,20192,6,0,8 9 10,1,23,,20191,6,0,8 9 10,1,23,,20190,6,0,8 9 10,1,62,,20187,6,0,8 9 10,1,22,,20186,6,0,8 9 10,1,22,,20225,6,0,8 9 10,1,62,,20194,6,0,8 9 10,1,22,,20188,6,0,8 9 10,1,62,,20185,6,0,8 9 10,1,20,,20183,6,0,8 9 10,1,20,,20182,6,0,8 9 10,1,60,,20181,6,0,8 9 10,1,19,,20220,6,0,8 9 10,1,18,,20193,6,0,8 9 10,1,19,,20189,6,0,8 9 10,1,59,,20184,6,0,8 9 10,1
3502,'CPWeekday',413,,20227,6,0,8 9 10,1,18,,20228,6,0,8 9 10,1,17,,20229,6,0,8 9 10,1,56,,20230,6,0,8 9 10,1,15,,20231,6,0,8 9 10,1,15,,20232,6,0,8 9 10,1,15,,20233,6,0,8 9 10,1,55,,20234,6,0,8 9 10,1,15,,20235,6,0,8 9 10,1,15,,20236,6,0,8 9 10,1,15,,20237,6,0,8 9 10,1,56,,20238,6,0,8 9 10,1,15,,20239,6,0,8 9 10,1,15,,20240,6,0,8 9 10,1,15,,20241,6,0,8 9 10,1,55,,20242,6,0,8 9 10,1,15,,20243,6,0,8 9 10,1,14,,20244,6,0,8 9 10,1,15,,20245,6,0,8 9 10,1,55,,20246,6,0,8 9 10,1,15,,20247,6,0,8 9 10,1,15,,20248,6,0,8 9 10,1,15,,20249,6,0,8 9 10,1,55,,20250,6,0,8 9 10,1,17,,20251,6,0,8 9 10,1,16,,20252,6,0,8 9 10,1,16,,20253,6,0,8 9 10,1,56,,20254,6,0,8 9 10,1,15,,20255,6,0,8 9 10,1,15,,20256,6,0,8 9 10,1,15,,20257,6,0,8 9 10,1,56,,20258,6,0,8 9 10,1,15,,20259,6,0,8 9 10,1,15,,20260,6,0,8 9 10,1,15,,20261,6,0,8 9 10,1,55,,20262,6,0,8 9 10,1,15,,20263,6,0,8 9 10,1,15,,20264,6,0,8 9 10,1,15,,20265,6,0,8 9 10,1,55,,20266,6,0,8 9 10,1,15,,20267,6,0,8 9 10,1,15,,20268,6,0,8 9 10,1,12,,20269,6,0,8 9 10,1,52,,20270,6,0,8 9 10,1,11,,20271,6,0,8 9 10,1,10,,20272,6,0,8 9 10,1,10,,20273,6,0,8 9 10,1,15,,20274,6,0,8 9 10,1,55,,20275,6,0,8 9 10,1,15,,20276,6,0,8 9 10,1,15,,20277,6,0,8 9 10,1,15,,20278,6,0,8 9 10,1,55,,20279,6,0,8 9 10,1,15,,20280,6,0,8 9 10,1,15,,20281,6,0,8 9 10,1,15,,20282,6,0,8 9 10,1,55,,20283,6,0,8 9 10,1,15,,20284,6,0,8 9 10,1,15,,20285,6,0,8 9 10,1,15,,20286,6,0,8 9 10,1,55,,20287,6,0,8 9 10,1,16,,20288,6,0,8 9 10,1,14,,20289,6,0,8 9 10,1,19,,20290,6,0,8 9 10,1,56,,20291,6,0,8 9 10,1,15,,20292,6,0,8 9 10,1,14,,20293,6,0,8 9 10,1,15,,20294,6,0,8 9 10,1,55,,20295,6,0,8 9 10,1,15,,20296,6,0,8 9 10,1,25,,20297,6,0,8 9 10,1,70,,20298,6,0,8 9 10,1,30,,20299,6,0,8 9 10,1,70,,20300,6,0,8 9 10,1,30,,20301,6,0,8 9 10,1,70,,20302,6,0,8 9 10,1,29,,20303,6,0,8 9 10,1,70,,20304,6,0,8 9 10,1,30,,20305,6,0,8 9 10,1,75,,20306,6,0,8 9 10,1
3502,'CPHoliday1',604,,26796,6,0,8 9 10,1,25,,26797,6,0,8 9 10,1,25,,26798,6,0,8 9 10,1,60,,26799,6,0,8 9 10,1,20,,26800,6,0,8 9 10,1,20,,26801,6,0,8 9 10,1,61,,26802,6,0,8 9 10,1,22,,26803,6,0,8 9 10,1,22,,26804,6,0,8 9 10,1,62,,26805,6,0,8 9 10,1,22,,26806,6,0,8 9 10,1,62,,26807,6,0,8 9 10,1,20,,26808,6,0,8 9 10,1,20,,26809,6,0,8 9 10,1,60,,26810,6,0,8 9 10,1,20,,26811,6,0,8 9 10,1,20,,26812,6,0,8 9 10,1,59,,26813,6,0,8 9 10,1,20,,26814,6,0,8 9 10,1,20,,26815,6,0,8 9 10,1,60,,26816,6,0,8 9 10,1,20,,26817,6,0,8 9 10,1,20,,26818,6,0,8 9 10,1,60,,26819,6,0,8 9 10,1,20,,26820,6,0,8 9 10,1,20,,26821,6,0,8 9 10,1,61,,26822,6,0,8 9 10,1,20,,26823,6,0,8 9 10,1,20,,26824,6,0,8 9 10,1,60,,26825,6,0,8 9 10,1,20,,26826,6,0,8 9 10,1,20,,26827,6,0,8 9 10,1,60,,26828,6,0,8 9 10,1,20,,26829,6,0,8 9 10,1,20,,26830,6,0,8 9 10,1,60,,26831,6,0,8 9 10,1,20,,26832,6,0,8 9 10,1,21,,26833,6,0,8 9 10,1,60,,26834,6,0,8 9 10,1,20,,26835,6,0,8 9 10,1,20,,26836,6,0,8 9 10,1,59,,26837,6,0,8 9 10,1,22,,26838,6,0,8 9 10,1,25,,26839,6,0,8 9 10,1,64,,26840,6,0,8 9 10,1,24,,26841,6,0,8 9 10,1,62,,26842,6,0,8 9 10,1,22,,26843,6,0,8 9 10,1,22,,26844,6,0,8 9 10,1,60,,26845,6,0,8 9 10,1,20,,26846,6,0,8 9 10,1,17,,26847,6,0,8 9 10,1,58,,26848,6,0,8 9 10,1,18,,26849,6,0,8 9 10,1
7002,'CPWeekday',612,,23552,6,0,45,1,19,,23553,6,0,45,1,21,,23554,6,0,45,1,55,,23555,6,0,45,1,15,,23556,6,0,45,1,15,,23557,6,0,45,1,15,,23558,6,0,45,1,55,,23559,6,0,45,1,15,,23560,6,0,45,1,15,,23561,6,0,45,1,15,,23562,6,0,45,1,60,,23563,6,0,45,1,20,,23564,6,0,45,1
