6803,'CPHoliday1',950,,11695,1,0,62,1,105,,11696,1,0,62,1,145,,11697,1,0,62,1,105,,11698,1,0,62,1,110,,11699,1,0,62,1,110,,11700,1,0,62,1,110,,11701,1,0,62,1,110,,11702,1,0,62,1,110,,11703,1,0,62,1,145,,11704,1,0,62,1
6803,'CPSaturday',715,,11705,1,0,62,1,105,,11706,1,0,62,1,105,,11707,1,0,62,1,110,,11708,1,0,62,1,110,,11709,1,0,62,1,110,,11710,1,0,62,1,150,,11711,1,0,62,1,110,,11712,1,0,62,1,110,,11713,1,0,62,1,110,,11714,1,0,62,1,111,,11715,1,0,62,1,109,,11716,1,0,62,1,150,,11717,1,0,62,1,110,,11718,1,0,62,1,110,,11719,1,0,62,1
6803,'CPSunday',950,,11720,1,0,62,1,105,,11721,1,0,62,1,145,,11722,1,0,62,1,105,,11723,1,0,62,1,110,,11724,1,0,62,1,110,,11725,1,0,62,1,110,,11726,1,0,62,1,110,,11727,1,0,62,1,110,,11728,1,0,62,1,145,,11729,1,0,62,1
6803,'CPWeekday',510,,11730,1,0,62,1,110,,11731,1,0,62,1,110,,11732,1,0,62,1,110,,11733,1,0,62,1,115,,11734,1,0,62,1,155,,11735,1,0,62,1,115,,11736,1,0,62,1,115,,11737,1,0,62,1,115,,11738,1,0,62,1,155,,11739,1,0,62,1,115,,11740,1,0,62,1,115,,11741,1,0,62,1,115,,11742,1,0,62,1,155,,11743,1,0,62,1,115,,11744,1,0,62,1,115,,11745,1,0,62,1,115,,11746,1,0,62,1
10703,'MAHoliday1',800,,12684,1,0,26 27 28 29 30,1,30,,12685,1,0,26 27 28 29 30,1,70,,12686,1,0,26 27 28 29 30,1,30,,12687,1,0,26 27 28 29 30,1,70,,12688,1,0,26 27 28 29 30,1,16,,12689,1,0,26 27 28 29 30,1,16,,12690,1,0,26 27 28 29 30,1,18,,12691,1,0,26 27 28 29 30,1,58,,12692,1,0,26 27 28 29 30,1,18,,12693,1,0,26 27 28 29 30,1,18,,12694,1,0,26 27 28 29 30,1,58,,12695,1,0,26 27 28 29 30,1,18,,12696,1,0,26 27 28 29 30,1,18,,12697,1,0,26 27 28 29 30,1,18,,12698,1,0,26 27 28 29 30,1,58,,12699,1,0,26 27 28 29 30,1,18,,12700,1,0,26 27 28 29 30,1,18,,12701,1,0,26 27 28 29 30,1,60,,12702,1,0,26 27 28 29 30,1,20,,12703,1,0,26 27 28 29 30,1,20,,12704,1,0,26 27 28 29 30,1,60,,12705,1,0,26 27 28 29 30,1,20,,12706,1,0,26 27 28 29 30,1,20,,12707,1,0,26 27 28 29 30,1,60,,12708,1,0,26 27 28 29 30,1,20,,12709,1,0,26 27 28 29 30,1,20,,12710,1,0,26 27 28 29 30,1,60,,12711,1,0,26 27 28 29 30,1,20,,12712,1,0,26 27 28 29 30,1,18,,12713,1,0,26 27 28 29 30,1,58,,12714,1,0,26 27 28 29 30,1,18,,12715,1,0,26 27 28 29 30,1,18,,12716,1,0,26 27 28 29 30,1,58,,12717,1,0,26 27 28 29 30,1,20,,12718,1,0,26 27 28 29 30,1,30,,12719,1,0,26 27 28 29 30,1,70,,12720,1,0,26 27 28 29 30,1,30,,12721,1,0,26 27 28 29 30,1,70,,12722,1,0,26 27 28 29 30,1
10703,'MASaturday',800,,12723,1,0,26 27 28 29 30,1,30,,12724,1,0,26 27 28 29 30,1,70,,12725,1,0,26 27 28 29 30,1,30,,12726,1,0,26 27 28 29 30,1,70,,12727,1,0,26 27 28 29 30,1,18,,12728,1,0,26 27 28 29 30,1,18,,12729,1,0,26 27 28 29 30,1,18,,12730,1,0,26 27 28 29 30,1,58,,12731,1,0,26 27 28 29 30,1,18,,12732,1,0,26 27 28 29 30,1,18,,12733,1,0,26 27 28 29 30,1,58,,12734,1,0,26 27 28 29 30,1,18,,12735,1,0,26 27 28 29 30,1,18,,12736,1,0,26 27 28 29 30,1,58,,12737,1,0,26 27 28 29 30,1,18,,12738,1,0,26 27 28 29 30,1,18,,12739,1,0,26 27 28 29 30,1,18,,12740,1,0,26 27 28 29 30,1,60,,12741,1,0,26 27 28 29 30,1,20,,12742,1,0,26 27 28 29 30,1,20,,12743,1,0,26 27 28 29 30,1,60,,12744,1,0,26 27 28 29 30,1,18,,12745,1,0,26 27 28 29 30,1,18,,12746,1,0,26 27 28 29 30,1,58,,12747,1,0,26 27 28 29 30,1,18,,12748,1,0,26 27 28 29 30,1,20,,12749,1,0,26 27 28 29 30,1,60,,12750,1,0,26 27 28 29 30,1,20,,12751,1,0,26 27 28 29 30,1,18,,12752,1,0,26 27 28 29 30,1,58,,12753,1,0,26 27 28 29 30,1,18,,12754,1,0,26 27 28 29 30,1,20,,12755,1,0,26 27 28 29 30,1,60,,12756,1,0,26 27 28 29 30,1,20,,12757,1,0,26 27 28 29 30,1,30,,12758,1,0,26 27 28 29 30,1,70,,12759,1,0,26 27 28 29 30,1,30,,12760,1,0,26 27 28 29 30,1,70,,12761,1,0,26 27 28 29 30,1
10703,'MASunday',800,,12762,1,0,26 27 28 29 30,1,30,,12763,1,0,26 27 28 29 30,1,70,,12764,1,0,26 27 28 29 30,1,30,,12765,1,0,26 27 28 29 30,1,70,,12766,1,0,26 27 28 29 30,1,16,,12767,1,0,26 27 28 29 30,1,16,,12768,1,0,26 27 28 29 30,1,18,,12769,1,0,26 27 28 29 30,1,58,,12770,1,0,26 27 28 29 30,1,18,,12771,1,0,26 27 28 29 30,1,18,,12772,1,0,26 27 28 29 30,1,58,,12773,1,0,26 27 28 29 30,1,18,,12774,1,0,26 27 28 29 30,1,18,,12775,1,0,26 27 28 29 30,1,18,,12776,1,0,26 27 28 29 30,1,58,,12777,1,0,26 27 28 29 30,1,18,,12778,1,0,26 27 28 29 30,1,18,,12779,1,0,26 27 28 29 30,1,60,,12780,1,0,26 27 28 29 30,1,20,,12781,1,0,26 27 28 29 30,1,20,,12782,1,0,26 27 28 29 30,1,60,,12783,1,0,26 27 28 29 30,1,20,,12784,1,0,26 27 28 29 30,1,20,,12785,1,0,26 27 28 29 30,1,60,,12786,1,0,26 27 28 29 30,1,20,,12787,1,0,26 27 28 29 30,1,20,,12788,1,0,26 27 28 29 30,1,60,,12789,1,0,26 27 28 29 30,1,20,,12790,1,0,26 27 28 29 30,1,18,,12791,1,0,26 27 28 29 30,1,58,,12792,1,0,26 27 28 29 30,1,18,,12793,1,0,26 27 28 29 30,1,18,,12794,1,0,26 27 28 29 30,1,58,,12795,1,0,26 27 28 29 30,1,20,,12796,1,0,26 27 28 29 30,1,30,,12797,1,0,26 27 28 29 30,1,70,,12798,1,0,26 27 28 29 30,1,30,,12799,1,0,26 27 28 29 30,1,70,,12800,1,0,26 27 28 29 30,1
10703,'MAWeekday',500,,12801,1,0,26 27 28 29 30,1,30,,12802,1,0,26 27 28 29 30,1,25,,12803,1,0,26 27 28 29 30,1,55,,12804,1,0,26 27 28 29 30,1,15,,12805,1,0,26 27 28 29 30,1,15,,12806,1,0,26 27 28 29 30,1,15,,12807,1,0,26 27 28 29 30,1,55,,12808,1,0,26 27 28 29 30,1,15,,12809,1,0,26 27 28 29 30,1,15,,12810,1,0,26 27 28 29 30,1,15,,12811,1,0,26 27 28 29 30,1,55,,12812,1,0,26 27 28 29 30,1,15,,12813,1,0,26 27 28 29 30,1,15,,12814,1,0,26 27 28 29 30,1,14,,12815,1,0,26 27 28 29 30,1,52,,12816,1,0,26 27 28 29 30,1,12,,12817,1,0,26 27 28 29 30,1,14,,12818,1,0,26 27 28 29 30,1,14,,12819,1,0,26 27 28 29 30,1,54,,12820,1,0,26 27 28 29 30,1,15,,12821,1,0,26 27 28 29 30,1,15,,12822,1,0,26 27 28 29 30,1,15,,12823,1,0,26 27 28 29 30,1,55,,12824,1,0,26 27 28 29 30,1,15,,12825,1,0,26 27 28 29 30,1,14,,12826,1,0,26 27 28 29 30,1,14,,12827,1,0,26 27 28 29 30,1,14,,12828,1,0,26 27 28 29 30,1,54,,12829,1,0,26 27 28 29 30,1,14,,12830,1,0,26 27 28 29 30,1,15,,12831,1,0,26 27 28 29 30,1,15,,12832,1,0,26 27 28 29 30,1,55,,12833,1,0,26 27 28 29 30,1,15,,12834,1,0,26 27 28 29 30,1,15,,12835,1,0,26 27 28 29 30,1,14,,12836,1,0,26 27 28 29 30,1,52,,12837,1,0,26 27 28 29 30,1,12,,12838,1,0,26 27 28 29 30,1,12,,12839,1,0,26 27 28 29 30,1,15,,12840,1,0,26 27 28 29 30,1,55,,12841,1,0,26 27 28 29 30,1,10,,12842,1,0,26 27 28 29 30,1,10,,12843,1,0,26 27 28 29 30,1,12,,12844,1,0,26 27 28 29 30,1,12,,12845,1,0,26 27 28 29 30,1,12,,12846,1,0,26 27 28 29 30,1,52,,12847,1,0,26 27 28 29 30,1,10,,12848,1,0,26 27 28 29 30,1,10,,12849,1,0,26 27 28 29 30,1,12,,12850,1,0,26 27 28 29 30,1,12,,12851,1,0,26 27 28 29 30,1,52,,12852,1,0,26 27 28 29 30,1,12,,12853,1,0,26 27 28 29 30,1,12,,12854,1,0,26 27 28 29 30,1,12,,12855,1,0,26 27 28 29 30,1,10,,12856,1,0,26 27 28 29 30,1,50,,12857,1,0,26 27 28 29 30,1,14,,12858,1,0,26 27 28 29 30,1,15,,12859,1,0,26 27 28 29 30,1,15,,12860,1,0,26 27 28 29 30,1,15,,12861,1,0,26 27 28 29 30,1,56,,12862,1,0,26 27 28 29 30,1,18,,12863,1,0,26 27 28 29 30,1,18,,12864,1,0,26 27 28 29 30,1,58,,12865,1,0,26 27 28 29 30,1,18,,12866,1,0,26 27 28 29 30,1,18,,12867,1,0,26 27 28 29 30,1,60,,12868,1,0,26 27 28 29 30,1,20,,12869,1,0,26 27 28 29 30,1,18,,12870,1,0,26 27 28 29 30,1,58,,12871,1,0,26 27 28 29 30,1,18,,12872,1,0,26 27 28 29 30,1,18,,12873,1,0,26 27 28 29 30,1,18,,12874,1,0,26 27 28 29 30,1,60,,12875,1,0,26 27 28 29 30,1
10904,'CPHoliday1',724,,13350,9,0,31 22 28 5 30,1,25,,13343,9,0,31 22 28 5 30,1,66,,13339,9,0,31 22 28 5 30,1,26,,13332,9,0,31 22 28 5 30,1,66,,13331,9,0,31 22 28 5 30,1,26,,13349,9,0,31 22 28 5 30,1,25,,13344,9,0,31 22 28 5 30,1,60,,13338,9,0,31 22 28 5 30,1,21,,13328,9,0,31 22 28 5 30,1,20,,13333,9,0,31 22 28 5 30,1,61,,13323,9,0,31 22 28 5 30,1,20,,13321,9,0,31 22 28 5 30,1,60,,13351,9,0,31 22 28 5 30,1,21,,13345,9,0,31 22 28 5 30,1,21,,13337,9,0,31 22 28 5 30,1,60,,13322,9,0,31 22 28 5 30,1,20,,13330,9,0,31 22 28 5 30,1,20,,13324,9,0,31 22 28 5 30,1,60,,13317,9,0,31 22 28 5 30,1,20,,13352,9,0,31 22 28 5 30,1,20,,13346,9,0,31 22 28 5 30,1,60,,13336,9,0,31 22 28 5 30,1,19,,13316,9,0,31 22 28 5 30,1,19,,13335,9,0,31 22 28 5 30,1,19,,13327,9,0,31 22 28 5 30,1,60,,13318,9,0,31 22 28 5 30,1,20,,13355,9,0,31 22 28 5 30,1,20,,13348,9,0,31 22 28 5 30,1,60,,13340,9,0,31 22 28 5 30,1,20,,13313,9,0,31 22 28 5 30,1,20,,13334,9,0,31 22 28 5 30,1,60,,13329,9,0,31 22 28 5 30,1,20,,13320,9,0,31 22 28 5 30,1,20,,13353,9,0,31 22 28 5 30,1,60,,13347,9,0,31 22 28 5 30,1,20,,13341,9,0,31 22 28 5 30,1,66,,13315,9,0,31 22 28 5 30,1,24,,13326,9,0,31 22 28 5 30,1,26,,13319,9,0,31 22 28 5 30,1,65,,13354,9,0,31 22 28 5 30,1,25,,13342,9,0,31 22 28 5 30,1,70,,13314,9,0,31 22 28 5 30,1,30,,13325,9,0,31 22 28 5 30,1
10904,'CPSaturday',635,,13401,9,0,31 22 28 5 30,1,20,,13394,9,0,31 22 28 5 30,1,61,,13387,9,0,31 22 28 5 30,1,21,,13380,9,0,31 22 28 5 30,1,20,,13379,9,0,31 22 28 5 30,1,61,,13372,9,0,31 22 28 5 30,1,20,,13402,9,0,31 22 28 5 30,1,20,,13395,9,0,31 22 28 5 30,1,60,,13388,9,0,31 22 28 5 30,1,21,,13381,9,0,31 22 28 5 30,1,20,,13371,9,0,31 22 28 5 30,1,60,,13373,9,0,31 22 28 5 30,1,20,,13374,9,0,31 22 28 5 30,1,18,,13403,9,0,31 22 28 5 30,1,58,,13396,9,0,31 22 28 5 30,1,18,,13391,9,0,31 22 28 5 30,1,18,,13365,9,0,31 22 28 5 30,1,58,,13384,9,0,31 22 28 5 30,1,19,,13378,9,0,31 22 28 5 30,1,19,,13367,9,0,31 22 28 5 30,1,58,,13363,9,0,31 22 28 5 30,1,18,,13404,9,0,31 22 28 5 30,1,18,,13400,9,0,31 22 28 5 30,1,18,,13392,9,0,31 22 28 5 30,1,58,,13362,9,0,31 22 28 5 30,1,19,,13383,9,0,31 22 28 5 30,1,18,,13375,9,0,31 22 28 5 30,1,58,,13366,9,0,31 22 28 5 30,1,20,,13364,9,0,31 22 28 5 30,1,20,,13406,9,0,31 22 28 5 30,1,60,,13398,9,0,31 22 28 5 30,1,20,,13389,9,0,31 22 28 5 30,1,20,,13359,9,0,31 22 28 5 30,1,60,,13382,9,0,31 22 28 5 30,1,20,,13376,9,0,31 22 28 5 30,1,20,,13368,9,0,31 22 28 5 30,1,60,,13358,9,0,31 22 28 5 30,1,19,,13405,9,0,31 22 28 5 30,1,18,,13397,9,0,31 22 28 5 30,1,58,,13390,9,0,31 22 28 5 30,1,17,,13360,9,0,31 22 28 5 30,1,18,,13385,9,0,31 22 28 5 30,1,58,,13377,9,0,31 22 28 5 30,1,18,,13369,9,0,31 22 28 5 30,1,17,,13357,9,0,31 22 28 5 30,1,24,,13399,9,0,31 22 28 5 30,1,65,,13393,9,0,31 22 28 5 30,1,25,,13361,9,0,31 22 28 5 30,1,65,,13386,9,0,31 22 28 5 30,1,20,,13370,9,0,31 22 28 5 30,1,22,,13356,9,0,31 22 28 5 30,1
10904,'CPSunday',724,,13444,9,0,31 22 28 5 30,1,25,,13437,9,0,31 22 28 5 30,1,66,,13433,9,0,31 22 28 5 30,1,26,,13426,9,0,31 22 28 5 30,1,66,,13425,9,0,31 22 28 5 30,1,26,,13443,9,0,31 22 28 5 30,1,25,,13438,9,0,31 22 28 5 30,1,60,,13432,9,0,31 22 28 5 30,1,21,,13422,9,0,31 22 28 5 30,1,20,,13427,9,0,31 22 28 5 30,1,61,,13417,9,0,31 22 28 5 30,1,20,,13415,9,0,31 22 28 5 30,1,60,,13445,9,0,31 22 28 5 30,1,21,,13439,9,0,31 22 28 5 30,1,21,,13431,9,0,31 22 28 5 30,1,60,,13416,9,0,31 22 28 5 30,1,20,,13424,9,0,31 22 28 5 30,1,20,,13418,9,0,31 22 28 5 30,1,60,,13411,9,0,31 22 28 5 30,1,20,,13446,9,0,31 22 28 5 30,1,20,,13440,9,0,31 22 28 5 30,1,60,,13430,9,0,31 22 28 5 30,1,19,,13410,9,0,31 22 28 5 30,1,19,,13429,9,0,31 22 28 5 30,1,19,,13421,9,0,31 22 28 5 30,1,60,,13412,9,0,31 22 28 5 30,1,20,,13449,9,0,31 22 28 5 30,1,20,,13442,9,0,31 22 28 5 30,1,60,,13434,9,0,31 22 28 5 30,1,20,,13407,9,0,31 22 28 5 30,1,20,,13428,9,0,31 22 28 5 30,1,60,,13423,9,0,31 22 28 5 30,1,20,,13414,9,0,31 22 28 5 30,1,20,,13447,9,0,31 22 28 5 30,1,60,,13441,9,0,31 22 28 5 30,1,20,,13435,9,0,31 22 28 5 30,1,66,,13409,9,0,31 22 28 5 30,1,24,,13420,9,0,31 22 28 5 30,1,26,,13413,9,0,31 22 28 5 30,1,65,,13448,9,0,31 22 28 5 30,1,25,,13436,9,0,31 22 28 5 30,1,70,,13408,9,0,31 22 28 5 30,1,30,,13419,9,0,31 22 28 5 30,1
10904,'CPWeekday',430,,13450,9,0,31 22 28 5 30,1,25,,13451,9,0,31 22 28 5 30,1,67,,13452,9,0,31 22 28 5 30,1,26,,13453,9,0,31 22 28 5 30,1,60,,13454,9,0,31 22 28 5 30,1,18,,13455,9,0,31 22 28 5 30,1,16,,13456,9,0,31 22 28 5 30,1,10,,13457,9,0,31 22 28 5 30,1,50,,13458,9,0,31 22 28 5 30,1,11,,13459,9,0,31 22 28 5 30,1,11,,13460,9,0,31 22 28 5 30,1,11,,13461,9,0,31 22 28 5 30,1,10,,13462,9,0,31 22 28 5 30,1,10,,13463,9,0,31 22 28 5 30,1,50,,13464,9,0,31 22 28 5 30,1,10,,13465,9,0,31 22 28 5 30,1,10,,13466,9,0,31 22 28 5 30,1,10,,13467,9,0,31 22 28 5 30,1,10,,13468,9,0,31 22 28 5 30,1,10,,13469,9,0,31 22 28 5 30,1,50,,13470,9,0,31 22 28 5 30,1,10,,13471,9,0,31 22 28 5 30,1,9,,13472,9,0,31 22 28 5 30,1,9,,13473,9,0,31 22 28 5 30,1,10,,13474,9,0,31 22 28 5 30,1,10,,13475,9,0,31 22 28 5 30,1,50,,13476,9,0,31 22 28 5 30,1,10,,13477,9,0,31 22 28 5 30,1,8,,13478,9,0,31 22 28 5 30,1,10,,13479,9,0,31 22 28 5 30,1,15,,13480,9,0,31 22 28 5 30,1,55,,13481,9,0,31 22 28 5 30,1,15,,13482,9,0,31 22 28 5 30,1,15,,13483,9,0,31 22 28 5 30,1,15,,13484,9,0,31 22 28 5 30,1,55,,13485,9,0,31 22 28 5 30,1,15,,13486,9,0,31 22 28 5 30,1,15,,13487,9,0,31 22 28 5 30,1,15,,13488,9,0,31 22 28 5 30,1,55,,13489,9,0,31 22 28 5 30,1,15,,13490,9,0,31 22 28 5 30,1,15,,13491,9,0,31 22 28 5 30,1,15,,13492,9,0,31 22 28 5 30,1,55,,13493,9,0,31 22 28 5 30,1,15,,13494,9,0,31 22 28 5 30,1,16,,13495,9,0,31 22 28 5 30,1,15,,13496,9,0,31 22 28 5 30,1,56,,13497,9,0,31 22 28 5 30,1,16,,13498,9,0,31 22 28 5 30,1,15,,13499,9,0,31 22 28 5 30,1,15,,13500,9,0,31 22 28 5 30,1,55,,13501,9,0,31 22 28 5 30,1,15,,13502,9,0,31 22 28 5 30,1,15,,13503,9,0,31 22 28 5 30,1,15,,13504,9,0,31 22 28 5 30,1,55,,13505,9,0,31 22 28 5 30,1,15,,13506,9,0,31 22 28 5 30,1,15,,13507,9,0,31 22 28 5 30,1,15,,13508,9,0,31 22 28 5 30,1,55,,13509,9,0,31 22 28 5 30,1,14,,13510,9,0,31 22 28 5 30,1,13,,13511,9,0,31 22 28 5 30,1,15,,13512,9,0,31 22 28 5 30,1,55,,13513,9,0,31 22 28 5 30,1,15,,13514,9,0,31 22 28 5 30,1,14,,13515,9,0,31 22 28 5 30,1,15,,13516,9,0,31 22 28 5 30,1,55,,13517,9,0,31 22 28 5 30,1,15,,13518,9,0,31 22 28 5 30,1,15,,13519,9,0,31 22 28 5 30,1,15,,13520,9,0,31 22 28 5 30,1,55,,13521,9,0,31 22 28 5 30,1,15,,13522,9,0,31 22 28 5 30,1,13,,13523,9,0,31 22 28 5 30,1,15,,13524,9,0,31 22 28 5 30,1,15,,13525,9,0,31 22 28 5 30,1,55,,13526,9,0,31 22 28 5 30,1,16,,13527,9,0,31 22 28 5 30,1,15,,13528,9,0,31 22 28 5 30,1,58,,13529,9,0,31 22 28 5 30,1
