102,'CPSaturday',203,,14235,4,0,56,1,30,,14236,4,0,56,1,70,,14237,4,0,56,1,30,,14238,4,0,56,1,25,,14239,4,0,56,1,65,,14170,4,0,56,1,25,,14171,4,0,56,1,60,,14172,4,0,56,1,21,,14173,4,0,56,1,20,,14174,4,0,56,1,60,,14175,4,0,56,1,20,,14176,4,0,56,1,20,,14177,4,0,56,1,60,,14178,4,0,56,1,20,,14179,4,0,56,1,20,,14180,4,0,56,1,60,,14181,4,0,56,1,20,,14182,4,0,56,1,20,,14183,4,0,56,1,60,,14184,4,0,56,1,20,,14185,4,0,56,1,20,,14186,4,0,56,1,60,,14187,4,0,56,1,20,,14188,4,0,56,1,20,,14189,4,0,56,1,60,,14190,4,0,56,1,20,,14191,4,0,56,1,20,,14192,4,0,56,1,60,,14193,4,0,56,1,20,,14194,4,0,56,1,20,,14195,4,0,56,1,61,,14196,4,0,56,1,20,,14197,4,0,56,1,20,,14198,4,0,56,1,60,,14199,4,0,56,1,20,,14200,4,0,56,1,20,,14201,4,0,56,1,60,,14202,4,0,56,1,20,,14203,4,0,56,1,20,,14204,4,0,56,1,59,,14205,4,0,56,1,20,,14206,4,0,56,1,20,,14207,4,0,56,1,60,,14208,4,0,56,1,20,,14209,4,0,56,1,20,,14210,4,0,56,1,60,,14211,4,0,56,1,20,,14212,4,0,56,1,20,,14213,4,0,56,1,60,,14214,4,0,56,1,20,,14215,4,0,56,1,20,,14216,4,0,56,1,60,,14217,4,0,56,1,20,,14218,4,0,56,1,20,,14219,4,0,56,1,60,,14220,4,0,56,1,20,,14221,4,0,56,1,20,,14222,4,0,56,1,64,,14223,4,0,56,1,24,,14224,4,0,56,1,63,,14225,4,0,56,1,24,,14226,4,0,56,1,24,,14227,4,0,56,1,65,,14228,4,0,56,1,25,,14229,4,0,56,1,65,,14230,4,0,56,1,25,,14231,4,0,56,1,25,,14232,4,0,56,1,65,,14233,4,0,56,1,25,,14234,4,0,56,1
102,'CPSunday',533,,14240,4,0,56,1,70,,14241,4,0,56,1,30,,14242,4,0,56,1,70,,14243,4,0,56,1,30,,14244,4,0,56,1,70,,14245,4,0,56,1,30,,14246,4,0,56,1,71,,14247,4,0,56,1,24,,14248,4,0,56,1,24,,14249,4,0,56,1,64,,14250,4,0,56,1,24,,14251,4,0,56,1,64,,14252,4,0,56,1,20,,14253,4,0,56,1,20,,14254,4,0,56,1,58,,14255,4,0,56,1,20,,14256,4,0,56,1,18,,14257,4,0,56,1,16,,14258,4,0,56,1,58,,14259,4,0,56,1,20,,14260,4,0,56,1,20,,14261,4,0,56,1,60,,14262,4,0,56,1,20,,14263,4,0,56,1,20,,14264,4,0,56,1,60,,14265,4,0,56,1,20,,14266,4,0,56,1,20,,14267,4,0,56,1,60,,14268,4,0,56,1,20,,14269,4,0,56,1,20,,14270,4,0,56,1,60,,14271,4,0,56,1,20,,14272,4,0,56,1,20,,14273,4,0,56,1,60,,14274,4,0,56,1,20,,14275,4,0,56,1,20,,14276,4,0,56,1,60,,14277,4,0,56,1,20,,14278,4,0,56,1,20,,14279,4,0,56,1,60,,14280,4,0,56,1,20,,14281,4,0,56,1,20,,14282,4,0,56,1,62,,14283,4,0,56,1,24,,14284,4,0,56,1,64,,14285,4,0,56,1,26,,14286,4,0,56,1,26,,14287,4,0,56,1,64,,14288,4,0,56,1,22,,14289,4,0,56,1,62,,14290,4,0,56,1,22,,14291,4,0,56,1,32,,14292,4,0,56,1,72,,14293,4,0,56,1
102,'CPWeekday',207,,14375,8,0,56,1,30,,14376,8,0,56,1,70,,14377,8,0,56,1,30,,14378,8,0,56,1,70,,14379,8,0,56,1,30,,14294,8,0,56,1,15,,14295,8,0,56,1,55,,14296,8,0,56,1,15,,14297,8,0,56,1,15,,14298,8,0,56,1,15,,14299,8,0,56,1,51,,14300,4,0,56,1,15,,14301,4,0,56,1,16,,14302,4,0,56,1,15,,14303,4,0,56,1,55,,14304,4,0,56,1,15,,14305,4,0,56,1,15,,14306,4,0,56,1,15,,14307,4,0,56,1,55,,14308,4,0,56,1,15,,14309,4,0,56,1,15,,14310,4,0,56,1,15,,14311,4,0,56,1,55,,14312,4,0,56,1,15,,14313,4,0,56,1,15,,14314,4,0,56,1,15,,14315,4,0,56,1,55,,14316,4,0,56,1,15,,14317,4,0,56,1,15,,14318,4,0,56,1,15,,14319,4,0,56,1,55,,14320,4,0,56,1,15,,14321,4,0,56,1,15,,14322,4,0,56,1,15,,14323,4,0,56,1,55,,14324,4,0,56,1,15,,14325,4,0,56,1,15,,14326,4,0,56,1,15,,14327,4,0,56,1,55,,14328,4,0,56,1,15,,14329,4,0,56,1,15,,14330,4,0,56,1,15,,14331,4,0,56,1,55,,14332,4,0,56,1,15,,14333,4,0,56,1,15,,14334,4,0,56,1,15,,14335,4,0,56,1,55,,14336,4,0,56,1,15,,14337,4,0,56,1,15,,14338,4,0,56,1,15,,14339,4,0,56,1,55,,14340,4,0,56,1,15,,14341,4,0,56,1,15,,14342,4,0,56,1,15,,14343,4,0,56,1,55,,14344,4,0,56,1,15,,14345,4,0,56,1,15,,14346,4,0,56,1,15,,14347,4,0,56,1,55,,14348,4,0,56,1,16,,14349,4,0,56,1,16,,14350,4,0,56,1,16,,14351,4,0,56,1,56,,14352,4,0,56,1,16,,14353,4,0,56,1,16,,14354,4,0,56,1,16,,14355,4,0,56,1,55,,14356,4,0,56,1,16,,14357,4,0,56,1,16,,14358,4,0,56,1,15,,14359,4,0,56,1,55,,14360,4,0,56,1,15,,14361,4,0,56,1,15,,14362,4,0,56,1,15,,14363,4,0,56,1,55,,14364,4,0,56,1,20,,14365,4,0,56,1,20,,14366,4,0,56,1,60,,14367,4,0,56,1,20,,14368,4,0,56,1,20,,14369,4,0,56,1,60,,14370,4,0,56,1,20,,14371,4,0,56,1,20,,14372,4,0,56,1,60,,14373,4,0,56,1,20,,14374,4,0,56,1
102,'CPHoliday1',533,,25357,4,0,56,1,70,,25358,4,0,56,1,30,,25359,4,0,56,1,70,,25360,4,0,56,1,30,,25361,4,0,56,1,70,,25362,4,0,56,1,30,,25363,4,0,56,1,71,,25364,4,0,56,1,24,,25365,4,0,56,1,24,,25366,4,0,56,1,64,,25367,4,0,56,1,24,,25368,4,0,56,1,64,,25369,4,0,56,1,20,,25370,4,0,56,1,20,,25371,4,0,56,1,58,,25372,4,0,56,1,20,,25373,4,0,56,1,18,,25374,4,0,56,1,16,,25375,4,0,56,1,58,,25376,4,0,56,1,20,,25377,4,0,56,1,20,,25378,4,0,56,1,60,,25379,4,0,56,1,20,,25380,4,0,56,1,20,,25381,4,0,56,1,60,,25382,4,0,56,1,20,,25383,4,0,56,1,20,,25384,4,0,56,1,60,,25385,4,0,56,1,20,,25386,4,0,56,1,20,,25387,4,0,56,1,60,,25388,4,0,56,1,20,,25389,4,0,56,1,20,,25390,4,0,56,1,60,,25391,4,0,56,1,20,,25392,4,0,56,1,20,,25393,4,0,56,1,60,,25394,4,0,56,1,20,,25395,4,0,56,1,20,,25396,4,0,56,1,60,,25397,4,0,56,1,20,,25398,4,0,56,1,20,,25399,4,0,56,1,62,,25400,4,0,56,1,24,,25401,4,0,56,1,64,,25402,4,0,56,1,26,,25403,4,0,56,1,26,,25404,4,0,56,1,64,,25405,4,0,56,1,22,,25406,4,0,56,1,62,,25407,4,0,56,1,22,,25408,4,0,56,1,32,,25409,4,0,56,1,72,,25410,4,0,56,1
1103,'MASaturday',552,,16757,4,0,17,1,65,,16758,4,0,17,1,22,,16759,4,0,17,1,17,,16760,4,0,17,1,57,,16761,4,0,17,1,17,,16762,4,0,17,1,18,,16763,4,0,17,1,57,,16764,4,0,17,1,18,,16765,4,0,17,1,18,,16766,4,0,17,1,59,,16767,4,0,17,1,19,,16768,4,0,17,1,20,,16769,4,0,17,1,19,,16770,4,0,17,1,59,,16771,4,0,17,1,18,,16772,4,0,17,1,17,,16773,4,0,17,1,58,,16774,4,0,17,1,18,,16775,4,0,17,1,18,,16776,4,0,17,1,58,,16777,4,0,17,1,18,,16778,4,0,17,1,18,,16779,4,0,17,1,18,,16780,4,0,17,1,58,,16781,4,0,17,1,19,,16782,4,0,17,1,19,,16783,4,0,17,1,59,,16784,4,0,17,1,19,,16785,4,0,17,1,19,,16786,4,0,17,1,59,,16787,4,0,17,1,19,,16788,4,0,17,1,20,,16789,4,0,17,1,59,,16790,4,0,17,1,19,,16791,4,0,17,1,19,,16792,4,0,17,1,60,,16793,4,0,17,1,18,,16794,4,0,17,1,19,,16795,4,0,17,1,58,,16796,4,0,17,1,20,,16797,4,0,17,1,18,,16798,4,0,17,1,19,,16799,4,0,17,1,60,,16800,4,0,17,1,19,,16801,4,0,17,1,18,,16802,4,0,17,1,58,,16803,4,0,17,1,18,,16804,4,0,17,1,18,,16805,4,0,17,1,58,,16806,4,0,17,1,18,,16807,4,0,17,1,18,,16808,4,0,17,1,57,,16809,4,0,17,1,17,,16810,4,0,17,1,17,,16811,4,0,17,1,17,,16812,4,0,17,1,57,,16813,4,0,17,1,17,,16814,4,0,17,1,17,,16815,4,0,17,1,59,,16816,4,0,17,1,21,,16817,4,0,17,1,21,,16818,4,0,17,1,60,,16819,4,0,17,1,21,,16820,4,0,17,1,21,,16821,4,0,17,1
1103,'MASunday',712,,16868,4,0,17,1,22,,16854,4,0,17,1,22,,16837,4,0,17,1,62,,16869,4,0,17,1,23,,16849,4,0,17,1,63,,16836,4,0,17,1,23,,16870,4,0,17,1,23,,16850,4,0,17,1,62,,16838,4,0,17,1,17,,16825,4,0,17,1,17,,16866,4,0,17,1,57,,16855,4,0,17,1,17,,16839,4,0,17,1,18,,16827,4,0,17,1,18,,16875,4,0,17,1,58,,16858,4,0,17,1,18,,16843,4,0,17,1,18,,16831,4,0,17,1,58,,16876,4,0,17,1,18,,16856,4,0,17,1,18,,16841,4,0,17,1,59,,16828,4,0,17,1,18,,16874,4,0,17,1,18,,16861,4,0,17,1,18,,16844,4,0,17,1,59,,16829,4,0,17,1,19,,16877,4,0,17,1,19,,16860,4,0,17,1,58,,16842,4,0,17,1,19,,16830,4,0,17,1,19,,16872,4,0,17,1,59,,16859,4,0,17,1,18,,16840,4,0,17,1,19,,16826,4,0,17,1,59,,16873,4,0,17,1,18,,16857,4,0,17,1,18,,16845,4,0,17,1,18,,16832,4,0,17,1,58,,16881,4,0,17,1,18,,16862,4,0,17,1,18,,16847,4,0,17,1,58,,16834,4,0,17,1,18,,16879,4,0,17,1,17,,16863,4,0,17,1,57,,16846,4,0,17,1,18,,16833,4,0,17,1,18,,16880,4,0,17,1,17,,16864,4,0,17,1,57,,16848,4,0,17,1,17,,16835,4,0,17,1,23,,16878,4,0,17,1,63,,16852,4,0,17,1,23,,16822,4,0,17,1,63,,16871,4,0,17,1,23,,16853,4,0,17,1,22,,16824,4,0,17,1,62,,16865,4,0,17,1,22,,16851,4,0,17,1,22,,16823,4,0,17,1,62,,16867,4,0,17,1
1103,'MAWeekday',506,,16882,4,0,17,1,14,,16883,4,0,17,1,14,,16884,4,0,17,1,14,,16885,4,0,17,1,54,,16886,4,0,17,1,13,,16887,4,0,17,1,13,,16888,4,0,17,1,12,,16889,4,0,17,1,10,,16890,4,0,17,1,50,,16891,4,0,17,1,10,,16892,4,0,17,1,11,,16893,4,0,17,1,11,,16894,4,0,17,1,11,,16895,4,0,17,1,11,,16896,4,0,17,1,51,,16897,4,0,17,1,10,,16898,4,0,17,1,15,,16899,4,0,17,1,15,,16900,4,0,17,1,55,,16901,4,0,17,1,14,,16902,4,0,17,1,15,,16903,4,0,17,1,15,,16904,4,0,17,1,15,,16905,4,0,17,1,55,,16906,4,0,17,1,15,,16907,4,0,17,1,15,,16908,4,0,17,1,15,,16909,4,0,17,1,55,,16910,4,0,17,1,15,,16911,4,0,17,1,15,,16912,4,0,17,1,15,,16913,4,0,17,1,55,,16914,4,0,17,1,15,,16915,4,0,17,1,15,,16916,4,0,17,1,15,,16917,4,0,17,1,55,,16918,4,0,17,1,15,,16919,4,0,17,1,15,,16920,4,0,17,1,15,,16921,4,0,17,1,55,,16922,4,0,17,1,15,,16923,4,0,17,1,15,,16924,4,0,17,1,15,,16925,4,0,17,1,55,,16926,4,0,17,1,15,,16927,4,0,17,1,12,,16928,4,0,17,1,12,,16929,4,0,17,1,54,,16930,4,0,17,1,12,,16931,4,0,17,1,12,,16932,4,0,17,1,12,,16933,4,0,17,1,12,,16934,4,0,17,1,52,,16935,4,0,17,1,12,,16936,4,0,17,1,13,,16937,4,0,17,1,12,,16938,4,0,17,1,12,,16939,4,0,17,1,51,,16940,4,0,17,1,12,,16941,4,0,17,1,12,,16942,4,0,17,1,15,,16943,4,0,17,1,59,,16944,4,0,17,1,18,,16945,4,0,17,1,18,,16946,4,0,17,1,18,,16947,4,0,17,1,59,,16948,4,0,17,1,18,,16949,4,0,17,1,18,,16950,4,0,17,1,58,,16951,4,0,17,1,17,,16952,4,0,17,1,17,,16953,4,0,17,1,59,,16954,4,0,17,1,23,,16955,4,0,17,1,24,,16956,4,0,17,1,61,,16957,4,0,17,1,23,,16958,4,0,17,1,23,,16959,4,0,17,1,70,,16960,4,0,17,1,30,,16961,4,0,17,1,70,,16962,4,0,17,1,29,,16963,4,0,17,1,69,,16964,4,0,17,1,30,,16965,4,0,17,1,69,,16966,4,0,17,1
1103,'MAHoliday1',712,,26065,4,0,17,1,22,,26051,4,0,17,1,22,,26034,4,0,17,1,62,,26066,4,0,17,1,23,,26046,4,0,17,1,63,,26033,4,0,17,1,23,,26067,4,0,17,1,23,,26047,4,0,17,1,62,,26035,4,0,17,1,17,,26022,4,0,17,1,17,,26063,4,0,17,1,57,,26052,4,0,17,1,17,,26036,4,0,17,1,18,,26024,4,0,17,1,18,,26072,4,0,17,1,58,,26055,4,0,17,1,18,,26040,4,0,17,1,18,,26028,4,0,17,1,58,,26073,4,0,17,1,18,,26053,4,0,17,1,18,,26038,4,0,17,1,59,,26025,4,0,17,1,18,,26071,4,0,17,1,18,,26058,4,0,17,1,18,,26041,4,0,17,1,59,,26026,4,0,17,1,19,,26074,4,0,17,1,19,,26057,4,0,17,1,58,,26039,4,0,17,1,19,,26027,4,0,17,1,19,,26069,4,0,17,1,59,,26056,4,0,17,1,18,,26037,4,0,17,1,19,,26023,4,0,17,1,59,,26070,4,0,17,1,18,,26054,4,0,17,1,18,,26042,4,0,17,1,18,,26029,4,0,17,1,58,,26078,4,0,17,1,18,,26059,4,0,17,1,18,,26044,4,0,17,1,58,,26031,4,0,17,1,18,,26076,4,0,17,1,17,,26060,4,0,17,1,57,,26043,4,0,17,1,18,,26030,4,0,17,1,18,,26077,4,0,17,1,17,,26061,4,0,17,1,57,,26045,4,0,17,1,17,,26032,4,0,17,1,23,,26075,4,0,17,1,63,,26049,4,0,17,1,23,,26019,4,0,17,1,63,,26068,4,0,17,1,23,,26050,4,0,17,1,22,,26021,4,0,17,1,62,,26062,4,0,17,1,22,,26048,4,0,17,1,22,,26020,4,0,17,1,62,,26064,4,0,17,1
2002,'CPSaturday',654,,18200,4,0,19 20,1,68,,18198,4,0,19 20,1,28,,18199,4,0,19 20,1,68,,18208,4,0,19 20,1,28,,18197,4,0,19 20,1,70,,18196,4,0,19 20,1,32,,18195,4,0,19 20,1,72,,18209,4,0,19 20,1,32,,18194,4,0,19 20,1,72,,18192,4,0,19 20,1,32,,18193,4,0,19 20,1,73,,18202,4,0,19 20,1,72,,18191,4,0,19 20,1,31,,18190,4,0,19 20,1,72,,18189,4,0,19 20,1,32,,18205,4,0,19 20,1,72,,18188,4,0,19 20,1,32,,18187,4,0,19 20,1,72,,18186,4,0,19 20,1,32,,18203,4,0,19 20,1,72,,18184,4,0,19 20,1,32,,18185,4,0,19 20,1,72,,18183,4,0,19 20,1,32,,18204,4,0,19 20,1,72,,18182,4,0,19 20,1,32,,18181,4,0,19 20,1,72,,18207,4,0,19 20,1,72,,18180,4,0,19 20,1,32,,18179,4,0,19 20,1,70,,18206,4,0,19 20,1,30,,18178,4,0,19 20,1,70,,18177,4,0,19 20,1,30,,18201,4,0,19 20,1
2002,'CPSunday',812,,18210,4,0,19 20,1,25,,18211,4,0,19 20,1,65,,18212,4,0,19 20,1,28,,18213,4,0,19 20,1,28,,18214,4,0,19 20,1,68,,18215,4,0,19 20,1,30,,18216,4,0,19 20,1,70,,18217,4,0,19 20,1,30,,18218,4,0,19 20,1,70,,18219,4,0,19 20,1,32,,18220,4,0,19 20,1,72,,18221,4,0,19 20,1,72,,18222,4,0,19 20,1,32,,18223,4,0,19 20,1,72,,18224,4,0,19 20,1,32,,18225,4,0,19 20,1,72,,18226,4,0,19 20,1,32,,18227,4,0,19 20,1,72,,18228,4,0,19 20,1,32,,18229,4,0,19 20,1,72,,18230,4,0,19 20,1,30,,18231,4,0,19 20,1,69,,18232,4,0,19 20,1,28,,18233,4,0,19 20,1,67,,18234,4,0,19 20,1,26,,18235,4,0,19 20,1,64,,18236,4,0,19 20,1
2002,'CPWeekday',447,,18283,4,0,19 20,1,60,,18278,4,0,19 20,1,20,,18277,4,0,19 20,1,20,,18276,4,0,19 20,1,60,,18287,4,0,19 20,1,22,,18272,4,0,19 20,1,24,,18266,4,0,19 20,1,64,,18265,4,0,19 20,1,24,,18280,4,0,19 20,1,64,,18267,4,0,19 20,1,24,,18264,4,0,19 20,1,24,,18263,4,0,19 20,1,64,,18279,4,0,19 20,1,24,,18268,4,0,19 20,1,64,,18260,4,0,19 20,1,24,,18259,4,0,19 20,1,24,,18281,4,0,19 20,1,64,,18269,4,0,19 20,1,24,,18252,4,0,19 20,1,64,,18250,4,0,19 20,1,24,,18282,4,0,19 20,1,24,,18271,4,0,19 20,1,64,,18253,4,0,19 20,1,24,,18249,4,0,19 20,1,62,,18284,4,0,19 20,1,18,,18248,4,0,19 20,1,18,,18274,4,0,19 20,1,61,,18251,4,0,19 20,1,22,,18247,4,0,19 20,1,22,,18285,4,0,19 20,1,62,,18245,4,0,19 20,1,22,,18270,4,0,19 20,1,22,,18254,4,0,19 20,1,62,,18246,4,0,19 20,1,22,,18286,4,0,19 20,1,22,,18242,4,0,19 20,1,60,,18273,4,0,19 20,1,19,,18256,4,0,19 20,1,20,,18243,4,0,19 20,1,60,,18288,4,0,19 20,1,18,,18240,4,0,19 20,1,18,,18275,4,0,19 20,1,58,,18261,4,0,19 20,1,18,,18244,4,0,19 20,1,32,,18241,4,0,19 20,1,80,,18255,4,0,19 20,1,80,,18239,4,0,19 20,1,40,,18258,4,0,19 20,1,78,,18238,4,0,19 20,1,78,,18257,4,0,19 20,1,34,,18237,4,0,19 20,1,74,,18262,4,0,19 20,1
2002,'CPHoliday1',812,,26339,4,0,19 20,1,25,,26340,4,0,19 20,1,65,,26341,4,0,19 20,1,28,,26342,4,0,19 20,1,28,,26343,4,0,19 20,1,68,,26344,4,0,19 20,1,30,,26345,4,0,19 20,1,70,,26346,4,0,19 20,1,30,,26347,4,0,19 20,1,70,,26348,4,0,19 20,1,32,,26349,4,0,19 20,1,72,,26350,4,0,19 20,1,72,,26351,4,0,19 20,1,32,,26352,4,0,19 20,1,72,,26353,4,0,19 20,1,32,,26354,4,0,19 20,1,72,,26355,4,0,19 20,1,32,,26356,4,0,19 20,1,72,,26357,4,0,19 20,1,32,,26358,4,0,19 20,1,72,,26359,4,0,19 20,1,30,,26360,4,0,19 20,1,69,,26361,4,0,19 20,1,28,,26362,4,0,19 20,1,67,,26363,4,0,19 20,1,26,,26364,4,0,19 20,1,64,,26365,4,0,19 20,1
3502,'CPSaturday',620,,20177,4,0,8 9 10,1,22,,20178,4,0,8 9 10,1,63,,20179,4,0,8 9 10,1,22,,20180,4,0,8 9 10,1,22,,20174,4,0,8 9 10,1,62,,20176,4,0,8 9 10,1,22,,20175,4,0,8 9 10,1,23,,20173,4,0,8 9 10,1,62,,20172,4,0,8 9 10,1,24,,20168,4,0,8 9 10,1,64,,20167,4,0,8 9 10,1,24,,20170,4,0,8 9 10,1,24,,20171,4,0,8 9 10,1,65,,20169,4,0,8 9 10,1,26,,20166,4,0,8 9 10,1,65,,20163,4,0,8 9 10,1,25,,20165,4,0,8 9 10,1,65,,20164,4,0,8 9 10,1,24,,20161,4,0,8 9 10,1,16,,20162,4,0,8 9 10,1,14,,20160,4,0,8 9 10,1,55,,20159,4,0,8 9 10,1,16,,20158,4,0,8 9 10,1,16,,20157,4,0,8 9 10,1,16,,20155,4,0,8 9 10,1,57,,20154,4,0,8 9 10,1,17,,20153,4,0,8 9 10,1,17,,20152,4,0,8 9 10,1,57,,20150,4,0,8 9 10,1,17,,20149,4,0,8 9 10,1,17,,20148,4,0,8 9 10,1,17,,20144,4,0,8 9 10,1,56,,20141,4,0,8 9 10,1,16,,20140,4,0,8 9 10,1,16,,20156,4,0,8 9 10,1,56,,20134,4,0,8 9 10,1,16,,20151,4,0,8 9 10,1,16,,20145,4,0,8 9 10,1,16,,20131,4,0,8 9 10,1,56,,20142,4,0,8 9 10,1,16,,20133,4,0,8 9 10,1,25,,20132,4,0,8 9 10,1,62,,20135,4,0,8 9 10,1,22,,20136,4,0,8 9 10,1,22,,20129,4,0,8 9 10,1,64,,20147,4,0,8 9 10,1,23,,20128,4,0,8 9 10,1,62,,20143,4,0,8 9 10,1,22,,20138,4,0,8 9 10,1,22,,20127,4,0,8 9 10,1,62,,20137,4,0,8 9 10,1,22,,20130,4,0,8 9 10,1,20,,20146,4,0,8 9 10,1,59,,20126,4,0,8 9 10,1,37,,20139,4,0,8 9 10,1
3502,'CPSunday',733,,20223,4,0,8 9 10,1,21,,20219,4,0,8 9 10,1,62,,20217,4,0,8 9 10,1,21,,20218,4,0,8 9 10,1,21,,20214,4,0,8 9 10,1,61,,20213,4,0,8 9 10,1,21,,20215,4,0,8 9 10,1,63,,20226,4,0,8 9 10,1,23,,20216,4,0,8 9 10,1,23,,20208,4,0,8 9 10,1,63,,20209,4,0,8 9 10,1,23,,20211,4,0,8 9 10,1,23,,20210,4,0,8 9 10,1,62,,20212,4,0,8 9 10,1,23,,20221,4,0,8 9 10,1,64,,20207,4,0,8 9 10,1,24,,20202,4,0,8 9 10,1,24,,20203,4,0,8 9 10,1,63,,20204,4,0,8 9 10,1,23,,20205,4,0,8 9 10,1,64,,20206,4,0,8 9 10,1,23,,20224,4,0,8 9 10,1,24,,20201,4,0,8 9 10,1,64,,20200,4,0,8 9 10,1,24,,20198,4,0,8 9 10,1,64,,20199,4,0,8 9 10,1,24,,20197,4,0,8 9 10,1,24,,20196,4,0,8 9 10,1,63,,20222,4,0,8 9 10,1,26,,20195,4,0,8 9 10,1,62,,20192,4,0,8 9 10,1,23,,20191,4,0,8 9 10,1,23,,20190,4,0,8 9 10,1,62,,20187,4,0,8 9 10,1,22,,20186,4,0,8 9 10,1,22,,20225,4,0,8 9 10,1,62,,20194,4,0,8 9 10,1,22,,20188,4,0,8 9 10,1,62,,20185,4,0,8 9 10,1,20,,20183,4,0,8 9 10,1,20,,20182,4,0,8 9 10,1,60,,20181,4,0,8 9 10,1,19,,20220,4,0,8 9 10,1,18,,20193,4,0,8 9 10,1,19,,20189,4,0,8 9 10,1,59,,20184,4,0,8 9 10,1
3502,'CPWeekday',413,,20227,4,0,8 9 10,1,18,,20228,4,0,8 9 10,1,17,,20229,4,0,8 9 10,1,55,,20230,4,0,8 9 10,1,15,,20231,4,0,8 9 10,1,15,,20232,4,0,8 9 10,1,15,,20233,4,0,8 9 10,1,55,,20234,4,0,8 9 10,1,15,,20235,4,0,8 9 10,1,15,,20236,4,0,8 9 10,1,15,,20237,4,0,8 9 10,1,56,,20238,4,0,8 9 10,1,15,,20239,4,0,8 9 10,1,15,,20240,4,0,8 9 10,1,15,,20241,4,0,8 9 10,1,55,,20242,4,0,8 9 10,1,15,,20243,4,0,8 9 10,1,14,,20244,4,0,8 9 10,1,15,,20245,4,0,8 9 10,1,55,,20246,4,0,8 9 10,1,15,,20247,4,0,8 9 10,1,15,,20248,4,0,8 9 10,1,15,,20249,4,0,8 9 10,1,55,,20250,4,0,8 9 10,1,17,,20251,4,0,8 9 10,1,16,,20252,4,0,8 9 10,1,16,,20253,4,0,8 9 10,1,56,,20254,4,0,8 9 10,1,15,,20255,4,0,8 9 10,1,15,,20256,4,0,8 9 10,1,15,,20257,4,0,8 9 10,1,56,,20258,4,0,8 9 10,1,15,,20259,4,0,8 9 10,1,15,,20260,4,0,8 9 10,1,15,,20261,4,0,8 9 10,1,55,,20262,4,0,8 9 10,1,15,,20263,4,0,8 9 10,1,15,,20264,4,0,8 9 10,1,15,,20265,4,0,8 9 10,1,55,,20266,4,0,8 9 10,1,15,,20267,4,0,8 9 10,1,15,,20268,4,0,8 9 10,1,12,,20269,4,0,8 9 10,1,52,,20270,4,0,8 9 10,1,11,,20271,4,0,8 9 10,1,10,,20272,4,0,8 9 10,1,10,,20273,4,0,8 9 10,1,15,,20274,4,0,8 9 10,1,55,,20275,4,0,8 9 10,1,15,,20276,4,0,8 9 10,1,15,,20277,4,0,8 9 10,1,15,,20278,4,0,8 9 10,1,55,,20279,4,0,8 9 10,1,15,,20280,4,0,8 9 10,1,15,,20281,4,0,8 9 10,1,15,,20282,4,0,8 9 10,1,55,,20283,4,0,8 9 10,1,15,,20284,4,0,8 9 10,1,15,,20285,4,0,8 9 10,1,15,,20286,4,0,8 9 10,1,55,,20287,4,0,8 9 10,1,16,,20288,4,0,8 9 10,1,14,,20289,4,0,8 9 10,1,19,,20290,4,0,8 9 10,1,56,,20291,4,0,8 9 10,1,15,,20292,4,0,8 9 10,1,14,,20293,4,0,8 9 10,1,15,,20294,4,0,8 9 10,1,55,,20295,4,0,8 9 10,1,15,,20296,4,0,8 9 10,1,25,,20297,4,0,8 9 10,1,70,,20298,4,0,8 9 10,1,30,,20299,4,0,8 9 10,1,70,,20300,4,0,8 9 10,1,30,,20301,4,0,8 9 10,1,70,,20302,4,0,8 9 10,1,30,,20303,4,0,8 9 10,1,70,,20304,4,0,8 9 10,1,30,,20305,4,0,8 9 10,1,75,,20306,4,0,8 9 10,1
3502,'CPHoliday1',603,,26796,4,0,8 9 10,1,25,,26797,4,0,8 9 10,1,25,,26798,4,0,8 9 10,1,60,,26799,4,0,8 9 10,1,20,,26800,4,0,8 9 10,1,20,,26801,4,0,8 9 10,1,61,,26802,4,0,8 9 10,1,22,,26803,4,0,8 9 10,1,22,,26804,4,0,8 9 10,1,62,,26805,4,0,8 9 10,1,22,,26806,4,0,8 9 10,1,62,,26807,4,0,8 9 10,1,20,,26808,4,0,8 9 10,1,20,,26809,4,0,8 9 10,1,60,,26810,4,0,8 9 10,1,20,,26811,4,0,8 9 10,1,20,,26812,4,0,8 9 10,1,59,,26813,4,0,8 9 10,1,20,,26814,4,0,8 9 10,1,20,,26815,4,0,8 9 10,1,60,,26816,4,0,8 9 10,1,20,,26817,4,0,8 9 10,1,20,,26818,4,0,8 9 10,1,60,,26819,4,0,8 9 10,1,20,,26820,4,0,8 9 10,1,20,,26821,4,0,8 9 10,1,61,,26822,4,0,8 9 10,1,20,,26823,4,0,8 9 10,1,20,,26824,4,0,8 9 10,1,60,,26825,4,0,8 9 10,1,20,,26826,4,0,8 9 10,1,20,,26827,4,0,8 9 10,1,60,,26828,4,0,8 9 10,1,20,,26829,4,0,8 9 10,1,20,,26830,4,0,8 9 10,1,60,,26831,4,0,8 9 10,1,20,,26832,4,0,8 9 10,1,21,,26833,4,0,8 9 10,1,60,,26834,4,0,8 9 10,1,20,,26835,4,0,8 9 10,1,20,,26836,4,0,8 9 10,1,59,,26837,4,0,8 9 10,1,22,,26838,4,0,8 9 10,1,25,,26839,4,0,8 9 10,1,64,,26840,4,0,8 9 10,1,24,,26841,4,0,8 9 10,1,62,,26842,4,0,8 9 10,1,22,,26843,4,0,8 9 10,1,22,,26844,4,0,8 9 10,1,60,,26845,4,0,8 9 10,1,20,,26846,4,0,8 9 10,1,17,,26847,4,0,8 9 10,1,58,,26848,4,0,8 9 10,1,18,,26849,4,0,8 9 10,1
7002,'CPWeekday',611,,23552,4,0,45,1,19,,23553,4,0,45,1,21,,23554,4,0,45,1,55,,23555,4,0,45,1,15,,23556,4,0,45,1,15,,23557,4,0,45,1,15,,23558,4,0,45,1,55,,23559,4,0,45,1,15,,23560,4,0,45,1,15,,23561,4,0,45,1,15,,23562,4,0,45,1,60,,23563,4,0,45,1,20,,23564,4,0,45,1
