901,'CPHoliday1',653,,2923,1,0,19 20,1,88,,2922,1,0,19 20,1,86,,2921,1,0,19 20,1,91,,2920,1,0,19 20,1,89,,2917,1,0,19 20,1,34,,2913,1,0,19 20,1,72,,2912,1,0,19 20,1,35,,2918,1,0,19 20,1,80,,2908,1,0,19 20,1,72,,2911,1,0,19 20,1,37,,2916,1,0,19 20,1,78,,2909,1,0,19 20,1,38,,2904,1,0,19 20,1,78,,2914,1,0,19 20,1,78,,2902,1,0,19 20,1,37,,2906,1,0,19 20,1,77,,2919,1,0,19 20,1,77,,2901,1,0,19 20,1,37,,2905,1,0,19 20,1,76,,2915,1,0,19 20,1,36,,2900,1,0,19 20,1,89,,2910,1,0,19 20,1,90,,2899,1,0,19 20,1,89,,2907,1,0,19 20,1,89,,2898,1,0,19 20,1,48,,2903,1,0,19 20,1
901,'CPSaturday',643,,2956,1,0,19 20,1,72,,2954,1,0,19 20,1,34,,2955,1,0,19 20,1,72,,2953,1,0,19 20,1,34,,2942,1,0,19 20,1,73,,2943,1,0,19 20,1,75,,2945,1,0,19 20,1,35,,2933,1,0,19 20,1,75,,2932,1,0,19 20,1,35,,2947,1,0,19 20,1,77,,2939,1,0,19 20,1,77,,2931,1,0,19 20,1,38,,2950,1,0,19 20,1,79,,2936,1,0,19 20,1,39,,2930,1,0,19 20,1,79,,2949,1,0,19 20,1,79,,2938,1,0,19 20,1,39,,2929,1,0,19 20,1,76,,2946,1,0,19 20,1,79,,2935,1,0,19 20,1,36,,2928,1,0,19 20,1,76,,2944,1,0,19 20,1,37,,2940,1,0,19 20,1,74,,2926,1,0,19 20,1,74,,2948,1,0,19 20,1,34,,2934,1,0,19 20,1,74,,2927,1,0,19 20,1,34,,2951,1,0,19 20,1,74,,2937,1,0,19 20,1,32,,2925,1,0,19 20,1,71,,2952,1,0,19 20,1,31,,2941,1,0,19 20,1
901,'CPSunday',653,,2985,1,0,19 20,1,88,,2984,1,0,19 20,1,86,,2983,1,0,19 20,1,91,,2982,1,0,19 20,1,89,,2979,1,0,19 20,1,34,,2975,1,0,19 20,1,72,,2974,1,0,19 20,1,35,,2980,1,0,19 20,1,80,,2970,1,0,19 20,1,72,,2973,1,0,19 20,1,37,,2978,1,0,19 20,1,78,,2971,1,0,19 20,1,38,,2966,1,0,19 20,1,78,,2976,1,0,19 20,1,78,,2964,1,0,19 20,1,37,,2968,1,0,19 20,1,77,,2981,1,0,19 20,1,77,,2963,1,0,19 20,1,37,,2967,1,0,19 20,1,76,,2977,1,0,19 20,1,36,,2962,1,0,19 20,1,89,,2972,1,0,19 20,1,90,,2961,1,0,19 20,1,89,,2969,1,0,19 20,1,89,,2960,1,0,19 20,1,48,,2965,1,0,19 20,1
901,'CPWeekday',413,,3029,1,0,19 20,1,21,,3033,1,0,19 20,1,20,,3031,1,0,19 20,1,60,,3034,1,0,19 20,1,20,,3035,1,0,19 20,1,20,,3030,1,0,19 20,1,61,,3032,1,0,19 20,1,25,,3023,1,0,19 20,1,65,,3025,1,0,19 20,1,19,,3028,1,0,19 20,1,25,,3022,1,0,19 20,1,59,,3024,1,0,19 20,1,27,,3026,1,0,19 20,1,65,,3027,1,0,19 20,1,24,,3020,1,0,19 20,1,21,,3017,1,0,19 20,1,67,,3018,1,0,19 20,1,28,,3019,1,0,19 20,1,70,,3021,1,0,19 20,1,30,,3013,1,0,19 20,1,70,,3014,1,0,19 20,1,30,,3015,1,0,19 20,1,70,,3016,1,0,19 20,1,30,,3011,1,0,19 20,1,70,,3012,1,0,19 20,1,30,,3010,1,0,19 20,1,66,,3009,1,0,19 20,1,23,,3008,1,0,19 20,1,22,,3007,1,0,19 20,1,71,,3006,1,0,19 20,1,30,,3005,1,0,19 20,1,70,,3004,1,0,19 20,1,20,,3003,1,0,19 20,1,64,,3002,1,0,19 20,1,23,,3001,1,0,19 20,1,72,,2996,1,0,19 20,1,27,,2995,1,0,19 20,1,26,,2994,1,0,19 20,1,66,,2997,1,0,19 20,1,29,,2993,1,0,19 20,1,67,,2991,1,0,19 20,1,27,,2988,1,0,19 20,1,67,,2998,1,0,19 20,1,27,,2992,1,0,19 20,1,67,,2990,1,0,19 20,1,27,,2987,1,0,19 20,1,71,,2999,1,0,19 20,1,46,,2989,1,0,19 20,1,86,,3000,1,0,19 20,1
902,'CPHoliday1',648,,3061,43,4,,1,87,,3060,43,4,,1,88,,3059,43,4,,1,91,,3058,43,4,,1,89,,3052,43,4,,1,50,,3051,43,4,,1,88,,3057,43,4,,1,79,,3048,43,4,,1,36,,3046,43,4,,1,76,,3056,43,4,,1,77,,3049,43,4,,1,37,,3050,43,4,,1,79,,3053,43,4,,1,78,,3041,43,4,,1,37,,3042,43,4,,1,77,,3055,43,4,,1,37,,3040,43,4,,1,76,,3044,43,4,,1,77,,3054,43,4,,1,37,,3039,43,4,,1,85,,3043,43,4,,1,92,,3038,43,4,,1,90,,3045,43,4,,1,48,,3037,43,4,,1,89,,3047,43,4,,1
902,'CPSaturday',638,,3095,43,4,,1,72,,3096,43,4,,1,33,,3094,43,4,,1,73,,3092,43,4,,1,33,,3093,43,4,,1,74,,3081,43,4,,1,34,,3089,43,4,,1,76,,3080,43,4,,1,73,,3072,43,4,,1,35,,3083,43,4,,1,77,,3076,43,4,,1,39,,3069,43,4,,1,78,,3084,43,4,,1,78,,3075,43,4,,1,37,,3068,43,4,,1,80,,3085,43,4,,1,79,,3077,43,4,,1,39,,3067,43,4,,1,78,,3086,43,4,,1,78,,3078,43,4,,1,35,,3066,43,4,,1,77,,3087,43,4,,1,35,,3070,43,4,,1,75,,3065,43,4,,1,75,,3088,43,4,,1,34,,3073,43,4,,1,73,,3064,43,4,,1,34,,3090,43,4,,1,73,,3071,43,4,,1,33,,3063,43,4,,1,72,,3082,43,4,,1,31,,3074,43,4,,1,69,,3062,43,4,,1,26,,3091,43,4,,1,67,,3079,43,4,,1
902,'CPSunday',648,,3121,43,4,,1,87,,3120,43,4,,1,88,,3119,43,4,,1,91,,3118,43,4,,1,89,,3112,43,4,,1,50,,3111,43,4,,1,88,,3117,43,4,,1,79,,3108,43,4,,1,36,,3106,43,4,,1,76,,3116,43,4,,1,77,,3109,43,4,,1,37,,3110,43,4,,1,79,,3113,43,4,,1,78,,3101,43,4,,1,37,,3102,43,4,,1,77,,3115,43,4,,1,37,,3100,43,4,,1,76,,3104,43,4,,1,77,,3114,43,4,,1,37,,3099,43,4,,1,85,,3103,43,4,,1,92,,3098,43,4,,1,90,,3105,43,4,,1,48,,3097,43,4,,1,89,,3107,43,4,,1
902,'CPWeekday',542,,3166,44,4,,1,69,,3167,44,4,,1,23,,3168,44,4,,1,23,,3169,44,4,,1,64,,3170,44,4,,1,20,,3160,44,4,,1,64,,3162,44,4,,1,23,,3164,44,4,,1,27,,3163,44,4,,1,57,,3165,44,4,,1,28,,3161,44,4,,1,67,,3155,44,4,,1,26,,3158,44,4,,1,24,,3157,44,4,,1,60,,3159,44,4,,1,19,,3154,44,4,,1,69,,3156,44,4,,1,30,,3152,44,4,,1,70,,3153,44,4,,1,31,,3150,44,4,,1,70,,3151,44,4,,1,29,,3149,44,4,,1,20,,3148,44,4,,1,60,,3147,44,4,,1,27,,3146,44,4,,1,69,,3145,44,4,,1,30,,3144,44,4,,1,68,,3143,44,4,,1,25,,3142,44,4,,1,67,,3141,44,4,,1,20,,3140,44,4,,1,27,,3139,44,4,,1,69,,3138,44,4,,1,28,,3132,44,4,,1,63,,3133,44,4,,1,22,,3129,44,4,,1,71,,3128,44,4,,1,28,,3127,44,4,,1,29,,3134,44,4,,1,68,,3130,44,4,,1,27,,3124,44,4,,1,65,,3123,44,4,,1,27,,3135,44,4,,1,63,,3131,44,4,,1,26,,3125,44,4,,1,24,,3122,44,4,,1,66,,3136,44,4,,1,84,,3126,44,4,,1,44,,3137,44,4,,1
3501,'CPHoliday1',622,,7429,1,0,43 44,1,19,,7423,1,0,43 44,1,59,,7418,1,0,43 44,1,20,,7419,1,0,43 44,1,20,,7420,1,0,43 44,1,60,,7421,1,0,43 44,1,20,,7422,1,0,43 44,1,21,,7425,1,0,43 44,1,62,,7417,1,0,43 44,1,23,,7413,1,0,43 44,1,23,,7414,1,0,43 44,1,62,,7416,1,0,43 44,1,22,,7415,1,0,43 44,1,23,,7411,1,0,43 44,1,63,,7427,1,0,43 44,1,23,,7412,1,0,43 44,1,63,,7408,1,0,43 44,1,24,,7409,1,0,43 44,1,24,,7410,1,0,43 44,1,64,,7405,1,0,43 44,1,22,,7406,1,0,43 44,1,64,,7424,1,0,43 44,1,24,,7407,1,0,43 44,1,24,,7404,1,0,43 44,1,64,,7401,1,0,43 44,1,24,,7403,1,0,43 44,1,63,,7402,1,0,43 44,1,24,,7400,1,0,43 44,1,24,,7426,1,0,43 44,1,64,,7399,1,0,43 44,1,24,,7398,1,0,43 44,1,64,,7397,1,0,43 44,1,23,,7396,1,0,43 44,1,23,,7394,1,0,43 44,1,63,,7392,1,0,43 44,1,23,,7428,1,0,43 44,1,24,,7395,1,0,43 44,1,63,,7390,1,0,43 44,1,23,,7388,1,0,43 44,1,61,,7387,1,0,43 44,1,22,,7385,1,0,43 44,1,21,,7386,1,0,43 44,1,57,,7430,1,0,43 44,1,23,,7393,1,0,43 44,1,21,,7391,1,0,43 44,1,61,,7389,1,0,43 44,1,19,,7384,1,0,43 44,1
3501,'CPSaturday',507,,7486,1,0,43 44,1,20,,7485,1,0,43 44,1,20,,7484,1,0,43 44,1,60,,7481,1,0,43 44,1,20,,7479,1,0,43 44,1,20,,7483,1,0,43 44,1,60,,7482,1,0,43 44,1,23,,7480,1,0,43 44,1,23,,7474,1,0,43 44,1,63,,7475,1,0,43 44,1,23,,7476,1,0,43 44,1,63,,7478,1,0,43 44,1,24,,7477,1,0,43 44,1,24,,7472,1,0,43 44,1,66,,7469,1,0,43 44,1,24,,7470,1,0,43 44,1,64,,7471,1,0,43 44,1,24,,7473,1,0,43 44,1,24,,7468,1,0,43 44,1,64,,7465,1,0,43 44,1,26,,7466,1,0,43 44,1,64,,7467,1,0,43 44,1,18,,7463,1,0,43 44,1,18,,7464,1,0,43 44,1,58,,7462,1,0,43 44,1,18,,7461,1,0,43 44,1,16,,7459,1,0,43 44,1,16,,7460,1,0,43 44,1,57,,7458,1,0,43 44,1,17,,7456,1,0,43 44,1,16,,7455,1,0,43 44,1,16,,7454,1,0,43 44,1,56,,7457,1,0,43 44,1,16,,7452,1,0,43 44,1,16,,7453,1,0,43 44,1,56,,7448,1,0,43 44,1,16,,7445,1,0,43 44,1,16,,7446,1,0,43 44,1,16,,7436,1,0,43 44,1,56,,7442,1,0,43 44,1,16,,7435,1,0,43 44,1,18,,7437,1,0,43 44,1,62,,7438,1,0,43 44,1,25,,7441,1,0,43 44,1,25,,7451,1,0,43 44,1,65,,7434,1,0,43 44,1,22,,7447,1,0,43 44,1,22,,7443,1,0,43 44,1,62,,7432,1,0,43 44,1,24,,7439,1,0,43 44,1,64,,7433,1,0,43 44,1,22,,7449,1,0,43 44,1,22,,7431,1,0,43 44,1,81,,7444,1,0,43 44,1,81,,7440,1,0,43 44,1,38,,7450,1,0,43 44,1
3501,'CPSunday',622,,7532,1,0,43 44,1,19,,7526,1,0,43 44,1,59,,7521,1,0,43 44,1,20,,7522,1,0,43 44,1,20,,7523,1,0,43 44,1,60,,7524,1,0,43 44,1,20,,7525,1,0,43 44,1,21,,7528,1,0,43 44,1,62,,7520,1,0,43 44,1,23,,7516,1,0,43 44,1,23,,7517,1,0,43 44,1,62,,7519,1,0,43 44,1,22,,7518,1,0,43 44,1,23,,7514,1,0,43 44,1,63,,7530,1,0,43 44,1,23,,7515,1,0,43 44,1,63,,7511,1,0,43 44,1,24,,7512,1,0,43 44,1,24,,7513,1,0,43 44,1,64,,7508,1,0,43 44,1,22,,7509,1,0,43 44,1,64,,7527,1,0,43 44,1,24,,7510,1,0,43 44,1,24,,7507,1,0,43 44,1,64,,7504,1,0,43 44,1,24,,7506,1,0,43 44,1,63,,7505,1,0,43 44,1,24,,7503,1,0,43 44,1,24,,7529,1,0,43 44,1,64,,7502,1,0,43 44,1,24,,7501,1,0,43 44,1,64,,7500,1,0,43 44,1,23,,7499,1,0,43 44,1,23,,7497,1,0,43 44,1,63,,7495,1,0,43 44,1,23,,7531,1,0,43 44,1,24,,7498,1,0,43 44,1,63,,7493,1,0,43 44,1,23,,7491,1,0,43 44,1,61,,7490,1,0,43 44,1,22,,7488,1,0,43 44,1,21,,7489,1,0,43 44,1,57,,7533,1,0,43 44,1,23,,7496,1,0,43 44,1,21,,7494,1,0,43 44,1,61,,7492,1,0,43 44,1,19,,7487,1,0,43 44,1
3501,'CPWeekday',330,,7534,1,0,43 44,1,25,,7535,1,0,43 44,1,60,,7536,1,0,43 44,1,20,,7537,1,0,43 44,1,23,,7538,1,0,43 44,1,53,,7539,1,0,43 44,1,14,,7540,1,0,43 44,1,13,,7541,1,0,43 44,1,13,,7542,1,0,43 44,1,53,,7543,1,0,43 44,1,16,,7544,1,0,43 44,1,14,,7545,1,0,43 44,1,12,,7546,1,0,43 44,1,54,,7547,1,0,43 44,1,15,,7548,1,0,43 44,1,15,,7549,1,0,43 44,1,16,,7550,1,0,43 44,1,54,,7551,1,0,43 44,1,16,,7552,1,0,43 44,1,17,,7553,1,0,43 44,1,15,,7554,1,0,43 44,1,52,,7555,1,0,43 44,1,15,,7556,1,0,43 44,1,15,,7557,1,0,43 44,1,15,,7558,1,0,43 44,1,55,,7559,1,0,43 44,1,15,,7560,1,0,43 44,1,15,,7561,1,0,43 44,1,15,,7562,1,0,43 44,1,55,,7563,1,0,43 44,1,15,,7564,1,0,43 44,1,15,,7565,1,0,43 44,1,15,,7566,1,0,43 44,1,55,,7567,1,0,43 44,1,15,,7568,1,0,43 44,1,15,,7569,1,0,43 44,1,15,,7570,1,0,43 44,1,55,,7571,1,0,43 44,1,15,,7572,1,0,43 44,1,10,,7573,1,0,43 44,1,10,,7574,1,0,43 44,1,12,,7575,1,0,43 44,1,53,,7576,1,0,43 44,1,16,,7577,1,0,43 44,1,14,,7578,1,0,43 44,1,15,,7579,1,0,43 44,1,55,,7580,1,0,43 44,1,15,,7581,1,0,43 44,1,15,,7582,1,0,43 44,1,15,,7583,1,0,43 44,1,55,,7584,1,0,43 44,1,15,,7585,1,0,43 44,1,15,,7586,1,0,43 44,1,15,,7587,1,0,43 44,1,55,,7588,1,0,43 44,1,15,,7589,1,0,43 44,1,15,,7590,1,0,43 44,1,15,,7591,1,0,43 44,1,58,,7592,1,0,43 44,1,14,,7593,1,0,43 44,1,13,,7594,1,0,43 44,1,15,,7595,1,0,43 44,1,55,,7596,1,0,43 44,1,15,,7597,1,0,43 44,1,15,,7598,1,0,43 44,1,15,,7599,1,0,43 44,1,55,,7600,1,0,43 44,1,15,,7601,1,0,43 44,1,15,,7602,1,0,43 44,1,15,,7603,1,0,43 44,1,60,,7604,1,0,43 44,1,20,,7605,1,0,43 44,1,30,,7606,1,0,43 44,1,70,,7607,1,0,43 44,1,32,,7608,1,0,43 44,1,72,,7609,1,0,43 44,1,72,,7610,1,0,43 44,1,34,,7611,1,0,43 44,1,75,,7612,1,0,43 44,1
3502,'CPHoliday1',823,,7655,59,4,,1,25,,7651,59,4,,1,64,,7649,59,4,,1,23,,7650,59,4,,1,23,,7646,59,4,,1,61,,7645,59,4,,1,24,,7647,59,4,,1,63,,7658,59,4,,1,24,,7648,59,4,,1,23,,7640,59,4,,1,64,,7641,59,4,,1,25,,7643,59,4,,1,64,,7642,59,4,,1,22,,7644,59,4,,1,23,,7653,59,4,,1,64,,7639,59,4,,1,25,,7634,59,4,,1,64,,7635,59,4,,1,22,,7636,59,4,,1,22,,7637,59,4,,1,65,,7638,59,4,,1,23,,7656,59,4,,1,64,,7633,59,4,,1,24,,7632,59,4,,1,24,,7630,59,4,,1,63,,7631,59,4,,1,24,,7629,59,4,,1,24,,7628,59,4,,1,63,,7654,59,4,,1,25,,7627,59,4,,1,61,,7624,59,4,,1,23,,7623,59,4,,1,23,,7622,59,4,,1,62,,7619,59,4,,1,19,,7618,59,4,,1,20,,7657,59,4,,1,61,,7626,59,4,,1,22,,7620,59,4,,1,21,,7617,59,4,,1,57,,7615,59,4,,1,17,,7614,59,4,,1,19,,7613,59,4,,1,57,,7652,59,4,,1,17,,7625,59,4,,1,18,,7621,59,4,,1,59,,7616,59,4,,1
3502,'CPSaturday',715,,7710,59,4,,1,24,,7711,59,4,,1,66,,7712,59,4,,1,24,,7713,59,4,,1,22,,7707,59,4,,1,63,,7709,59,4,,1,25,,7708,59,4,,1,65,,7706,59,4,,1,23,,7705,59,4,,1,24,,7701,59,4,,1,64,,7700,59,4,,1,25,,7703,59,4,,1,64,,7704,59,4,,1,26,,7702,59,4,,1,26,,7699,59,4,,1,68,,7696,59,4,,1,25,,7698,59,4,,1,67,,7697,59,4,,1,24,,7694,59,4,,1,17,,7695,59,4,,1,54,,7693,59,4,,1,15,,7692,59,4,,1,15,,7691,59,4,,1,16,,7690,59,4,,1,56,,7688,59,4,,1,17,,7687,59,4,,1,17,,7686,59,4,,1,57,,7685,59,4,,1,16,,7683,59,4,,1,16,,7682,59,4,,1,17,,7681,59,4,,1,57,,7677,59,4,,1,16,,7674,59,4,,1,15,,7673,59,4,,1,15,,7689,59,4,,1,54,,7667,59,4,,1,14,,7684,59,4,,1,16,,7678,59,4,,1,16,,7664,59,4,,1,56,,7675,59,4,,1,14,,7666,59,4,,1,23,,7665,59,4,,1,62,,7668,59,4,,1,22,,7669,59,4,,1,21,,7662,59,4,,1,64,,7680,59,4,,1,20,,7661,59,4,,1,20,,7676,59,4,,1,61,,7671,59,4,,1,21,,7660,59,4,,1,62,,7670,59,4,,1,20,,7663,59,4,,1,16,,7679,59,4,,1,18,,7659,59,4,,1,75,,7672,59,4,,1
3502,'CPSunday',823,,7756,59,4,,1,25,,7752,59,4,,1,64,,7750,59,4,,1,23,,7751,59,4,,1,23,,7747,59,4,,1,61,,7746,59,4,,1,24,,7748,59,4,,1,63,,7759,59,4,,1,24,,7749,59,4,,1,23,,7741,59,4,,1,64,,7742,59,4,,1,25,,7744,59,4,,1,64,,7743,59,4,,1,22,,7745,59,4,,1,23,,7754,59,4,,1,64,,7740,59,4,,1,25,,7735,59,4,,1,64,,7736,59,4,,1,22,,7737,59,4,,1,22,,7738,59,4,,1,65,,7739,59,4,,1,23,,7757,59,4,,1,64,,7734,59,4,,1,24,,7733,59,4,,1,24,,7731,59,4,,1,63,,7732,59,4,,1,24,,7730,59,4,,1,24,,7729,59,4,,1,63,,7755,59,4,,1,25,,7728,59,4,,1,61,,7725,59,4,,1,23,,7724,59,4,,1,23,,7723,59,4,,1,62,,7720,59,4,,1,19,,7719,59,4,,1,20,,7758,59,4,,1,61,,7727,59,4,,1,22,,7721,59,4,,1,21,,7718,59,4,,1,57,,7716,59,4,,1,17,,7715,59,4,,1,19,,7714,59,4,,1,57,,7753,59,4,,1,17,,7726,59,4,,1,18,,7722,59,4,,1,59,,7717,59,4,,1
3502,'CPWeekday',507,,7760,59,4,,1,21,,7761,59,4,,1,19,,7762,59,4,,1,56,,7763,59,4,,1,16,,7764,59,4,,1,16,,7765,59,4,,1,15,,7766,59,4,,1,58,,7767,59,4,,1,17,,7768,59,4,,1,15,,7769,59,4,,1,17,,7770,59,4,,1,57,,7771,59,4,,1,15,,7772,59,4,,1,15,,7773,59,4,,1,15,,7774,59,4,,1,55,,7775,59,4,,1,15,,7776,59,4,,1,13,,7777,59,4,,1,15,,7778,59,4,,1,54,,7779,59,4,,1,14,,7780,59,4,,1,14,,7781,59,4,,1,15,,7782,59,4,,1,55,,7783,59,4,,1,18,,7784,59,4,,1,16,,7785,59,4,,1,16,,7786,59,4,,1,56,,7787,59,4,,1,16,,7788,59,4,,1,15,,7789,59,4,,1,55,,7790,59,4,,1,16,,7791,59,4,,1,15,,7792,59,4,,1,15,,7793,59,4,,1,55,,7794,59,4,,1,16,,7795,59,4,,1,16,,7796,59,4,,1,16,,7797,59,4,,1,57,,7798,59,4,,1,15,,7799,59,4,,1,15,,7800,59,4,,1,16,,7801,59,4,,1,53,,7802,59,4,,1,13,,7803,59,4,,1,12,,7804,59,4,,1,10,,7805,59,4,,1,10,,7806,59,4,,1,56,,7807,59,4,,1,15,,7808,59,4,,1,15,,7809,59,4,,1,16,,7810,59,4,,1,54,,7811,59,4,,1,14,,7812,59,4,,1,15,,7813,59,4,,1,15,,7814,59,4,,1,54,,7815,59,4,,1,14,,7816,59,4,,1,14,,7817,59,4,,1,11,,7818,59,4,,1,14,,7819,59,4,,1,54,,7820,59,4,,1,14,,7821,59,4,,1,12,,7822,59,4,,1,18,,7823,59,4,,1,55,,7824,59,4,,1,14,,7825,59,4,,1,13,,7826,59,4,,1,14,,7827,59,4,,1,55,,7828,59,4,,1,15,,7829,59,4,,1,25,,7830,59,4,,1,69,,7831,59,4,,1,29,,7832,59,4,,1,71,,7833,59,4,,1,30,,7834,59,4,,1,67,,7835,59,4,,1,29,,7836,59,4,,1,69,,7837,59,4,,1,27,,7838,59,4,,1,75,,7839,59,4,,1
