2403,'MAWeekday',548,,5929,10,0,17,1,71,,5930,10,0,17,1,36,,5931,10,0,17,1,75,,5932,10,0,17,1,76,,5933,10,0,17,1,35,,5934,10,0,17,1,74,,5935,10,0,17,1,35,,5936,10,0,17,1,69,,5937,10,0,17,1,410,,5938,10,0,17,1,71,,5939,10,0,17,1,34,,5940,10,0,17,1,76,,5941,10,0,17,1,36,,5942,10,0,17,1,76,,5943,10,0,17,1,37,,5944,10,0,17,1,74,,5945,10,0,17,1
2404,'MAWeekday',506,,5946,39,0,18 12,1,31,,5947,39,0,18 12,1,80,,5948,39,0,18 12,1,31,,5949,39,0,18 12,1,78,,5950,39,0,18 12,1,33,,5951,39,0,18 12,1,77,,5952,39,0,18 12,1,77,,5953,39,0,18 12,1,32,,5954,39,0,18 12,1,71,,5955,39,0,18 12,1,332,,5956,39,0,18 12,1,77,,5957,39,0,18 12,1,76,,5958,39,0,18 12,1,35,,5959,39,0,18 12,1,76,,5960,39,0,18 12,1,36,,5961,39,0,18 12,1,76,,5962,39,0,18 12,1,33,,5963,39,0,18 12,1,75,,5964,39,0,18 12,1
10703,'MAHoliday1',828,,12684,15,0,26 27 28 29 30,1,31,,12685,15,0,26 27 28 29 30,1,69,,12686,15,0,26 27 28 29 30,1,29,,12687,15,0,26 27 28 29 30,1,70,,12688,15,0,26 27 28 29 30,1,16,,12689,15,0,26 27 28 29 30,1,16,,12690,15,0,26 27 28 29 30,1,58,,12691,15,0,26 27 28 29 30,1,18,,12692,15,0,26 27 28 29 30,1,18,,12693,15,0,26 27 28 29 30,1,58,,12694,15,0,26 27 28 29 30,1,18,,12695,15,0,26 27 28 29 30,1,18,,12696,15,0,26 27 28 29 30,1,60,,12697,15,0,26 27 28 29 30,1,20,,12698,15,0,26 27 28 29 30,1,18,,12699,15,0,26 27 28 29 30,1,58,,12700,15,0,26 27 28 29 30,1,19,,12701,15,0,26 27 28 29 30,1,20,,12702,15,0,26 27 28 29 30,1,60,,12703,15,0,26 27 28 29 30,1,21,,12704,15,0,26 27 28 29 30,1,20,,12705,15,0,26 27 28 29 30,1,60,,12706,15,0,26 27 28 29 30,1,20,,12707,15,0,26 27 28 29 30,1,19,,12708,15,0,26 27 28 29 30,1,60,,12709,15,0,26 27 28 29 30,1,19,,12710,15,0,26 27 28 29 30,1,20,,12711,15,0,26 27 28 29 30,1,60,,12712,15,0,26 27 28 29 30,1,18,,12713,15,0,26 27 28 29 30,1,18,,12714,15,0,26 27 28 29 30,1,18,,12715,15,0,26 27 28 29 30,1,56,,12716,15,0,26 27 28 29 30,1,17,,12717,15,0,26 27 28 29 30,1,20,,12718,15,0,26 27 28 29 30,1,68,,12719,15,0,26 27 28 29 30,1,30,,12720,15,0,26 27 28 29 30,1,70,,12721,15,0,26 27 28 29 30,1,28,,12722,15,0,26 27 28 29 30,1
10703,'MASaturday',828,,12723,15,0,26 27 28 29 30,1,30,,12724,15,0,26 27 28 29 30,1,70,,12725,15,0,26 27 28 29 30,1,29,,12726,15,0,26 27 28 29 30,1,69,,12727,15,0,26 27 28 29 30,1,18,,12728,15,0,26 27 28 29 30,1,58,,12729,15,0,26 27 28 29 30,1,20,,12730,15,0,26 27 28 29 30,1,19,,12731,15,0,26 27 28 29 30,1,18,,12732,15,0,26 27 28 29 30,1,58,,12733,15,0,26 27 28 29 30,1,18,,12734,15,0,26 27 28 29 30,1,18,,12735,15,0,26 27 28 29 30,1,59,,12736,15,0,26 27 28 29 30,1,19,,12737,15,0,26 27 28 29 30,1,19,,12738,15,0,26 27 28 29 30,1,58,,12739,15,0,26 27 28 29 30,1,18,,12740,15,0,26 27 28 29 30,1,20,,12741,15,0,26 27 28 29 30,1,60,,12742,15,0,26 27 28 29 30,1,20,,12743,15,0,26 27 28 29 30,1,20,,12744,15,0,26 27 28 29 30,1,58,,12745,15,0,26 27 28 29 30,1,17,,12746,15,0,26 27 28 29 30,1,18,,12747,15,0,26 27 28 29 30,1,18,,12748,15,0,26 27 28 29 30,1,60,,12749,15,0,26 27 28 29 30,1,20,,12750,15,0,26 27 28 29 30,1,20,,12751,15,0,26 27 28 29 30,1,57,,12752,15,0,26 27 28 29 30,1,17,,12753,15,0,26 27 28 29 30,1,18,,12754,15,0,26 27 28 29 30,1,60,,12755,15,0,26 27 28 29 30,1,19,,12756,15,0,26 27 28 29 30,1,19,,12757,15,0,26 27 28 29 30,1,69,,12758,15,0,26 27 28 29 30,1,30,,12759,15,0,26 27 28 29 30,1,69,,12760,15,0,26 27 28 29 30,1,29,,12761,15,0,26 27 28 29 30,1
10703,'MASunday',828,,12762,15,0,26 27 28 29 30,1,31,,12763,15,0,26 27 28 29 30,1,69,,12764,15,0,26 27 28 29 30,1,29,,12765,15,0,26 27 28 29 30,1,70,,12766,15,0,26 27 28 29 30,1,16,,12767,15,0,26 27 28 29 30,1,16,,12768,15,0,26 27 28 29 30,1,58,,12769,15,0,26 27 28 29 30,1,18,,12770,15,0,26 27 28 29 30,1,18,,12771,15,0,26 27 28 29 30,1,58,,12772,15,0,26 27 28 29 30,1,18,,12773,15,0,26 27 28 29 30,1,18,,12774,15,0,26 27 28 29 30,1,60,,12775,15,0,26 27 28 29 30,1,20,,12776,15,0,26 27 28 29 30,1,18,,12777,15,0,26 27 28 29 30,1,58,,12778,15,0,26 27 28 29 30,1,19,,12779,15,0,26 27 28 29 30,1,20,,12780,15,0,26 27 28 29 30,1,60,,12781,15,0,26 27 28 29 30,1,21,,12782,15,0,26 27 28 29 30,1,20,,12783,15,0,26 27 28 29 30,1,60,,12784,15,0,26 27 28 29 30,1,20,,12785,15,0,26 27 28 29 30,1,19,,12786,15,0,26 27 28 29 30,1,60,,12787,15,0,26 27 28 29 30,1,19,,12788,15,0,26 27 28 29 30,1,20,,12789,15,0,26 27 28 29 30,1,60,,12790,15,0,26 27 28 29 30,1,18,,12791,15,0,26 27 28 29 30,1,18,,12792,15,0,26 27 28 29 30,1,18,,12793,15,0,26 27 28 29 30,1,56,,12794,15,0,26 27 28 29 30,1,17,,12795,15,0,26 27 28 29 30,1,20,,12796,15,0,26 27 28 29 30,1,68,,12797,15,0,26 27 28 29 30,1,30,,12798,15,0,26 27 28 29 30,1,70,,12799,15,0,26 27 28 29 30,1,28,,12800,15,0,26 27 28 29 30,1
10703,'MAWeekday',527,,12801,15,0,26 27 28 29 30,1,31,,12802,15,0,26 27 28 29 30,1,68,,12803,15,0,26 27 28 29 30,1,15,,12804,15,0,26 27 28 29 30,1,15,,12805,15,0,26 27 28 29 30,1,56,,12806,15,0,26 27 28 29 30,1,15,,12807,15,0,26 27 28 29 30,1,16,,12808,15,0,26 27 28 29 30,1,15,,12809,15,0,26 27 28 29 30,1,54,,12810,15,0,26 27 28 29 30,1,15,,12811,15,0,26 27 28 29 30,1,15,,12812,15,0,26 27 28 29 30,1,15,,12813,15,0,26 27 28 29 30,1,54,,12814,15,0,26 27 28 29 30,1,13,,12815,15,0,26 27 28 29 30,1,12,,12816,15,0,26 27 28 29 30,1,11,,12817,15,0,26 27 28 29 30,1,54,,12818,15,0,26 27 28 29 30,1,13,,12819,15,0,26 27 28 29 30,1,14,,12820,15,0,26 27 28 29 30,1,15,,12821,15,0,26 27 28 29 30,1,15,,12822,15,0,26 27 28 29 30,1,55,,12823,15,0,26 27 28 29 30,1,15,,12824,15,0,26 27 28 29 30,1,16,,12825,15,0,26 27 28 29 30,1,14,,12826,15,0,26 27 28 29 30,1,54,,12827,15,0,26 27 28 29 30,1,14,,12828,15,0,26 27 28 29 30,1,14,,12829,15,0,26 27 28 29 30,1,14,,12830,15,0,26 27 28 29 30,1,55,,12831,15,0,26 27 28 29 30,1,15,,12832,15,0,26 27 28 29 30,1,17,,12833,15,0,26 27 28 29 30,1,16,,12834,15,0,26 27 28 29 30,1,55,,12835,15,0,26 27 28 29 30,1,14,,12836,15,0,26 27 28 29 30,1,11,,12837,15,0,26 27 28 29 30,1,13,,12838,15,0,26 27 28 29 30,1,52,,12839,15,0,26 27 28 29 30,1,15,,12840,15,0,26 27 28 29 30,1,17,,12841,15,0,26 27 28 29 30,1,10,,12842,15,0,26 27 28 29 30,1,10,,12843,15,0,26 27 28 29 30,1,52,,12844,15,0,26 27 28 29 30,1,13,,12845,15,0,26 27 28 29 30,1,12,,12846,15,0,26 27 28 29 30,1,12,,12847,15,0,26 27 28 29 30,1,10,,12848,15,0,26 27 28 29 30,1,50,,12849,15,0,26 27 28 29 30,1,11,,12850,15,0,26 27 28 29 30,1,12,,12851,15,0,26 27 28 29 30,1,12,,12852,15,0,26 27 28 29 30,1,12,,12853,15,0,26 27 28 29 30,1,52,,12854,15,0,26 27 28 29 30,1,11,,12855,15,0,26 27 28 29 30,1,10,,12856,15,0,26 27 28 29 30,1,9,,12857,15,0,26 27 28 29 30,1,13,,12858,15,0,26 27 28 29 30,1,55,,12859,15,0,26 27 28 29 30,1,14,,12860,15,0,26 27 28 29 30,1,14,,12861,15,0,26 27 28 29 30,1,15,,12862,15,0,26 27 28 29 30,1,58,,12863,15,0,26 27 28 29 30,1,17,,12864,15,0,26 27 28 29 30,1,17,,12865,15,0,26 27 28 29 30,1,18,,12866,15,0,26 27 28 29 30,1,58,,12867,15,0,26 27 28 29 30,1,20,,12868,15,0,26 27 28 29 30,1,20,,12869,15,0,26 27 28 29 30,1,58,,12870,15,0,26 27 28 29 30,1,18,,12871,15,0,26 27 28 29 30,1,18,,12872,15,0,26 27 28 29 30,1,57,,12873,15,0,26 27 28 29 30,1,17,,12874,15,0,26 27 28 29 30,1,19,,12875,15,0,26 27 28 29 30,1
10704,'MAHoliday1',826,,12876,9,0,26 22 28 29 30,1,30,,12877,9,0,26 22 28 29 30,1,70,,12878,9,0,26 22 28 29 30,1,30,,12879,9,0,26 22 28 29 30,1,57,,12880,9,0,26 22 28 29 30,1,18,,12881,9,0,26 22 28 29 30,1,18,,12882,9,0,26 22 28 29 30,1,58,,12883,9,0,26 22 28 29 30,1,18,,12884,9,0,26 22 28 29 30,1,18,,12885,9,0,26 22 28 29 30,1,58,,12886,9,0,26 22 28 29 30,1,20,,12887,9,0,26 22 28 29 30,1,18,,12888,9,0,26 22 28 29 30,1,18,,12889,9,0,26 22 28 29 30,1,58,,12890,9,0,26 22 28 29 30,1,18,,12891,9,0,26 22 28 29 30,1,18,,12892,9,0,26 22 28 29 30,1,59,,12893,9,0,26 22 28 29 30,1,19,,12894,9,0,26 22 28 29 30,1,20,,12895,9,0,26 22 28 29 30,1,61,,12896,9,0,26 22 28 29 30,1,21,,12897,9,0,26 22 28 29 30,1,19,,12898,9,0,26 22 28 29 30,1,59,,12899,9,0,26 22 28 29 30,1,20,,12900,9,0,26 22 28 29 30,1,20,,12901,9,0,26 22 28 29 30,1,61,,12902,9,0,26 22 28 29 30,1,19,,12903,9,0,26 22 28 29 30,1,20,,12904,9,0,26 22 28 29 30,1,60,,12905,9,0,26 22 28 29 30,1,18,,12906,9,0,26 22 28 29 30,1,17,,12907,9,0,26 22 28 29 30,1,57,,12908,9,0,26 22 28 29 30,1,17,,12909,9,0,26 22 28 29 30,1,18,,12910,9,0,26 22 28 29 30,1,74,,12911,9,0,26 22 28 29 30,1,35,,12912,9,0,26 22 28 29 30,1,70,,12913,9,0,26 22 28 29 30,1,24,,12914,9,0,26 22 28 29 30,1
10704,'MASaturday',827,,12915,9,0,26 22 28 29 30,1,30,,12916,9,0,26 22 28 29 30,1,69,,12917,9,0,26 22 28 29 30,1,29,,12918,9,0,26 22 28 29 30,1,59,,12919,9,0,26 22 28 29 30,1,18,,12920,9,0,26 22 28 29 30,1,19,,12921,9,0,26 22 28 29 30,1,58,,12922,9,0,26 22 28 29 30,1,18,,12923,9,0,26 22 28 29 30,1,18,,12924,9,0,26 22 28 29 30,1,57,,12925,9,0,26 22 28 29 30,1,18,,12926,9,0,26 22 28 29 30,1,18,,12927,9,0,26 22 28 29 30,1,18,,12928,9,0,26 22 28 29 30,1,61,,12929,9,0,26 22 28 29 30,1,20,,12930,9,0,26 22 28 29 30,1,21,,12931,9,0,26 22 28 29 30,1,57,,12932,9,0,26 22 28 29 30,1,19,,12933,9,0,26 22 28 29 30,1,18,,12934,9,0,26 22 28 29 30,1,60,,12935,9,0,26 22 28 29 30,1,19,,12936,9,0,26 22 28 29 30,1,20,,12937,9,0,26 22 28 29 30,1,59,,12938,9,0,26 22 28 29 30,1,20,,12939,9,0,26 22 28 29 30,1,20,,12940,9,0,26 22 28 29 30,1,59,,12941,9,0,26 22 28 29 30,1,18,,12942,9,0,26 22 28 29 30,1,17,,12943,9,0,26 22 28 29 30,1,58,,12944,9,0,26 22 28 29 30,1,18,,12945,9,0,26 22 28 29 30,1,18,,12946,9,0,26 22 28 29 30,1,19,,12947,9,0,26 22 28 29 30,1,60,,12948,9,0,26 22 28 29 30,1,20,,12949,9,0,26 22 28 29 30,1,73,,12950,9,0,26 22 28 29 30,1,35,,12951,9,0,26 22 28 29 30,1,70,,12952,9,0,26 22 28 29 30,1,24,,12953,9,0,26 22 28 29 30,1
10704,'MASunday',826,,12954,9,0,26 22 28 29 30,1,30,,12955,9,0,26 22 28 29 30,1,70,,12956,9,0,26 22 28 29 30,1,30,,12957,9,0,26 22 28 29 30,1,57,,12958,9,0,26 22 28 29 30,1,18,,12959,9,0,26 22 28 29 30,1,18,,12960,9,0,26 22 28 29 30,1,58,,12961,9,0,26 22 28 29 30,1,18,,12962,9,0,26 22 28 29 30,1,18,,12963,9,0,26 22 28 29 30,1,58,,12964,9,0,26 22 28 29 30,1,20,,12965,9,0,26 22 28 29 30,1,18,,12966,9,0,26 22 28 29 30,1,18,,12967,9,0,26 22 28 29 30,1,58,,12968,9,0,26 22 28 29 30,1,18,,12969,9,0,26 22 28 29 30,1,18,,12970,9,0,26 22 28 29 30,1,59,,12971,9,0,26 22 28 29 30,1,19,,12972,9,0,26 22 28 29 30,1,20,,12973,9,0,26 22 28 29 30,1,61,,12974,9,0,26 22 28 29 30,1,21,,12975,9,0,26 22 28 29 30,1,19,,12976,9,0,26 22 28 29 30,1,59,,12977,9,0,26 22 28 29 30,1,20,,12978,9,0,26 22 28 29 30,1,20,,12979,9,0,26 22 28 29 30,1,61,,12980,9,0,26 22 28 29 30,1,19,,12981,9,0,26 22 28 29 30,1,20,,12982,9,0,26 22 28 29 30,1,60,,12983,9,0,26 22 28 29 30,1,18,,12984,9,0,26 22 28 29 30,1,17,,12985,9,0,26 22 28 29 30,1,57,,12986,9,0,26 22 28 29 30,1,17,,12987,9,0,26 22 28 29 30,1,18,,12988,9,0,26 22 28 29 30,1,74,,12989,9,0,26 22 28 29 30,1,35,,12990,9,0,26 22 28 29 30,1,70,,12991,9,0,26 22 28 29 30,1,24,,12992,9,0,26 22 28 29 30,1
10704,'MAWeekday',515,,12993,9,0,26 22 28 29 30,1,32,,12994,9,0,26 22 28 29 30,1,55,,12995,9,0,26 22 28 29 30,1,15,,12996,9,0,26 22 28 29 30,1,16,,12997,9,0,26 22 28 29 30,1,15,,12998,9,0,26 22 28 29 30,1,57,,12999,9,0,26 22 28 29 30,1,15,,13000,9,0,26 22 28 29 30,1,14,,13001,9,0,26 22 28 29 30,1,15,,13002,9,0,26 22 28 29 30,1,53,,13003,9,0,26 22 28 29 30,1,12,,13004,9,0,26 22 28 29 30,1,12,,13005,9,0,26 22 28 29 30,1,14,,13006,9,0,26 22 28 29 30,1,12,,13007,9,0,26 22 28 29 30,1,54,,13008,9,0,26 22 28 29 30,1,15,,13009,9,0,26 22 28 29 30,1,15,,13010,9,0,26 22 28 29 30,1,14,,13011,9,0,26 22 28 29 30,1,55,,13012,9,0,26 22 28 29 30,1,15,,13013,9,0,26 22 28 29 30,1,15,,13014,9,0,26 22 28 29 30,1,15,,13015,9,0,26 22 28 29 30,1,54,,13016,9,0,26 22 28 29 30,1,15,,13017,9,0,26 22 28 29 30,1,15,,13018,9,0,26 22 28 29 30,1,15,,13019,9,0,26 22 28 29 30,1,55,,13020,9,0,26 22 28 29 30,1,15,,13021,9,0,26 22 28 29 30,1,16,,13022,9,0,26 22 28 29 30,1,15,,13023,9,0,26 22 28 29 30,1,55,,13024,9,0,26 22 28 29 30,1,15,,13025,9,0,26 22 28 29 30,1,16,,13026,9,0,26 22 28 29 30,1,15,,13027,9,0,26 22 28 29 30,1,56,,13028,9,0,26 22 28 29 30,1,16,,13029,9,0,26 22 28 29 30,1,16,,13030,9,0,26 22 28 29 30,1,15,,13031,9,0,26 22 28 29 30,1,51,,13032,9,0,26 22 28 29 30,1,9,,13033,9,0,26 22 28 29 30,1,12,,13034,9,0,26 22 28 29 30,1,11,,13035,9,0,26 22 28 29 30,1,12,,13036,9,0,26 22 28 29 30,1,52,,13037,9,0,26 22 28 29 30,1,13,,13038,9,0,26 22 28 29 30,1,10,,13039,9,0,26 22 28 29 30,1,10,,13040,9,0,26 22 28 29 30,1,12,,13041,9,0,26 22 28 29 30,1,12,,13042,9,0,26 22 28 29 30,1,52,,13043,9,0,26 22 28 29 30,1,11,,13044,9,0,26 22 28 29 30,1,11,,13045,9,0,26 22 28 29 30,1,12,,13046,9,0,26 22 28 29 30,1,11,,13047,9,0,26 22 28 29 30,1,50,,13048,9,0,26 22 28 29 30,1,11,,13049,9,0,26 22 28 29 30,1,13,,13050,9,0,26 22 28 29 30,1,15,,13051,9,0,26 22 28 29 30,1,15,,13052,9,0,26 22 28 29 30,1,56,,13053,9,0,26 22 28 29 30,1,14,,13054,9,0,26 22 28 29 30,1,21,,13055,9,0,26 22 28 29 30,1,60,,13056,9,0,26 22 28 29 30,1,21,,13057,9,0,26 22 28 29 30,1,18,,13058,9,0,26 22 28 29 30,1,58,,13059,9,0,26 22 28 29 30,1,17,,13060,9,0,26 22 28 29 30,1,18,,13061,9,0,26 22 28 29 30,1,58,,13062,9,0,26 22 28 29 30,1,19,,13063,9,0,26 22 28 29 30,1,19,,13064,9,0,26 22 28 29 30,1,19,,13065,9,0,26 22 28 29 30,1,60,,13066,9,0,26 22 28 29 30,1,25,,13067,9,0,26 22 28 29 30,1
