503,'MAHoliday1',616,,1789,4,0,58,1,28,,1790,4,0,58,1,69,,1791,4,0,58,1,28,,1792,4,0,58,1,68,,1793,4,0,58,1,28,,1794,4,0,58,1,70,,1795,4,0,58,1,30,,1796,4,0,58,1,70,,1797,4,0,58,1,30,,1798,4,0,58,1,70,,1799,4,0,58,1,30,,1800,4,0,58,1,72,,1801,4,0,58,1,32,,1802,4,0,58,1,72,,1803,4,0,58,1,34,,1804,4,0,58,1,74,,1805,4,0,58,1,34,,1806,4,0,58,1,74,,1807,4,0,58,1,72,,1808,4,0,58,1,32,,1809,4,0,58,1,72,,1810,4,0,58,1,32,,1811,4,0,58,1,72,,1812,4,0,58,1,32,,1813,4,0,58,1,70,,1814,4,0,58,1,30,,1815,4,0,58,1,70,,1816,4,0,58,1,30,,1817,4,0,58,1,66,,1818,4,0,58,1,25,,1819,4,0,58,1
503,'MASaturday',436,,1820,4,0,58,1,66,,1821,4,0,58,1,26,,1822,4,0,58,1,26,,1823,4,0,58,1,66,,1824,4,0,58,1,26,,1825,4,0,58,1,66,,1826,4,0,58,1,28,,1827,4,0,58,1,68,,1828,4,0,58,1,28,,1829,4,0,58,1,68,,1830,4,0,58,1,28,,1831,4,0,58,1,68,,1832,4,0,58,1,24,,1833,4,0,58,1,24,,1834,4,0,58,1,64,,1835,4,0,58,1,24,,1836,4,0,58,1,64,,1837,4,0,58,1,26,,1838,4,0,58,1,26,,1839,4,0,58,1,66,,1840,4,0,58,1,26,,1841,4,0,58,1,66,,1842,4,0,58,1,26,,1843,4,0,58,1,66,,1844,4,0,58,1,26,,1845,4,0,58,1,26,,1846,4,0,58,1,66,,1847,4,0,58,1,26,,1848,4,0,58,1,66,,1849,4,0,58,1,26,,1850,4,0,58,1,66,,1851,4,0,58,1,26,,1852,4,0,58,1,26,,1853,4,0,58,1,66,,1854,4,0,58,1,25,,1855,4,0,58,1,65,,1856,4,0,58,1,25,,1857,4,0,58,1,66,,1858,4,0,58,1,26,,1859,4,0,58,1,80,,1860,4,0,58,1,40,,1861,4,0,58,1,74,,1862,4,0,58,1,34,,1863,4,0,58,1,75,,1864,4,0,58,1
503,'MASunday',616,,1865,4,0,58,1,28,,1866,4,0,58,1,69,,1867,4,0,58,1,28,,1868,4,0,58,1,68,,1869,4,0,58,1,28,,1870,4,0,58,1,70,,1871,4,0,58,1,30,,1872,4,0,58,1,70,,1873,4,0,58,1,30,,1874,4,0,58,1,70,,1875,4,0,58,1,30,,1876,4,0,58,1,72,,1877,4,0,58,1,32,,1878,4,0,58,1,72,,1879,4,0,58,1,34,,1880,4,0,58,1,74,,1881,4,0,58,1,34,,1882,4,0,58,1,74,,1883,4,0,58,1,72,,1884,4,0,58,1,32,,1885,4,0,58,1,72,,1886,4,0,58,1,32,,1887,4,0,58,1,72,,1888,4,0,58,1,32,,1889,4,0,58,1,70,,1890,4,0,58,1,30,,1891,4,0,58,1,70,,1892,4,0,58,1,30,,1893,4,0,58,1,66,,1894,4,0,58,1,25,,1895,4,0,58,1
503,'MAWeekday',401,,1896,4,0,58,1,31,,1897,4,0,58,1,25,,1898,4,0,58,1,65,,1899,4,0,58,1,20,,1900,4,0,58,1,60,,1901,4,0,58,1,15,,1902,4,0,58,1,15,,1903,4,0,58,1,15,,1904,4,0,58,1,55,,1905,4,0,58,1,15,,1906,4,0,58,1,15,,1907,4,0,58,1,15,,1908,4,0,58,1,55,,1909,4,0,58,1,15,,1910,4,0,58,1,15,,1911,4,0,58,1,15,,1912,4,0,58,1,55,,1913,4,0,58,1,15,,1914,4,0,58,1,15,,1915,4,0,58,1,15,,1916,4,0,58,1,55,,1917,4,0,58,1,15,,1918,4,0,58,1,15,,1919,4,0,58,1,15,,1920,4,0,58,1,55,,1921,4,0,58,1,15,,1922,4,0,58,1,15,,1923,4,0,58,1,14,,1924,4,0,58,1,54,,1925,4,0,58,1,14,,1926,4,0,58,1,14,,1927,4,0,58,1,14,,1928,4,0,58,1,15,,1929,4,0,58,1,55,,1930,4,0,58,1,15,,1931,4,0,58,1,15,,1932,4,0,58,1,15,,1933,4,0,58,1,55,,1934,4,0,58,1,15,,1935,4,0,58,1,15,,1936,4,0,58,1,15,,1937,4,0,58,1,55,,1938,4,0,58,1,15,,1939,4,0,58,1,15,,1940,4,0,58,1,15,,1941,4,0,58,1,55,,1942,4,0,58,1,15,,1943,4,0,58,1,15,,1944,4,0,58,1,15,,1945,4,0,58,1,55,,1946,4,0,58,1,15,,1947,4,0,58,1,15,,1948,4,0,58,1,15,,1949,4,0,58,1,55,,1950,4,0,58,1,20,,1951,4,0,58,1,20,,1952,4,0,58,1,60,,1953,4,0,58,1,20,,1954,4,0,58,1,18,,1955,4,0,58,1,64,,1956,4,0,58,1,24,,1957,4,0,58,1,64,,1958,4,0,58,1,32,,1959,4,0,58,1,74,,1960,4,0,58,1,40,,1961,4,0,58,1,80,,1962,4,0,58,1,78,,1963,4,0,58,1,38,,1964,4,0,58,1,78,,1965,4,0,58,1,35,,1966,4,0,58,1
2302,'CPHoliday1',731,,5781,4,0,6 7,1,69,,5782,4,0,6 7,1,28,,5783,4,0,6 7,1,28,,5784,4,0,6 7,1,68,,5785,4,0,6 7,1,28,,5786,4,0,6 7,1,68,,5787,4,0,6 7,1,28,,5788,4,0,6 7,1,62,,5789,4,0,6 7,1,22,,5790,4,0,6 7,1,24,,5791,4,0,6 7,1,64,,5792,4,0,6 7,1,24,,5793,4,0,6 7,1,65,,5794,4,0,6 7,1,24,,5760,4,0,6 7,1,24,,5761,4,0,6 7,1,63,,5762,4,0,6 7,1,24,,5763,4,0,6 7,1,65,,5764,4,0,6 7,1,25,,5765,4,0,6 7,1,66,,5766,4,0,6 7,1,25,,5767,4,0,6 7,1,25,,5768,4,0,6 7,1,65,,5769,4,0,6 7,1,25,,5770,4,0,6 7,1,64,,5771,4,0,6 7,1,25,,5772,4,0,6 7,1,22,,5773,4,0,6 7,1,62,,5774,4,0,6 7,1,30,,5775,4,0,6 7,1,70,,5776,4,0,6 7,1,30,,5777,4,0,6 7,1,70,,5778,4,0,6 7,1,30,,5779,4,0,6 7,1,72,,5780,4,0,6 7,1,27,,5795,4,0,6 7,1,65,,5796,4,0,6 7,1,25,,5797,4,0,6 7,1,25,,5798,4,0,6 7,1,65,,5799,4,0,6 7,1
2302,'CPSaturday',532,,5800,4,0,6 7,1,26,,5801,4,0,6 7,1,66,,5802,4,0,6 7,1,28,,5803,4,0,6 7,1,68,,5804,4,0,6 7,1,28,,5805,4,0,6 7,1,68,,5806,4,0,6 7,1,28,,5807,4,0,6 7,1,68,,5808,4,0,6 7,1,22,,5809,4,0,6 7,1,22,,5810,4,0,6 7,1,62,,5811,4,0,6 7,1,22,,5812,4,0,6 7,1,64,,5813,4,0,6 7,1,25,,5814,4,0,6 7,1,25,,5815,4,0,6 7,1,65,,5816,4,0,6 7,1,25,,5817,4,0,6 7,1,66,,5818,4,0,6 7,1,25,,5819,4,0,6 7,1,66,,5820,4,0,6 7,1,26,,5821,4,0,6 7,1,26,,5822,4,0,6 7,1,65,,5823,4,0,6 7,1,26,,5824,4,0,6 7,1,66,,5825,4,0,6 7,1,26,,5826,4,0,6 7,1,66,,5827,4,0,6 7,1,26,,5828,4,0,6 7,1,26,,5829,4,0,6 7,1,66,,5830,4,0,6 7,1,26,,5831,4,0,6 7,1,64,,5832,4,0,6 7,1,24,,5833,4,0,6 7,1,24,,5834,4,0,6 7,1,64,,5835,4,0,6 7,1,30,,5836,4,0,6 7,1,70,,5837,4,0,6 7,1,28,,5838,4,0,6 7,1,68,,5839,4,0,6 7,1,28,,5840,4,0,6 7,1,66,,5841,4,0,6 7,1,26,,5842,4,0,6 7,1,65,,5843,4,0,6 7,1,25,,5844,4,0,6 7,1,25,,5845,4,0,6 7,1,64,,5846,4,0,6 7,1
2302,'CPSunday',731,,5868,4,0,6 7,1,69,,5869,4,0,6 7,1,28,,5870,4,0,6 7,1,28,,5871,4,0,6 7,1,68,,5872,4,0,6 7,1,28,,5873,4,0,6 7,1,68,,5874,4,0,6 7,1,28,,5875,4,0,6 7,1,62,,5876,4,0,6 7,1,22,,5877,4,0,6 7,1,24,,5878,4,0,6 7,1,64,,5879,4,0,6 7,1,24,,5880,4,0,6 7,1,65,,5881,4,0,6 7,1,24,,5847,4,0,6 7,1,24,,5848,4,0,6 7,1,63,,5849,4,0,6 7,1,24,,5850,4,0,6 7,1,65,,5851,4,0,6 7,1,25,,5852,4,0,6 7,1,66,,5853,4,0,6 7,1,25,,5854,4,0,6 7,1,25,,5855,4,0,6 7,1,65,,5856,4,0,6 7,1,25,,5857,4,0,6 7,1,64,,5858,4,0,6 7,1,25,,5859,4,0,6 7,1,22,,5860,4,0,6 7,1,62,,5861,4,0,6 7,1,30,,5862,4,0,6 7,1,70,,5863,4,0,6 7,1,30,,5864,4,0,6 7,1,70,,5865,4,0,6 7,1,30,,5866,4,0,6 7,1,72,,5867,4,0,6 7,1
2302,'CPWeekday',454,,5920,4,0,6 7,1,64,,5906,4,0,6 7,1,28,,5905,4,0,6 7,1,62,,5904,4,0,6 7,1,22,,5925,4,0,6 7,1,22,,5912,4,0,6 7,1,64,,5894,4,0,6 7,1,25,,5890,4,0,6 7,1,64,,5922,4,0,6 7,1,24,,5909,4,0,6 7,1,26,,5891,4,0,6 7,1,65,,5888,4,0,6 7,1,26,,5923,4,0,6 7,1,66,,5910,4,0,6 7,1,26,,5892,4,0,6 7,1,66,,5889,4,0,6 7,1,26,,5924,4,0,6 7,1,26,,5913,4,0,6 7,1,62,,5895,4,0,6 7,1,24,,5887,4,0,6 7,1,66,,5921,4,0,6 7,1,26,,5911,4,0,6 7,1,67,,5893,4,0,6 7,1,26,,5886,4,0,6 7,1,26,,5926,4,0,6 7,1,66,,5908,4,0,6 7,1,30,,5896,4,0,6 7,1,66,,5885,4,0,6 7,1,28,,5927,4,0,6 7,1,68,,5914,4,0,6 7,1,28,,5897,4,0,6 7,1,66,,5883,4,0,6 7,1,23,,5928,4,0,6 7,1,28,,5915,4,0,6 7,1,68,,5898,4,0,6 7,1,30,,5884,4,0,6 7,1,70,,5916,4,0,6 7,1,30,,5901,4,0,6 7,1,70,,5882,4,0,6 7,1,28,,5919,4,0,6 7,1,80,,5899,4,0,6 7,1,80,,5917,4,0,6 7,1,40,,5900,4,0,6 7,1,79,,5918,4,0,6 7,1,76,,5903,4,0,6 7,1,34,,5907,4,0,6 7,1,74,,5902,4,0,6 7,1
3103,'CPHoliday1',605,,7097,4,0,13 7,1,109,,7098,4,0,13 7,1,32,,7099,4,0,13 7,1,69,,7100,4,0,13 7,1,30,,7101,4,0,13 7,1,72,,7102,4,0,13 7,1,30,,7103,4,0,13 7,1,70,,7104,4,0,13 7,1,30,,7105,4,0,13 7,1,70,,7106,4,0,13 7,1,30,,7107,4,0,13 7,1,70,,7108,4,0,13 7,1,30,,7109,4,0,13 7,1,70,,7110,4,0,13 7,1,30,,7111,4,0,13 7,1,70,,7112,4,0,13 7,1,30,,7113,4,0,13 7,1,70,,7114,4,0,13 7,1,30,,7115,4,0,13 7,1,70,,7116,4,0,13 7,1,30,,7117,4,0,13 7,1,70,,7118,4,0,13 7,1,30,,7119,4,0,13 7,1,70,,7120,4,0,13 7,1,30,,7121,4,0,13 7,1,70,,7122,4,0,13 7,1,30,,7123,4,0,13 7,1,70,,7124,4,0,13 7,1,30,,7125,4,0,13 7,1,70,,7126,4,0,13 7,1
3103,'CPSaturday',507,,7127,4,0,13 7,1,99,,7128,4,0,13 7,1,100,,7129,4,0,13 7,1,31,,7130,4,0,13 7,1,80,,7131,4,0,13 7,1,30,,7132,4,0,13 7,1,70,,7133,4,0,13 7,1,30,,7134,4,0,13 7,1,70,,7135,4,0,13 7,1,30,,7136,4,0,13 7,1,70,,7137,4,0,13 7,1,30,,7138,4,0,13 7,1,70,,7139,4,0,13 7,1,30,,7140,4,0,13 7,1,70,,7141,4,0,13 7,1,30,,7142,4,0,13 7,1,70,,7143,4,0,13 7,1,30,,7144,4,0,13 7,1,70,,7145,4,0,13 7,1,30,,7146,4,0,13 7,1,70,,7147,4,0,13 7,1,30,,7148,4,0,13 7,1,70,,7149,4,0,13 7,1,30,,7150,4,0,13 7,1,70,,7151,4,0,13 7,1,30,,7152,4,0,13 7,1,70,,7153,4,0,13 7,1,30,,7154,4,0,13 7,1,70,,7155,4,0,13 7,1,30,,7156,4,0,13 7,1,70,,7157,4,0,13 7,1,30,,7158,4,0,13 7,1,70,,7159,4,0,13 7,1,34,,7160,4,0,13 7,1
3103,'CPSunday',605,,7161,4,0,13 7,1,109,,7162,4,0,13 7,1,32,,7163,4,0,13 7,1,69,,7164,4,0,13 7,1,30,,7165,4,0,13 7,1,72,,7166,4,0,13 7,1,30,,7167,4,0,13 7,1,70,,7168,4,0,13 7,1,30,,7169,4,0,13 7,1,70,,7170,4,0,13 7,1,30,,7171,4,0,13 7,1,70,,7172,4,0,13 7,1,30,,7173,4,0,13 7,1,70,,7174,4,0,13 7,1,30,,7175,4,0,13 7,1,70,,7176,4,0,13 7,1,30,,7177,4,0,13 7,1,70,,7178,4,0,13 7,1,30,,7179,4,0,13 7,1,70,,7180,4,0,13 7,1,30,,7181,4,0,13 7,1,70,,7182,4,0,13 7,1,30,,7183,4,0,13 7,1,70,,7184,4,0,13 7,1,30,,7185,4,0,13 7,1,70,,7186,4,0,13 7,1,30,,7187,4,0,13 7,1,70,,7188,4,0,13 7,1,30,,7189,4,0,13 7,1,70,,7190,4,0,13 7,1
3103,'CPWeekday',402,,7191,4,0,13 7,1,28,,7192,4,0,13 7,1,28,,7193,4,0,13 7,1,70,,7194,4,0,13 7,1,73,,7195,4,0,13 7,1,31,,7196,4,0,13 7,1,72,,7197,4,0,13 7,1,28,,7198,4,0,13 7,1,18,,7199,4,0,13 7,1,55,,7200,4,0,13 7,1,29,,7201,4,0,13 7,1,16,,7202,4,0,13 7,1,64,,7203,4,0,13 7,1,21,,7204,4,0,13 7,1,74,,7205,4,0,13 7,1,35,,7206,4,0,13 7,1,71,,7207,4,0,13 7,1,30,,7208,4,0,13 7,1,69,,7209,4,0,13 7,1,30,,7210,4,0,13 7,1,72,,7211,4,0,13 7,1,30,,7212,4,0,13 7,1,70,,7213,4,0,13 7,1,30,,7214,4,0,13 7,1,70,,7215,4,0,13 7,1,20,,7216,4,0,13 7,1,15,,7217,4,0,13 7,1,62,,7218,4,0,13 7,1,22,,7219,4,0,13 7,1,19,,7220,4,0,13 7,1,59,,7221,4,0,13 7,1,22,,7222,4,0,13 7,1,18,,7223,4,0,13 7,1,58,,7224,4,0,13 7,1,21,,7225,4,0,13 7,1,21,,7226,4,0,13 7,1,65,,7227,4,0,13 7,1,29,,7228,4,0,13 7,1,70,,7229,4,0,13 7,1,30,,7230,4,0,13 7,1,70,,7231,4,0,13 7,1,30,,7232,4,0,13 7,1,70,,7233,4,0,13 7,1,30,,7234,4,0,13 7,1,70,,7235,4,0,13 7,1,30,,7236,4,0,13 7,1,70,,7237,4,0,13 7,1,30,,7238,4,0,13 7,1,70,,7239,4,0,13 7,1,30,,7240,4,0,13 7,1
