703,'CPWeekday',246,,2361,28,0,17,1,81,,2362,28,0,17,1,81,,2363,28,0,17,1,42,,2364,28,0,17,1,84,,2365,28,0,17,1,82,,2374,28,0,17,1,18,,2371,28,0,17,1,176,,2366,28,0,17,1,46,,2373,28,0,17,1,60,,2372,28,0,17,1,136,,2367,28,0,17,1,276,,2368,28,0,17,1,295,,2369,28,0,17,1,291,,2370,28,0,17,1
703,'MAHoliday1',443,,2375,28,0,17,1,62,,2376,28,0,17,1,20,,2377,28,0,17,1,23,,2378,28,0,17,1,62,,2379,28,0,17,1,22,,2380,28,0,17,1,21,,2381,28,0,17,1,62,,2382,28,0,17,1,21,,2383,28,0,17,1,22,,2384,28,0,17,1,62,,2385,28,0,17,1,21,,2386,28,0,17,1,62,,2387,28,0,17,1,23,,2388,28,0,17,1,23,,2389,28,0,17,1,62,,2390,28,0,17,1,23,,2391,28,0,17,1,24,,2392,28,0,17,1,65,,2393,28,0,17,1,25,,2394,28,0,17,1,64,,2395,28,0,17,1,24,,2396,28,0,17,1,64,,2397,28,0,17,1,24,,2398,28,0,17,1,23,,2399,28,0,17,1,64,,2400,28,0,17,1,24,,2401,28,0,17,1,24,,2402,28,0,17,1,64,,2403,28,0,17,1,24,,2404,28,0,17,1,65,,2405,28,0,17,1,24,,2406,28,0,17,1,23,,2407,28,0,17,1,65,,2408,28,0,17,1,24,,2409,28,0,17,1,64,,2410,28,0,17,1,22,,2411,28,0,17,1,22,,2412,28,0,17,1,64,,2413,28,0,17,1,21,,2414,28,0,17,1,61,,2415,28,0,17,1,22,,2416,28,0,17,1,22,,2417,28,0,17,1,63,,2418,28,0,17,1,21,,2419,28,0,17,1,22,,2420,28,0,17,1,62,,2421,28,0,17,1,21,,2422,28,0,17,1,22,,2423,28,0,17,1,63,,2424,28,0,17,1,25,,2425,28,0,17,1,63,,2426,28,0,17,1,24,,2427,28,0,17,1,25,,2428,28,0,17,1
703,'MASaturday',407,,2429,28,0,17,1,22,,2430,28,0,17,1,22,,2431,28,0,17,1,63,,2432,28,0,17,1,22,,2433,28,0,17,1,22,,2434,28,0,17,1,62,,2435,28,0,17,1,22,,2436,28,0,17,1,62,,2437,28,0,17,1,23,,2438,28,0,17,1,22,,2439,28,0,17,1,66,,2440,28,0,17,1,27,,2441,28,0,17,1,65,,2442,28,0,17,1,25,,2443,28,0,17,1,26,,2444,28,0,17,1,65,,2445,28,0,17,1,24,,2446,28,0,17,1,63,,2447,28,0,17,1,25,,2448,28,0,17,1,24,,2449,28,0,17,1,64,,2450,28,0,17,1,25,,2451,28,0,17,1,65,,2452,28,0,17,1,27,,2453,28,0,17,1,66,,2454,28,0,17,1,25,,2455,28,0,17,1,26,,2456,28,0,17,1,65,,2457,28,0,17,1,25,,2458,28,0,17,1,63,,2459,28,0,17,1,25,,2460,28,0,17,1,24,,2461,28,0,17,1,65,,2462,28,0,17,1,24,,2463,28,0,17,1,65,,2464,28,0,17,1,25,,2465,28,0,17,1,65,,2466,28,0,17,1,24,,2467,28,0,17,1,22,,2468,28,0,17,1,61,,2469,28,0,17,1,22,,2470,28,0,17,1,22,,2471,28,0,17,1,62,,2472,28,0,17,1,21,,2473,28,0,17,1,22,,2474,28,0,17,1,61,,2475,28,0,17,1,22,,2476,28,0,17,1,62,,2477,28,0,17,1,21,,2478,28,0,17,1,18,,2479,28,0,17,1,60,,2480,28,0,17,1,20,,2481,28,0,17,1,19,,2482,28,0,17,1,59,,2483,28,0,17,1,20,,2484,28,0,17,1
703,'MASunday',443,,2485,28,0,17,1,62,,2486,28,0,17,1,20,,2487,28,0,17,1,23,,2488,28,0,17,1,62,,2489,28,0,17,1,22,,2490,28,0,17,1,21,,2491,28,0,17,1,62,,2492,28,0,17,1,21,,2493,28,0,17,1,22,,2494,28,0,17,1,62,,2495,28,0,17,1,21,,2496,28,0,17,1,62,,2497,28,0,17,1,23,,2498,28,0,17,1,23,,2499,28,0,17,1,62,,2500,28,0,17,1,23,,2501,28,0,17,1,24,,2502,28,0,17,1,65,,2503,28,0,17,1,25,,2504,28,0,17,1,64,,2505,28,0,17,1,24,,2506,28,0,17,1,64,,2507,28,0,17,1,24,,2508,28,0,17,1,23,,2509,28,0,17,1,64,,2510,28,0,17,1,24,,2511,28,0,17,1,24,,2512,28,0,17,1,64,,2513,28,0,17,1,24,,2514,28,0,17,1,65,,2515,28,0,17,1,24,,2516,28,0,17,1,23,,2517,28,0,17,1,65,,2518,28,0,17,1,24,,2519,28,0,17,1,64,,2520,28,0,17,1,22,,2521,28,0,17,1,22,,2522,28,0,17,1,64,,2523,28,0,17,1,21,,2524,28,0,17,1,61,,2525,28,0,17,1,22,,2526,28,0,17,1,22,,2527,28,0,17,1,63,,2528,28,0,17,1,21,,2529,28,0,17,1,22,,2530,28,0,17,1,62,,2531,28,0,17,1,21,,2532,28,0,17,1,22,,2533,28,0,17,1,63,,2534,28,0,17,1,25,,2535,28,0,17,1,63,,2536,28,0,17,1
703,'MAWeekday',511,,2575,28,0,17,1,47,,2537,28,0,17,1,98,,2538,28,0,17,1,65,,2539,28,0,17,1,25,,2574,28,0,17,1,89,,2540,28,0,17,1,101,,2541,28,0,17,1,23,,2542,28,0,17,1,65,,2543,28,0,17,1,95,,2544,28,0,17,1,27,,2576,28,0,17,1,66,,2545,28,0,17,1,26,,2546,28,0,17,1,65,,2547,28,0,17,1,51,,2548,28,0,17,1,64,,2549,28,0,17,1,24,,2577,28,0,17,1,64,,2550,28,0,17,1,26,,2551,28,0,17,1,25,,2552,28,0,17,1,91,,2553,28,0,17,1,65,,2554,28,0,17,1,24,,2555,28,0,17,1,65,,2556,28,0,17,1,23,,2557,28,0,17,1,24,,2558,28,0,17,1,87,,2559,28,0,17,1,22,,2560,28,0,17,1,62,,2561,28,0,17,1,22,,2562,28,0,17,1,63,,2563,28,0,17,1,29,,2564,28,0,17,1,70,,2565,28,0,17,1,25,,2566,28,0,17,1,25,,2567,28,0,17,1,70,,2568,28,0,17,1,28,,2569,28,0,17,1,72,,2570,28,0,17,1,34,,2571,28,0,17,1,74,,2572,28,0,17,1,73,,2573,28,0,17,1
3901,'CPHoliday1',651,,8306,75,4,,1,78,,8300,75,4,,1,83,,8295,75,4,,1,38,,8291,75,4,,1,81,,8307,75,4,,1,84,,8298,75,4,,1,42,,8296,75,4,,1,84,,8290,75,4,,1,83,,8305,75,4,,1,85,,8299,75,4,,1,47,,8292,75,4,,1,85,,8289,75,4,,1,85,,8308,75,4,,1,85,,8302,75,4,,1,45,,8293,75,4,,1,83,,8288,75,4,,1,85,,8309,75,4,,1,84,,8301,75,4,,1,40,,8294,75,4,,1,84,,8287,75,4,,1,82,,8304,75,4,,1,40,,8303,75,4,,1,81,,8297,75,4,,1,75,,8286,75,4,,1
3901,'CPSaturday',900,,8314,75,4,,1,247,,8313,75,4,,1,302,,8312,75,4,,1,272,,8315,75,4,,1,30,,8311,75,4,,1,260,,8316,75,4,,1,28,,8310,75,4,,1,206,,8317,75,4,,1
3901,'CPSunday',651,,8338,75,4,,1,78,,8332,75,4,,1,83,,8327,75,4,,1,38,,8323,75,4,,1,81,,8339,75,4,,1,84,,8330,75,4,,1,42,,8328,75,4,,1,84,,8322,75,4,,1,83,,8337,75,4,,1,85,,8331,75,4,,1,47,,8324,75,4,,1,85,,8321,75,4,,1,85,,8340,75,4,,1,85,,8334,75,4,,1,45,,8325,75,4,,1,83,,8320,75,4,,1,85,,8341,75,4,,1,84,,8333,75,4,,1,40,,8326,75,4,,1,84,,8319,75,4,,1,82,,8336,75,4,,1,40,,8335,75,4,,1,81,,8329,75,4,,1,75,,8318,75,4,,1
3901,'MASaturday',650,,8365,75,4,,1,66,,8364,75,4,,1,28,,8358,75,4,,1,66,,8357,75,4,,1,25,,8368,75,4,,1,91,,8359,75,4,,1,28,,8352,75,4,,1,66,,8350,75,4,,1,30,,8351,75,4,,1,68,,8367,75,4,,1,98,,8363,75,4,,1,31,,8353,75,4,,1,71,,8347,75,4,,1,30,,8345,75,4,,1,71,,8366,75,4,,1,100,,8362,75,4,,1,30,,8356,75,4,,1,71,,8348,75,4,,1,30,,8343,75,4,,1,169,,8360,75,4,,1,27,,8355,75,4,,1,69,,8346,75,4,,1,30,,8342,75,4,,1,162,,8361,75,4,,1,25,,8354,75,4,,1,26,,8349,75,4,,1,64,,8344,75,4,,1
3901,'MAWeekday',523,,8369,43,4,,1,92,,8370,76,4,,1,26,,8371,76,4,,1,64,,8372,76,4,,1,22,,8373,76,4,,1,19,,8374,76,4,,1,61,,8375,76,4,,1,19,,8376,76,4,,1,20,,8377,76,4,,1,63,,8378,76,4,,1,24,,8379,76,4,,1,20,,8380,75,4,,1,71,,8381,75,4,,1,35,,8382,75,4,,1,77,,8383,75,4,,1,77,,8384,75,4,,1,38,,8385,75,4,,1,77,,8386,75,4,,1,76,,8387,75,4,,1,34,,8388,75,4,,1,65,,8389,75,4,,1,29,,8390,76,4,,1,20,,8391,76,4,,1,61,,8392,76,4,,1,21,,8393,76,4,,1,22,,8394,76,4,,1,58,,8395,76,4,,1,19,,8396,76,4,,1,17,,8397,76,4,,1,59,,8398,76,4,,1,21,,8399,76,4,,1,22,,8400,76,4,,1,59,,8401,76,4,,1,21,,8402,76,4,,1,16,,8403,75,4,,1,62,,8404,75,4,,1,22,,8405,75,4,,1,18,,8406,75,4,,1,75,,8407,75,4,,1,77,,8408,75,4,,1,41,,8409,75,4,,1,80,,8410,75,4,,1,77,,8411,75,4,,1,35,,8412,75,4,,1,73,,8413,75,4,,1,33,,8414,75,4,,1,74,,8415,75,4,,1
10703,'MAHoliday1',817,,12684,10,0,26 27 28 29 30,1,30,,12685,10,0,26 27 28 29 30,1,69,,12686,10,0,26 27 28 29 30,1,29,,12687,10,0,26 27 28 29 30,1,70,,12688,10,0,26 27 28 29 30,1,16,,12689,10,0,26 27 28 29 30,1,16,,12690,10,0,26 27 28 29 30,1,58,,12691,10,0,26 27 28 29 30,1,18,,12692,10,0,26 27 28 29 30,1,18,,12693,10,0,26 27 28 29 30,1,18,,12694,10,0,26 27 28 29 30,1,58,,12695,10,0,26 27 28 29 30,1,18,,12696,10,0,26 27 28 29 30,1,19,,12697,10,0,26 27 28 29 30,1,59,,12698,10,0,26 27 28 29 30,1,18,,12699,10,0,26 27 28 29 30,1,18,,12700,10,0,26 27 28 29 30,1,58,,12701,10,0,26 27 28 29 30,1,20,,12702,10,0,26 27 28 29 30,1,20,,12703,10,0,26 27 28 29 30,1,60,,12704,10,0,26 27 28 29 30,1,20,,12705,10,0,26 27 28 29 30,1,20,,12706,10,0,26 27 28 29 30,1,60,,12707,10,0,26 27 28 29 30,1,20,,12708,10,0,26 27 28 29 30,1,20,,12709,10,0,26 27 28 29 30,1,60,,12710,10,0,26 27 28 29 30,1,20,,12711,10,0,26 27 28 29 30,1,20,,12712,10,0,26 27 28 29 30,1,58,,12713,10,0,26 27 28 29 30,1,18,,12714,10,0,26 27 28 29 30,1,18,,12715,10,0,26 27 28 29 30,1,18,,12716,10,0,26 27 28 29 30,1,57,,12717,10,0,26 27 28 29 30,1,20,,12718,10,0,26 27 28 29 30,1,68,,12719,10,0,26 27 28 29 30,1,30,,12720,10,0,26 27 28 29 30,1,70,,12721,10,0,26 27 28 29 30,1,29,,12722,10,0,26 27 28 29 30,1
10703,'MASaturday',817,,12723,10,0,26 27 28 29 30,1,29,,12724,10,0,26 27 28 29 30,1,70,,12725,10,0,26 27 28 29 30,1,29,,12726,10,0,26 27 28 29 30,1,69,,12727,10,0,26 27 28 29 30,1,18,,12728,10,0,26 27 28 29 30,1,18,,12729,10,0,26 27 28 29 30,1,59,,12730,10,0,26 27 28 29 30,1,19,,12731,10,0,26 27 28 29 30,1,18,,12732,10,0,26 27 28 29 30,1,58,,12733,10,0,26 27 28 29 30,1,18,,12734,10,0,26 27 28 29 30,1,18,,12735,10,0,26 27 28 29 30,1,18,,12736,10,0,26 27 28 29 30,1,59,,12737,10,0,26 27 28 29 30,1,19,,12738,10,0,26 27 28 29 30,1,18,,12739,10,0,26 27 28 29 30,1,58,,12740,10,0,26 27 28 29 30,1,19,,12741,10,0,26 27 28 29 30,1,20,,12742,10,0,26 27 28 29 30,1,60,,12743,10,0,26 27 28 29 30,1,20,,12744,10,0,26 27 28 29 30,1,18,,12745,10,0,26 27 28 29 30,1,58,,12746,10,0,26 27 28 29 30,1,18,,12747,10,0,26 27 28 29 30,1,18,,12748,10,0,26 27 28 29 30,1,60,,12749,10,0,26 27 28 29 30,1,20,,12750,10,0,26 27 28 29 30,1,20,,12751,10,0,26 27 28 29 30,1,58,,12752,10,0,26 27 28 29 30,1,17,,12753,10,0,26 27 28 29 30,1,18,,12754,10,0,26 27 28 29 30,1,20,,12755,10,0,26 27 28 29 30,1,59,,12756,10,0,26 27 28 29 30,1,20,,12757,10,0,26 27 28 29 30,1,69,,12758,10,0,26 27 28 29 30,1,30,,12759,10,0,26 27 28 29 30,1,70,,12760,10,0,26 27 28 29 30,1,29,,12761,10,0,26 27 28 29 30,1
10703,'MASunday',817,,12762,10,0,26 27 28 29 30,1,30,,12763,10,0,26 27 28 29 30,1,69,,12764,10,0,26 27 28 29 30,1,29,,12765,10,0,26 27 28 29 30,1,70,,12766,10,0,26 27 28 29 30,1,16,,12767,10,0,26 27 28 29 30,1,16,,12768,10,0,26 27 28 29 30,1,58,,12769,10,0,26 27 28 29 30,1,18,,12770,10,0,26 27 28 29 30,1,18,,12771,10,0,26 27 28 29 30,1,18,,12772,10,0,26 27 28 29 30,1,58,,12773,10,0,26 27 28 29 30,1,18,,12774,10,0,26 27 28 29 30,1,19,,12775,10,0,26 27 28 29 30,1,59,,12776,10,0,26 27 28 29 30,1,18,,12777,10,0,26 27 28 29 30,1,18,,12778,10,0,26 27 28 29 30,1,58,,12779,10,0,26 27 28 29 30,1,20,,12780,10,0,26 27 28 29 30,1,20,,12781,10,0,26 27 28 29 30,1,60,,12782,10,0,26 27 28 29 30,1,20,,12783,10,0,26 27 28 29 30,1,20,,12784,10,0,26 27 28 29 30,1,60,,12785,10,0,26 27 28 29 30,1,20,,12786,10,0,26 27 28 29 30,1,20,,12787,10,0,26 27 28 29 30,1,60,,12788,10,0,26 27 28 29 30,1,20,,12789,10,0,26 27 28 29 30,1,20,,12790,10,0,26 27 28 29 30,1,58,,12791,10,0,26 27 28 29 30,1,18,,12792,10,0,26 27 28 29 30,1,18,,12793,10,0,26 27 28 29 30,1,18,,12794,10,0,26 27 28 29 30,1,57,,12795,10,0,26 27 28 29 30,1,20,,12796,10,0,26 27 28 29 30,1,68,,12797,10,0,26 27 28 29 30,1,30,,12798,10,0,26 27 28 29 30,1,70,,12799,10,0,26 27 28 29 30,1,29,,12800,10,0,26 27 28 29 30,1
10703,'MAWeekday',515,,12801,10,0,26 27 28 29 30,1,31,,12802,10,0,26 27 28 29 30,1,66,,12803,10,0,26 27 28 29 30,1,15,,12804,10,0,26 27 28 29 30,1,15,,12805,10,0,26 27 28 29 30,1,15,,12806,10,0,26 27 28 29 30,1,55,,12807,10,0,26 27 28 29 30,1,16,,12808,10,0,26 27 28 29 30,1,15,,12809,10,0,26 27 28 29 30,1,14,,12810,10,0,26 27 28 29 30,1,55,,12811,10,0,26 27 28 29 30,1,15,,12812,10,0,26 27 28 29 30,1,15,,12813,10,0,26 27 28 29 30,1,14,,12814,10,0,26 27 28 29 30,1,53,,12815,10,0,26 27 28 29 30,1,12,,12816,10,0,26 27 28 29 30,1,12,,12817,10,0,26 27 28 29 30,1,14,,12818,10,0,26 27 28 29 30,1,54,,12819,10,0,26 27 28 29 30,1,14,,12820,10,0,26 27 28 29 30,1,15,,12821,10,0,26 27 28 29 30,1,15,,12822,10,0,26 27 28 29 30,1,55,,12823,10,0,26 27 28 29 30,1,15,,12824,10,0,26 27 28 29 30,1,15,,12825,10,0,26 27 28 29 30,1,14,,12826,10,0,26 27 28 29 30,1,14,,12827,10,0,26 27 28 29 30,1,54,,12828,10,0,26 27 28 29 30,1,14,,12829,10,0,26 27 28 29 30,1,14,,12830,10,0,26 27 28 29 30,1,15,,12831,10,0,26 27 28 29 30,1,55,,12832,10,0,26 27 28 29 30,1,16,,12833,10,0,26 27 28 29 30,1,16,,12834,10,0,26 27 28 29 30,1,15,,12835,10,0,26 27 28 29 30,1,54,,12836,10,0,26 27 28 29 30,1,11,,12837,10,0,26 27 28 29 30,1,12,,12838,10,0,26 27 28 29 30,1,12,,12839,10,0,26 27 28 29 30,1,55,,12840,10,0,26 27 28 29 30,1,16,,12841,10,0,26 27 28 29 30,1,10,,12842,10,0,26 27 28 29 30,1,10,,12843,10,0,26 27 28 29 30,1,12,,12844,10,0,26 27 28 29 30,1,52,,12845,10,0,26 27 28 29 30,1,12,,12846,10,0,26 27 28 29 30,1,12,,12847,10,0,26 27 28 29 30,1,10,,12848,10,0,26 27 28 29 30,1,10,,12849,10,0,26 27 28 29 30,1,12,,12850,10,0,26 27 28 29 30,1,52,,12851,10,0,26 27 28 29 30,1,12,,12852,10,0,26 27 28 29 30,1,12,,12853,10,0,26 27 28 29 30,1,12,,12854,10,0,26 27 28 29 30,1,12,,12855,10,0,26 27 28 29 30,1,50,,12856,10,0,26 27 28 29 30,1,9,,12857,10,0,26 27 28 29 30,1,14,,12858,10,0,26 27 28 29 30,1,15,,12859,10,0,26 27 28 29 30,1,55,,12860,10,0,26 27 28 29 30,1,14,,12861,10,0,26 27 28 29 30,1,16,,12862,10,0,26 27 28 29 30,1,18,,12863,10,0,26 27 28 29 30,1,57,,12864,10,0,26 27 28 29 30,1,18,,12865,10,0,26 27 28 29 30,1,18,,12866,10,0,26 27 28 29 30,1,18,,12867,10,0,26 27 28 29 30,1,60,,12868,10,0,26 27 28 29 30,1,20,,12869,10,0,26 27 28 29 30,1,18,,12870,10,0,26 27 28 29 30,1,58,,12871,10,0,26 27 28 29 30,1,18,,12872,10,0,26 27 28 29 30,1,17,,12873,10,0,26 27 28 29 30,1,58,,12874,10,0,26 27 28 29 30,1,20,,12875,10,0,26 27 28 29 30,1
10904,'CPHoliday1',736,,13350,18,0,31 22 28 5 30,1,65,,13343,18,0,31 22 28 5 30,1,28,,13339,18,0,31 22 28 5 30,1,26,,13332,18,0,31 22 28 5 30,1,67,,13331,18,0,31 22 28 5 30,1,26,,13349,18,0,31 22 28 5 30,1,65,,13344,18,0,31 22 28 5 30,1,20,,13338,18,0,31 22 28 5 30,1,22,,13328,18,0,31 22 28 5 30,1,61,,13333,18,0,31 22 28 5 30,1,21,,13323,18,0,31 22 28 5 30,1,20,,13321,18,0,31 22 28 5 30,1,61,,13351,18,0,31 22 28 5 30,1,21,,13345,18,0,31 22 28 5 30,1,61,,13337,18,0,31 22 28 5 30,1,20,,13322,18,0,31 22 28 5 30,1,21,,13330,18,0,31 22 28 5 30,1,60,,13324,18,0,31 22 28 5 30,1,20,,13317,18,0,31 22 28 5 30,1,20,,13352,18,0,31 22 28 5 30,1,60,,13346,18,0,31 22 28 5 30,1,21,,13336,18,0,31 22 28 5 30,1,19,,13316,18,0,31 22 28 5 30,1,59,,13335,18,0,31 22 28 5 30,1,19,,13327,18,0,31 22 28 5 30,1,20,,13318,18,0,31 22 28 5 30,1,19,,13355,18,0,31 22 28 5 30,1,60,,13348,18,0,31 22 28 5 30,1,20,,13340,18,0,31 22 28 5 30,1,20,,13313,18,0,31 22 28 5 30,1,59,,13334,18,0,31 22 28 5 30,1,20,,13329,18,0,31 22 28 5 30,1,20,,13320,18,0,31 22 28 5 30,1,59,,13353,18,0,31 22 28 5 30,1,20,,13347,18,0,31 22 28 5 30,1,20,,13341,18,0,31 22 28 5 30,1,64,,13315,18,0,31 22 28 5 30,1,24,,13326,18,0,31 22 28 5 30,1,65,,13319,18,0,31 22 28 5 30,1,25,,13354,18,0,31 22 28 5 30,1,24,,13342,18,0,31 22 28 5 30,1,69,,13314,18,0,31 22 28 5 30,1,29,,13325,18,0,31 22 28 5 30,1
10904,'CPSaturday',648,,13401,18,0,31 22 28 5 30,1,60,,13394,18,0,31 22 28 5 30,1,21,,13387,18,0,31 22 28 5 30,1,21,,13380,18,0,31 22 28 5 30,1,61,,13379,18,0,31 22 28 5 30,1,21,,13372,18,0,31 22 28 5 30,1,20,,13402,18,0,31 22 28 5 30,1,61,,13395,18,0,31 22 28 5 30,1,20,,13388,18,0,31 22 28 5 30,1,21,,13381,18,0,31 22 28 5 30,1,62,,13371,18,0,31 22 28 5 30,1,20,,13373,18,0,31 22 28 5 30,1,20,,13374,18,0,31 22 28 5 30,1,59,,13403,18,0,31 22 28 5 30,1,18,,13396,18,0,31 22 28 5 30,1,18,,13391,18,0,31 22 28 5 30,1,59,,13365,18,0,31 22 28 5 30,1,18,,13384,18,0,31 22 28 5 30,1,19,,13378,18,0,31 22 28 5 30,1,59,,13367,18,0,31 22 28 5 30,1,18,,13363,18,0,31 22 28 5 30,1,18,,13404,18,0,31 22 28 5 30,1,58,,13400,18,0,31 22 28 5 30,1,19,,13392,18,0,31 22 28 5 30,1,18,,13362,18,0,31 22 28 5 30,1,19,,13383,18,0,31 22 28 5 30,1,58,,13375,18,0,31 22 28 5 30,1,18,,13366,18,0,31 22 28 5 30,1,20,,13364,18,0,31 22 28 5 30,1,59,,13406,18,0,31 22 28 5 30,1,20,,13398,18,0,31 22 28 5 30,1,20,,13389,18,0,31 22 28 5 30,1,60,,13359,18,0,31 22 28 5 30,1,20,,13382,18,0,31 22 28 5 30,1,20,,13376,18,0,31 22 28 5 30,1,59,,13368,18,0,31 22 28 5 30,1,20,,13358,18,0,31 22 28 5 30,1,19,,13405,18,0,31 22 28 5 30,1,57,,13397,18,0,31 22 28 5 30,1,17,,13390,18,0,31 22 28 5 30,1,17,,13360,18,0,31 22 28 5 30,1,18,,13385,18,0,31 22 28 5 30,1,58,,13377,18,0,31 22 28 5 30,1,18,,13369,18,0,31 22 28 5 30,1,16,,13357,18,0,31 22 28 5 30,1,64,,13399,18,0,31 22 28 5 30,1,24,,13393,18,0,31 22 28 5 30,1,65,,13361,18,0,31 22 28 5 30,1,25,,13386,18,0,31 22 28 5 30,1,20,,13370,18,0,31 22 28 5 30,1,62,,13356,18,0,31 22 28 5 30,1
10904,'CPSunday',736,,13444,18,0,31 22 28 5 30,1,65,,13437,18,0,31 22 28 5 30,1,28,,13433,18,0,31 22 28 5 30,1,26,,13426,18,0,31 22 28 5 30,1,67,,13425,18,0,31 22 28 5 30,1,26,,13443,18,0,31 22 28 5 30,1,65,,13438,18,0,31 22 28 5 30,1,20,,13432,18,0,31 22 28 5 30,1,22,,13422,18,0,31 22 28 5 30,1,61,,13427,18,0,31 22 28 5 30,1,21,,13417,18,0,31 22 28 5 30,1,20,,13415,18,0,31 22 28 5 30,1,61,,13445,18,0,31 22 28 5 30,1,21,,13439,18,0,31 22 28 5 30,1,61,,13431,18,0,31 22 28 5 30,1,20,,13416,18,0,31 22 28 5 30,1,21,,13424,18,0,31 22 28 5 30,1,60,,13418,18,0,31 22 28 5 30,1,20,,13411,18,0,31 22 28 5 30,1,20,,13446,18,0,31 22 28 5 30,1,60,,13440,18,0,31 22 28 5 30,1,21,,13430,18,0,31 22 28 5 30,1,19,,13410,18,0,31 22 28 5 30,1,59,,13429,18,0,31 22 28 5 30,1,19,,13421,18,0,31 22 28 5 30,1,20,,13412,18,0,31 22 28 5 30,1,19,,13449,18,0,31 22 28 5 30,1,60,,13442,18,0,31 22 28 5 30,1,20,,13434,18,0,31 22 28 5 30,1,20,,13407,18,0,31 22 28 5 30,1,59,,13428,18,0,31 22 28 5 30,1,20,,13423,18,0,31 22 28 5 30,1,20,,13414,18,0,31 22 28 5 30,1,59,,13447,18,0,31 22 28 5 30,1,20,,13441,18,0,31 22 28 5 30,1,20,,13435,18,0,31 22 28 5 30,1,64,,13409,18,0,31 22 28 5 30,1,24,,13420,18,0,31 22 28 5 30,1,65,,13413,18,0,31 22 28 5 30,1,25,,13448,18,0,31 22 28 5 30,1,24,,13436,18,0,31 22 28 5 30,1,69,,13408,18,0,31 22 28 5 30,1,29,,13419,18,0,31 22 28 5 30,1
10904,'CPWeekday',445,,13450,18,0,31 22 28 5 30,1,65,,13451,18,0,31 22 28 5 30,1,28,,13452,18,0,31 22 28 5 30,1,66,,13453,18,0,31 22 28 5 30,1,21,,13454,18,0,31 22 28 5 30,1,19,,13455,18,0,31 22 28 5 30,1,56,,13456,18,0,31 22 28 5 30,1,10,,13457,18,0,31 22 28 5 30,1,10,,13458,18,0,31 22 28 5 30,1,11,,13459,18,0,31 22 28 5 30,1,12,,13460,18,0,31 22 28 5 30,1,12,,13461,18,0,31 22 28 5 30,1,50,,13462,18,0,31 22 28 5 30,1,10,,13463,18,0,31 22 28 5 30,1,10,,13464,18,0,31 22 28 5 30,1,10,,13465,18,0,31 22 28 5 30,1,10,,13466,18,0,31 22 28 5 30,1,10,,13467,18,0,31 22 28 5 30,1,50,,13468,18,0,31 22 28 5 30,1,10,,13469,18,0,31 22 28 5 30,1,10,,13470,18,0,31 22 28 5 30,1,10,,13471,18,0,31 22 28 5 30,1,9,,13472,18,0,31 22 28 5 30,1,9,,13473,18,0,31 22 28 5 30,1,50,,13474,18,0,31 22 28 5 30,1,10,,13475,18,0,31 22 28 5 30,1,10,,13476,18,0,31 22 28 5 30,1,10,,13477,18,0,31 22 28 5 30,1,8,,13478,18,0,31 22 28 5 30,1,10,,13479,18,0,31 22 28 5 30,1,54,,13480,18,0,31 22 28 5 30,1,15,,13481,18,0,31 22 28 5 30,1,15,,13482,18,0,31 22 28 5 30,1,15,,13483,18,0,31 22 28 5 30,1,55,,13484,18,0,31 22 28 5 30,1,14,,13485,18,0,31 22 28 5 30,1,15,,13486,18,0,31 22 28 5 30,1,15,,13487,18,0,31 22 28 5 30,1,55,,13488,18,0,31 22 28 5 30,1,15,,13489,18,0,31 22 28 5 30,1,15,,13490,18,0,31 22 28 5 30,1,15,,13491,18,0,31 22 28 5 30,1,55,,13492,18,0,31 22 28 5 30,1,15,,13493,18,0,31 22 28 5 30,1,15,,13494,18,0,31 22 28 5 30,1,16,,13495,18,0,31 22 28 5 30,1,56,,13496,18,0,31 22 28 5 30,1,16,,13497,18,0,31 22 28 5 30,1,16,,13498,18,0,31 22 28 5 30,1,15,,13499,18,0,31 22 28 5 30,1,55,,13500,18,0,31 22 28 5 30,1,15,,13501,18,0,31 22 28 5 30,1,15,,13502,18,0,31 22 28 5 30,1,15,,13503,18,0,31 22 28 5 30,1,55,,13504,18,0,31 22 28 5 30,1,15,,13505,18,0,31 22 28 5 30,1,15,,13506,18,0,31 22 28 5 30,1,15,,13507,18,0,31 22 28 5 30,1,55,,13508,18,0,31 22 28 5 30,1,15,,13509,18,0,31 22 28 5 30,1,14,,13510,18,0,31 22 28 5 30,1,13,,13511,18,0,31 22 28 5 30,1,55,,13512,18,0,31 22 28 5 30,1,15,,13513,18,0,31 22 28 5 30,1,15,,13514,18,0,31 22 28 5 30,1,13,,13515,18,0,31 22 28 5 30,1,55,,13516,18,0,31 22 28 5 30,1,14,,13517,18,0,31 22 28 5 30,1,15,,13518,18,0,31 22 28 5 30,1,15,,13519,18,0,31 22 28 5 30,1,55,,13520,18,0,31 22 28 5 30,1,14,,13521,18,0,31 22 28 5 30,1,15,,13522,18,0,31 22 28 5 30,1,13,,13523,18,0,31 22 28 5 30,1,15,,13524,18,0,31 22 28 5 30,1,54,,13525,18,0,31 22 28 5 30,1,15,,13526,18,0,31 22 28 5 30,1,16,,13527,18,0,31 22 28 5 30,1,15,,13528,18,0,31 22 28 5 30,1,58,,13529,18,0,31 22 28 5 30,1
13501,'CPWeekday',637,,13898,17,0,32 33 28 34 30,1,15,,13899,17,0,32 33 28 34 30,1,55,,13900,17,0,32 33 28 34 30,1,15,,13901,17,0,32 33 28 34 30,1,15,,13902,17,0,32 33 28 34 30,1,15,,13903,17,0,32 33 28 34 30,1,55,,13904,17,0,32 33 28 34 30,1,15,,13905,17,0,32 33 28 34 30,1,15,,13906,17,0,32 33 28 34 30,1,15,,13907,17,0,32 33 28 34 30,1,55,,13908,17,0,32 33 28 34 30,1,15,,13909,17,0,32 33 28 34 30,1,15,,13910,17,0,32 33 28 34 30,1,15,,13911,17,0,32 33 28 34 30,1,572,,13912,17,0,32 33 28 34 30,1,15,,13913,17,0,32 33 28 34 30,1,15,,13914,17,0,32 33 28 34 30,1,55,,13915,17,0,32 33 28 34 30,1,15,,13916,17,0,32 33 28 34 30,1,15,,13917,17,0,32 33 28 34 30,1,15,,13918,17,0,32 33 28 34 30,1,55,,13919,17,0,32 33 28 34 30,1,15,,13920,17,0,32 33 28 34 30,1,15,,13921,17,0,32 33 28 34 30,1,15,,13922,17,0,32 33 28 34 30,1,55,,13923,17,0,32 33 28 34 30,1,15,,13924,17,0,32 33 28 34 30,1
