203,'CPSaturday',451,,14380,28,4,,1,62,,14381,28,4,,1,20,,14382,28,4,,1,20,,14383,28,4,,1,62,,14384,28,4,,1,21,,14385,28,4,,1,20,,14386,28,4,,1,62,,14387,28,4,,1,16,,14388,28,4,,1,15,,14389,28,4,,1,60,,14390,28,4,,1,21,,14391,28,4,,1,20,,14392,28,4,,1,62,,14393,28,4,,1,20,,14394,28,4,,1,21,,14395,28,4,,1,62,,14396,28,4,,1,20,,14397,28,4,,1,21,,14398,28,4,,1,61,,14399,28,4,,1,17,,14400,28,4,,1,17,,14401,28,4,,1,55,,14402,28,4,,1,14,,14403,28,4,,1,14,,14404,28,4,,1,14,,14405,28,4,,1,54,,14406,28,4,,1,15,,14407,28,4,,1,14,,14408,28,4,,1,14,,14409,28,4,,1,14,,14410,28,4,,1,54,,14411,28,4,,1,14,,14412,28,4,,1,14,,14413,28,4,,1,14,,14414,28,4,,1,54,,14415,28,4,,1,14,,14416,28,4,,1,14,,14417,28,4,,1,14,,14418,28,4,,1,54,,14419,28,4,,1,14,,14420,28,4,,1,14,,14421,28,4,,1,14,,14422,28,4,,1,54,,14423,28,4,,1,14,,14424,28,4,,1,14,,14425,28,4,,1,14,,14426,28,4,,1,14,,14427,28,4,,1,54,,14428,28,4,,1,14,,14429,28,4,,1,14,,14430,28,4,,1,13,,14431,28,4,,1,53,,14432,28,4,,1,14,,14433,28,4,,1,12,,14434,28,4,,1,12,,14435,28,4,,1,14,,14436,28,4,,1,60,,14437,28,4,,1,19,,14438,28,4,,1,20,,14439,28,4,,1,59,,14440,28,4,,1,20,,14441,28,4,,1,20,,14442,28,4,,1,58,,14443,28,4,,1,19,,14444,28,4,,1,22,,14445,28,4,,1,62,,14446,28,4,,1,23,,14447,28,4,,1,66,,14448,28,4,,1,23,,14449,28,4,,1,21,,14450,28,4,,1,61,,14451,28,4,,1,20,,14452,28,4,,1,17,,14453,28,4,,1,57,,14454,28,4,,1,18,,14455,28,4,,1
203,'CPSunday',600,,14456,28,4,,1,23,,14457,28,4,,1,21,,14458,28,4,,1,61,,14459,28,4,,1,24,,14460,28,4,,1,22,,14461,28,4,,1,64,,14462,28,4,,1,23,,14463,28,4,,1,64,,14464,28,4,,1,24,,14465,28,4,,1,24,,14466,28,4,,1,66,,14467,28,4,,1,26,,14468,28,4,,1,64,,14469,28,4,,1,14,,14470,28,4,,1,15,,14471,28,4,,1,14,,14472,28,4,,1,55,,14473,28,4,,1,15,,14474,28,4,,1,14,,14475,28,4,,1,15,,14476,28,4,,1,55,,14477,28,4,,1,15,,14478,28,4,,1,15,,14479,28,4,,1,15,,14480,28,4,,1,55,,14481,28,4,,1,15,,14482,28,4,,1,15,,14483,28,4,,1,15,,14484,28,4,,1,55,,14485,28,4,,1,15,,14486,28,4,,1,15,,14487,28,4,,1,15,,14488,28,4,,1,55,,14489,28,4,,1,15,,14490,28,4,,1,15,,14491,28,4,,1,15,,14492,28,4,,1,55,,14493,28,4,,1,15,,14494,28,4,,1,15,,14495,28,4,,1,15,,14496,28,4,,1,55,,14497,28,4,,1,15,,14498,28,4,,1,18,,14499,28,4,,1,18,,14500,28,4,,1,57,,14501,28,4,,1,16,,14502,28,4,,1,18,,14503,28,4,,1,56,,14504,28,4,,1,16,,14505,28,4,,1,17,,14506,28,4,,1,19,,14507,28,4,,1,61,,14508,28,4,,1,21,,14509,28,4,,1,20,,14510,28,4,,1,58,,14511,28,4,,1,17,,14512,28,4,,1,17,,14513,28,4,,1,70,,14514,28,4,,1,31,,14515,28,4,,1,68,,14516,28,4,,1,27,,14517,28,4,,1
203,'CPWeekday',229,,14626,28,4,,1,25,,14625,28,4,,1,66,,14623,28,4,,1,26,,14624,28,4,,1,66,,14627,28,4,,1,27,,14620,28,4,,1,66,,14619,28,4,,1,41,,14608,28,4,,1,12,,14592,28,4,,1,51,,14594,28,4,,1,13,,14591,28,4,,1,14,,14590,28,4,,1,13,,14584,28,4,,1,52,,14607,28,4,,1,13,,14574,28,4,,1,12,,14595,28,4,,1,13,,14575,28,4,,1,13,,14576,28,4,,1,50,,14587,28,4,,1,10,,14571,28,4,,1,10,,14572,28,4,,1,12,,14610,28,4,,1,10,,14573,28,4,,1,13,,14597,28,4,,1,53,,14567,28,4,,1,12,,14568,28,4,,1,11,,14579,28,4,,1,11,,14570,28,4,,1,10,,14569,28,4,,1,50,,14611,28,4,,1,10,,14555,28,4,,1,12,,14598,28,4,,1,11,,14559,28,4,,1,12,,14556,28,4,,1,52,,14577,28,4,,1,12,,14560,28,4,,1,10,,14557,28,4,,1,10,,14612,28,4,,1,10,,14558,28,4,,1,10,,14596,28,4,,1,53,,14552,28,4,,1,13,,14553,28,4,,1,12,,14578,28,4,,1,12,,14546,28,4,,1,13,,14547,28,4,,1,52,,14609,28,4,,1,12,,14561,28,4,,1,12,,14599,28,4,,1,12,,14548,28,4,,1,12,,14544,28,4,,1,53,,14580,28,4,,1,12,,14549,28,4,,1,12,,14545,28,4,,1,12,,14613,28,4,,1,12,,14563,28,4,,1,53,,14601,28,4,,1,10,,14543,28,4,,1,11,,14542,28,4,,1,10,,14539,28,4,,1,10,,14589,28,4,,1,50,,14551,28,4,,1,9,,14538,28,4,,1,10,,14535,28,4,,1,10,,14614,28,4,,1,10,,14565,28,4,,1,10,,14600,28,4,,1,9,,14540,28,4,,1,50,,14531,28,4,,1,10,,14534,28,4,,1,10,,14582,28,4,,1,8,,14550,28,4,,1,10,,14532,28,4,,1,9,,14533,28,4,,1,50,,14615,28,4,,1,10,,14564,28,4,,1,10,,14602,28,4,,1,10,,14541,28,4,,1,10,,14527,28,4,,1,10,,14529,28,4,,1,50,,14581,28,4,,1,8,,14530,28,4,,1,10,,14526,28,4,,1,9,,14606,28,4,,1,9,,14554,28,4,,1,9,,14593,28,4,,1,50,,14536,28,4,,1,10,,14525,28,4,,1,9,,14528,28,4,,1,10,,14583,28,4,,1,10,,14524,28,4,,1,10,,14523,28,4,,1,50,,14562,28,4,,1,11,,14603,28,4,,1,12,,14537,28,4,,1,12,,14522,28,4,,1,11,,14588,28,4,,1,13,,14520,28,4,,1,54,,14566,28,4,,1,14,,14604,28,4,,1,17,,14519,28,4,,1,58,,14585,28,4,,1,17,,14521,28,4,,1,18,,14605,28,4,,1,16,,14518,28,4,,1,60,,14586,28,4,,1,25,,14621,28,4,,1,65,,14616,28,4,,1,25,,14617,28,4,,1,25,,14618,28,4,,1,58,,14622,28,4,,1
203,'CPHoliday1',600,,25411,28,4,,1,23,,25412,28,4,,1,21,,25413,28,4,,1,61,,25414,28,4,,1,24,,25415,28,4,,1,22,,25416,28,4,,1,64,,25417,28,4,,1,23,,25418,28,4,,1,64,,25419,28,4,,1,24,,25420,28,4,,1,24,,25421,28,4,,1,66,,25422,28,4,,1,26,,25423,28,4,,1,64,,25424,28,4,,1,14,,25425,28,4,,1,15,,25426,28,4,,1,14,,25427,28,4,,1,55,,25428,28,4,,1,15,,25429,28,4,,1,14,,25430,28,4,,1,15,,25431,28,4,,1,55,,25432,28,4,,1,15,,25433,28,4,,1,15,,25434,28,4,,1,15,,25435,28,4,,1,55,,25436,28,4,,1,15,,25437,28,4,,1,15,,25438,28,4,,1,15,,25439,28,4,,1,55,,25440,28,4,,1,15,,25441,28,4,,1,15,,25442,28,4,,1,15,,25443,28,4,,1,55,,25444,28,4,,1,15,,25445,28,4,,1,15,,25446,28,4,,1,15,,25447,28,4,,1,55,,25448,28,4,,1,15,,25449,28,4,,1,15,,25450,28,4,,1,15,,25451,28,4,,1,55,,25452,28,4,,1,15,,25453,28,4,,1,18,,25454,28,4,,1,18,,25455,28,4,,1,57,,25456,28,4,,1,16,,25457,28,4,,1,18,,25458,28,4,,1,56,,25459,28,4,,1,16,,25460,28,4,,1,17,,25461,28,4,,1,19,,25462,28,4,,1,61,,25463,28,4,,1,21,,25464,28,4,,1,20,,25465,28,4,,1,58,,25466,28,4,,1,17,,25467,28,4,,1,17,,25468,28,4,,1,70,,25469,28,4,,1,31,,25470,28,4,,1,68,,25471,28,4,,1,27,,25472,28,4,,1
204,'CPSaturday',505,,14628,1,0,46 47 7,1,20,,14629,1,0,46 47 7,1,20,,14630,1,0,46 47 7,1,60,,14631,1,0,46 47 7,1,20,,14632,1,0,46 47 7,1,20,,14633,1,0,46 47 7,1,60,,14634,1,0,46 47 7,1,20,,14635,1,0,46 47 7,1,20,,14636,1,0,46 47 7,1,60,,14637,1,0,46 47 7,1,20,,14638,1,0,46 47 7,1,20,,14639,1,0,46 47 7,1,60,,14640,1,0,46 47 7,1,20,,14641,1,0,46 47 7,1,20,,14642,1,0,46 47 7,1,60,,14643,1,0,46 47 7,1,20,,14644,1,0,46 47 7,1,20,,14645,1,0,46 47 7,1,14,,14646,1,0,46 47 7,1,54,,14647,1,0,46 47 7,1,14,,14648,1,0,46 47 7,1,14,,14649,1,0,46 47 7,1,12,,14650,1,0,46 47 7,1,52,,14651,1,0,46 47 7,1,12,,14652,1,0,46 47 7,1,14,,14653,1,0,46 47 7,1,14,,14654,1,0,46 47 7,1,14,,14655,1,0,46 47 7,1,54,,14656,1,0,46 47 7,1,14,,14657,1,0,46 47 7,1,14,,14658,1,0,46 47 7,1,14,,14659,1,0,46 47 7,1,54,,14660,1,0,46 47 7,1,14,,14661,1,0,46 47 7,1,14,,14662,1,0,46 47 7,1,14,,14663,1,0,46 47 7,1,54,,14664,1,0,46 47 7,1,14,,14665,1,0,46 47 7,1,14,,14666,1,0,46 47 7,1,14,,14667,1,0,46 47 7,1,54,,14668,1,0,46 47 7,1,14,,14669,1,0,46 47 7,1,14,,14670,1,0,46 47 7,1,14,,14671,1,0,46 47 7,1,14,,14672,1,0,46 47 7,1,54,,14673,1,0,46 47 7,1,14,,14674,1,0,46 47 7,1,14,,14675,1,0,46 47 7,1,14,,14676,1,0,46 47 7,1,54,,14677,1,0,46 47 7,1,14,,14678,1,0,46 47 7,1,14,,14679,1,0,46 47 7,1,14,,14680,1,0,46 47 7,1,54,,14681,1,0,46 47 7,1,14,,14682,1,0,46 47 7,1,22,,14683,1,0,46 47 7,1,62,,14684,1,0,46 47 7,1,22,,14685,1,0,46 47 7,1,20,,14686,1,0,46 47 7,1,60,,14687,1,0,46 47 7,1,20,,14688,1,0,46 47 7,1,20,,14689,1,0,46 47 7,1,60,,14690,1,0,46 47 7,1,18,,14691,1,0,46 47 7,1,18,,14692,1,0,46 47 7,1,66,,14693,1,0,46 47 7,1,26,,14694,1,0,46 47 7,1,22,,14695,1,0,46 47 7,1,62,,14696,1,0,46 47 7,1,20,,14697,1,0,46 47 7,1,20,,14698,1,0,46 47 7,1,60,,14699,1,0,46 47 7,1,20,,14700,1,0,46 47 7,1,20,,14701,1,0,46 47 7,1,60,,14702,1,0,46 47 7,1,20,,14703,1,0,46 47 7,1
204,'CPSunday',555,,14704,1,0,46 47 7,1,60,,14705,1,0,46 47 7,1,20,,14706,1,0,46 47 7,1,20,,14707,1,0,46 47 7,1,60,,14708,1,0,46 47 7,1,22,,14709,1,0,46 47 7,1,22,,14710,1,0,46 47 7,1,64,,14711,1,0,46 47 7,1,24,,14712,1,0,46 47 7,1,64,,14713,1,0,46 47 7,1,24,,14714,1,0,46 47 7,1,24,,14715,1,0,46 47 7,1,66,,14716,1,0,46 47 7,1,26,,14717,1,0,46 47 7,1,52,,14718,1,0,46 47 7,1,12,,14719,1,0,46 47 7,1,15,,14720,1,0,46 47 7,1,15,,14721,1,0,46 47 7,1,55,,14722,1,0,46 47 7,1,15,,14723,1,0,46 47 7,1,15,,14724,1,0,46 47 7,1,15,,14725,1,0,46 47 7,1,55,,14726,1,0,46 47 7,1,15,,14727,1,0,46 47 7,1,15,,14728,1,0,46 47 7,1,15,,14729,1,0,46 47 7,1,55,,14730,1,0,46 47 7,1,15,,14731,1,0,46 47 7,1,15,,14732,1,0,46 47 7,1,15,,14733,1,0,46 47 7,1,55,,14734,1,0,46 47 7,1,15,,14735,1,0,46 47 7,1,15,,14736,1,0,46 47 7,1,15,,14737,1,0,46 47 7,1,55,,14738,1,0,46 47 7,1,15,,14739,1,0,46 47 7,1,15,,14740,1,0,46 47 7,1,15,,14741,1,0,46 47 7,1,55,,14742,1,0,46 47 7,1,15,,14743,1,0,46 47 7,1,15,,14744,1,0,46 47 7,1,14,,14745,1,0,46 47 7,1,14,,14746,1,0,46 47 7,1,56,,14747,1,0,46 47 7,1,16,,14748,1,0,46 47 7,1,18,,14749,1,0,46 47 7,1,58,,14750,1,0,46 47 7,1,20,,14751,1,0,46 47 7,1,20,,14752,1,0,46 47 7,1,62,,14753,1,0,46 47 7,1,22,,14754,1,0,46 47 7,1,20,,14755,1,0,46 47 7,1,58,,14756,1,0,46 47 7,1,18,,14757,1,0,46 47 7,1,18,,14758,1,0,46 47 7,1,58,,14759,1,0,46 47 7,1,20,,14760,1,0,46 47 7,1,32,,14761,1,0,46 47 7,1,72,,14762,1,0,46 47 7,1,30,,14763,1,0,46 47 7,1,68,,14764,1,0,46 47 7,1,26,,14765,1,0,46 47 7,1
204,'CPWeekday',234,,14872,1,0,46 47 7,1,20,,14871,1,0,46 47 7,1,65,,14874,1,0,46 47 7,1,25,,14869,1,0,46 47 7,1,67,,14868,1,0,46 47 7,1,25,,14873,1,0,46 47 7,1,65,,14875,1,0,46 47 7,1,9,,14845,1,0,46 47 7,1,20,,14839,1,0,46 47 7,1,12,,14837,1,0,46 47 7,1,12,,14854,1,0,46 47 7,1,52,,14838,1,0,46 47 7,1,12,,14844,1,0,46 47 7,1,12,,14824,1,0,46 47 7,1,10,,14828,1,0,46 47 7,1,10,,14823,1,0,46 47 7,1,50,,14827,1,0,46 47 7,1,12,,14857,1,0,46 47 7,1,12,,14825,1,0,46 47 7,1,12,,14843,1,0,46 47 7,1,12,,14820,1,0,46 47 7,1,52,,14818,1,0,46 47 7,1,12,,14829,1,0,46 47 7,1,12,,14819,1,0,46 47 7,1,10,,14816,1,0,46 47 7,1,10,,14856,1,0,46 47 7,1,10,,14817,1,0,46 47 7,1,52,,14846,1,0,46 47 7,1,12,,14815,1,0,46 47 7,1,12,,14814,1,0,46 47 7,1,12,,14826,1,0,46 47 7,1,12,,14807,1,0,46 47 7,1,50,,14805,1,0,46 47 7,1,10,,14858,1,0,46 47 7,1,10,,14806,1,0,46 47 7,1,10,,14847,1,0,46 47 7,1,12,,14808,1,0,46 47 7,1,12,,14800,1,0,46 47 7,1,52,,14830,1,0,46 47 7,1,12,,14801,1,0,46 47 7,1,12,,14802,1,0,46 47 7,1,10,,14859,1,0,46 47 7,1,10,,14804,1,0,46 47 7,1,52,,14848,1,0,46 47 7,1,12,,14795,1,0,46 47 7,1,12,,14794,1,0,46 47 7,1,12,,14831,1,0,46 47 7,1,12,,14797,1,0,46 47 7,1,52,,14798,1,0,46 47 7,1,12,,14860,1,0,46 47 7,1,12,,14810,1,0,46 47 7,1,12,,14850,1,0,46 47 7,1,12,,14792,1,0,46 47 7,1,52,,14791,1,0,46 47 7,1,12,,14832,1,0,46 47 7,1,12,,14793,1,0,46 47 7,1,10,,14789,1,0,46 47 7,1,10,,14790,1,0,46 47 7,1,50,,14861,1,0,46 47 7,1,10,,14809,1,0,46 47 7,1,10,,14849,1,0,46 47 7,1,10,,14786,1,0,46 47 7,1,10,,14783,1,0,46 47 7,1,10,,14784,1,0,46 47 7,1,50,,14833,1,0,46 47 7,1,10,,14796,1,0,46 47 7,1,10,,14779,1,0,46 47 7,1,10,,14780,1,0,46 47 7,1,10,,14862,1,0,46 47 7,1,10,,14812,1,0,46 47 7,1,50,,14851,1,0,46 47 7,1,10,,14788,1,0,46 47 7,1,10,,14781,1,0,46 47 7,1,10,,14782,1,0,46 47 7,1,10,,14836,1,0,46 47 7,1,8,,14799,1,0,46 47 7,1,8,,14778,1,0,46 47 7,1,50,,14777,1,0,46 47 7,1,10,,14855,1,0,46 47 7,1,10,,14803,1,0,46 47 7,1,10,,14842,1,0,46 47 7,1,10,,14785,1,0,46 47 7,1,10,,14775,1,0,46 47 7,1,50,,14776,1,0,46 47 7,1,10,,14835,1,0,46 47 7,1,10,,14773,1,0,46 47 7,1,10,,14774,1,0,46 47 7,1,12,,14811,1,0,46 47 7,1,52,,14852,1,0,46 47 7,1,12,,14787,1,0,46 47 7,1,12,,14770,1,0,46 47 7,1,12,,14834,1,0,46 47 7,1,12,,14771,1,0,46 47 7,1,10,,14772,1,0,46 47 7,1,50,,14813,1,0,46 47 7,1,16,,14853,1,0,46 47 7,1,18,,14767,1,0,46 47 7,1,58,,14821,1,0,46 47 7,1,18,,14769,1,0,46 47 7,1,18,,14840,1,0,46 47 7,1,18,,14766,1,0,46 47 7,1,56,,14822,1,0,46 47 7,1,16,,14768,1,0,46 47 7,1,22,,14841,1,0,46 47 7,1,65,,14863,1,0,46 47 7,1,24,,14865,1,0,46 47 7,1,64,,14867,1,0,46 47 7,1,25,,14870,1,0,46 47 7,1,25,,14864,1,0,46 47 7,1,63,,14866,1,0,46 47 7,1
204,'CPHoliday1',555,,25473,1,0,46 47 7,1,60,,25474,1,0,46 47 7,1,20,,25475,1,0,46 47 7,1,20,,25476,1,0,46 47 7,1,60,,25477,1,0,46 47 7,1,22,,25478,1,0,46 47 7,1,22,,25479,1,0,46 47 7,1,64,,25480,1,0,46 47 7,1,24,,25481,1,0,46 47 7,1,64,,25482,1,0,46 47 7,1,24,,25483,1,0,46 47 7,1,24,,25484,1,0,46 47 7,1,66,,25485,1,0,46 47 7,1,26,,25486,1,0,46 47 7,1,52,,25487,1,0,46 47 7,1,12,,25488,1,0,46 47 7,1,15,,25489,1,0,46 47 7,1,15,,25490,1,0,46 47 7,1,55,,25491,1,0,46 47 7,1,15,,25492,1,0,46 47 7,1,15,,25493,1,0,46 47 7,1,15,,25494,1,0,46 47 7,1,55,,25495,1,0,46 47 7,1,15,,25496,1,0,46 47 7,1,15,,25497,1,0,46 47 7,1,15,,25498,1,0,46 47 7,1,55,,25499,1,0,46 47 7,1,15,,25500,1,0,46 47 7,1,15,,25501,1,0,46 47 7,1,15,,25502,1,0,46 47 7,1,55,,25503,1,0,46 47 7,1,15,,25504,1,0,46 47 7,1,15,,25505,1,0,46 47 7,1,15,,25506,1,0,46 47 7,1,55,,25507,1,0,46 47 7,1,15,,25508,1,0,46 47 7,1,15,,25509,1,0,46 47 7,1,15,,25510,1,0,46 47 7,1,55,,25511,1,0,46 47 7,1,15,,25512,1,0,46 47 7,1,15,,25513,1,0,46 47 7,1,14,,25514,1,0,46 47 7,1,14,,25515,1,0,46 47 7,1,56,,25516,1,0,46 47 7,1,16,,25517,1,0,46 47 7,1,18,,25518,1,0,46 47 7,1,58,,25519,1,0,46 47 7,1,20,,25520,1,0,46 47 7,1,20,,25521,1,0,46 47 7,1,62,,25522,1,0,46 47 7,1,22,,25523,1,0,46 47 7,1,20,,25524,1,0,46 47 7,1,58,,25525,1,0,46 47 7,1,18,,25526,1,0,46 47 7,1,18,,25527,1,0,46 47 7,1,58,,25528,1,0,46 47 7,1,20,,25529,1,0,46 47 7,1,32,,25530,1,0,46 47 7,1,72,,25531,1,0,46 47 7,1,30,,25532,1,0,46 47 7,1,68,,25533,1,0,46 47 7,1,26,,25534,1,0,46 47 7,1
1703,'CPSaturday',450,,17664,1,0,39 40,1,60,,17665,1,0,39 40,1,20,,17666,1,0,39 40,1,20,,17667,1,0,39 40,1,60,,17668,1,0,39 40,1,20,,17637,1,0,39 40,1,22,,17638,1,0,39 40,1,62,,17639,1,0,39 40,1,22,,17640,1,0,39 40,1,22,,17641,1,0,39 40,1,62,,17642,1,0,39 40,1,22,,17643,1,0,39 40,1,62,,17644,1,0,39 40,1,22,,17645,1,0,39 40,1,22,,17646,1,0,39 40,1,58,,17647,1,0,39 40,1,18,,17648,1,0,39 40,1,18,,17649,1,0,39 40,1,60,,17650,1,0,39 40,1,20,,17651,1,0,39 40,1,20,,17652,1,0,39 40,1,60,,17653,1,0,39 40,1,20,,17654,1,0,39 40,1,20,,17655,1,0,39 40,1,60,,17656,1,0,39 40,1,20,,17657,1,0,39 40,1,20,,17658,1,0,39 40,1,60,,17659,1,0,39 40,1,20,,17660,1,0,39 40,1,20,,17661,1,0,39 40,1,60,,17662,1,0,39 40,1,20,,17663,1,0,39 40,1,20,,17611,1,0,39 40,1,60,,17612,1,0,39 40,1,20,,17613,1,0,39 40,1,20,,17614,1,0,39 40,1,60,,17615,1,0,39 40,1,20,,17616,1,0,39 40,1,20,,17617,1,0,39 40,1,62,,17618,1,0,39 40,1,22,,17619,1,0,39 40,1,22,,17620,1,0,39 40,1,60,,17621,1,0,39 40,1,20,,17622,1,0,39 40,1,18,,17623,1,0,39 40,1,58,,17624,1,0,39 40,1,18,,17625,1,0,39 40,1,18,,17626,1,0,39 40,1,18,,17627,1,0,39 40,1,58,,17628,1,0,39 40,1,18,,17629,1,0,39 40,1,74,,17630,1,0,39 40,1,34,,17631,1,0,39 40,1,72,,17632,1,0,39 40,1,30,,17633,1,0,39 40,1,70,,17634,1,0,39 40,1,30,,17635,1,0,39 40,1,70,,17636,1,0,39 40,1
1703,'CPSunday',600,,17669,1,0,39 40,1,24,,17670,1,0,39 40,1,22,,17671,1,0,39 40,1,60,,17672,1,0,39 40,1,20,,17673,1,0,39 40,1,21,,17674,1,0,39 40,1,61,,17675,1,0,39 40,1,21,,17676,1,0,39 40,1,21,,17677,1,0,39 40,1,61,,17678,1,0,39 40,1,21,,17679,1,0,39 40,1,21,,17680,1,0,39 40,1,62,,17681,1,0,39 40,1,22,,17682,1,0,39 40,1,22,,17683,1,0,39 40,1,58,,17684,1,0,39 40,1,18,,17685,1,0,39 40,1,18,,17686,1,0,39 40,1,58,,17687,1,0,39 40,1,18,,17688,1,0,39 40,1,18,,17689,1,0,39 40,1,58,,17690,1,0,39 40,1,18,,17691,1,0,39 40,1,18,,17692,1,0,39 40,1,59,,17693,1,0,39 40,1,19,,17694,1,0,39 40,1,19,,17695,1,0,39 40,1,19,,17696,1,0,39 40,1,59,,17697,1,0,39 40,1,19,,17698,1,0,39 40,1,19,,17699,1,0,39 40,1,59,,17700,1,0,39 40,1,19,,17701,1,0,39 40,1,19,,17702,1,0,39 40,1,59,,17703,1,0,39 40,1,19,,17704,1,0,39 40,1,18,,17705,1,0,39 40,1,58,,17706,1,0,39 40,1,18,,17707,1,0,39 40,1,18,,17708,1,0,39 40,1,18,,17709,1,0,39 40,1,58,,17710,1,0,39 40,1,18,,17711,1,0,39 40,1,18,,17712,1,0,39 40,1,74,,17713,1,0,39 40,1,74,,17714,1,0,39 40,1,30,,17715,1,0,39 40,1,70,,17716,1,0,39 40,1,30,,17717,1,0,39 40,1,70,,17718,1,0,39 40,1,28,,17719,1,0,39 40,1,28,,17720,1,0,39 40,1,63,,17721,1,0,39 40,1
1703,'CPWeekday',229,,17722,1,0,39 40,1,25,,17723,1,0,39 40,1,66,,17724,1,0,39 40,1,26,,17725,1,0,39 40,1,66,,17726,1,0,39 40,1,27,,17727,1,0,39 40,1,66,,17728,1,0,39 40,1,34,,17729,1,0,39 40,1,70,,17730,1,0,39 40,1,20,,17731,1,0,39 40,1,20,,17732,1,0,39 40,1,60,,17733,1,0,39 40,1,20,,17734,1,0,39 40,1,20,,17735,1,0,39 40,1,60,,17736,1,0,39 40,1,21,,17737,1,0,39 40,1,21,,17738,1,0,39 40,1,61,,17739,1,0,39 40,1,21,,17740,1,0,39 40,1,21,,17741,1,0,39 40,1,61,,17742,1,0,39 40,1,21,,17743,1,0,39 40,1,21,,17744,1,0,39 40,1,61,,17745,1,0,39 40,1,21,,17746,1,0,39 40,1,20,,17747,1,0,39 40,1,60,,17748,1,0,39 40,1,20,,17749,1,0,39 40,1,20,,17750,1,0,39 40,1,61,,17751,1,0,39 40,1,21,,17752,1,0,39 40,1,61,,17753,1,0,39 40,1,21,,17754,1,0,39 40,1,14,,17755,1,0,39 40,1,14,,17756,1,0,39 40,1,54,,17757,1,0,39 40,1,14,,17758,1,0,39 40,1,15,,17759,1,0,39 40,1,15,,17760,1,0,39 40,1,56,,17761,1,0,39 40,1,16,,17762,1,0,39 40,1,16,,17763,1,0,39 40,1,15,,17764,1,0,39 40,1,55,,17765,1,0,39 40,1,15,,17766,1,0,39 40,1,15,,17767,1,0,39 40,1,15,,17768,1,0,39 40,1,55,,17769,1,0,39 40,1,15,,17770,1,0,39 40,1,15,,17771,1,0,39 40,1,15,,17772,1,0,39 40,1,56,,17773,1,0,39 40,1,18,,17774,1,0,39 40,1,18,,17775,1,0,39 40,1,58,,17776,1,0,39 40,1,18,,17777,1,0,39 40,1,20,,17778,1,0,39 40,1,60,,17779,1,0,39 40,1,20,,17780,1,0,39 40,1,20,,17781,1,0,39 40,1,60,,17782,1,0,39 40,1,18,,17783,1,0,39 40,1,16,,17784,1,0,39 40,1,16,,17785,1,0,39 40,1,72,,17786,1,0,39 40,1,26,,17787,1,0,39 40,1,65,,17788,1,0,39 40,1,25,,17789,1,0,39 40,1,65,,17790,1,0,39 40,1,25,,17791,1,0,39 40,1,25,,17792,1,0,39 40,1,63,,17793,1,0,39 40,1
1703,'CPHoliday1',600,,26204,1,0,39 40,1,24,,26205,1,0,39 40,1,22,,26206,1,0,39 40,1,60,,26207,1,0,39 40,1,20,,26208,1,0,39 40,1,21,,26209,1,0,39 40,1,61,,26210,1,0,39 40,1,21,,26211,1,0,39 40,1,21,,26212,1,0,39 40,1,61,,26213,1,0,39 40,1,21,,26214,1,0,39 40,1,21,,26215,1,0,39 40,1,62,,26216,1,0,39 40,1,22,,26217,1,0,39 40,1,22,,26218,1,0,39 40,1,58,,26219,1,0,39 40,1,18,,26220,1,0,39 40,1,18,,26221,1,0,39 40,1,58,,26222,1,0,39 40,1,18,,26223,1,0,39 40,1,18,,26224,1,0,39 40,1,58,,26225,1,0,39 40,1,18,,26226,1,0,39 40,1,18,,26227,1,0,39 40,1,59,,26228,1,0,39 40,1,19,,26229,1,0,39 40,1,19,,26230,1,0,39 40,1,19,,26231,1,0,39 40,1,59,,26232,1,0,39 40,1,19,,26233,1,0,39 40,1,19,,26234,1,0,39 40,1,59,,26235,1,0,39 40,1,19,,26236,1,0,39 40,1,19,,26237,1,0,39 40,1,59,,26238,1,0,39 40,1,19,,26239,1,0,39 40,1,18,,26240,1,0,39 40,1,58,,26241,1,0,39 40,1,18,,26242,1,0,39 40,1,18,,26243,1,0,39 40,1,18,,26244,1,0,39 40,1,58,,26245,1,0,39 40,1,18,,26246,1,0,39 40,1,18,,26247,1,0,39 40,1,74,,26248,1,0,39 40,1,74,,26249,1,0,39 40,1,30,,26250,1,0,39 40,1,70,,26251,1,0,39 40,1,30,,26252,1,0,39 40,1,70,,26253,1,0,39 40,1,28,,26254,1,0,39 40,1,28,,26255,1,0,39 40,1,63,,26256,1,0,39 40,1
1704,'CPSaturday',533,,17794,22,4,,1,22,,17795,22,4,,1,62,,17796,22,4,,1,22,,17797,22,4,,1,63,,17798,22,4,,1,23,,17799,22,4,,1,22,,17800,22,4,,1,62,,17801,22,4,,1,23,,17802,22,4,,1,23,,17803,22,4,,1,63,,17804,22,4,,1,23,,17805,22,4,,1,63,,17806,22,4,,1,22,,17807,22,4,,1,23,,17808,22,4,,1,60,,17809,22,4,,1,21,,17810,22,4,,1,20,,17811,22,4,,1,60,,17812,22,4,,1,21,,17813,22,4,,1,20,,17814,22,4,,1,60,,17815,22,4,,1,20,,17816,22,4,,1,20,,17817,22,4,,1,60,,17818,22,4,,1,21,,17819,22,4,,1,20,,17820,22,4,,1,60,,17821,22,4,,1,20,,17822,22,4,,1,20,,17823,22,4,,1,60,,17824,22,4,,1,20,,17825,22,4,,1,20,,17826,22,4,,1,59,,17827,22,4,,1,20,,17828,22,4,,1,22,,17829,22,4,,1,62,,17830,22,4,,1,21,,17831,22,4,,1,20,,17832,22,4,,1,60,,17833,22,4,,1,17,,17834,22,4,,1,19,,17835,22,4,,1,60,,17836,22,4,,1,18,,17837,22,4,,1,18,,17838,22,4,,1,58,,17839,22,4,,1,18,,17840,22,4,,1,16,,17841,22,4,,1,18,,17842,22,4,,1,58,,17843,22,4,,1,18,,17844,22,4,,1,70,,17845,22,4,,1,30,,17846,22,4,,1,70,,17847,22,4,,1,29,,17848,22,4,,1,68,,17849,22,4,,1,29,,17850,22,4,,1,28,,17851,22,4,,1
1704,'CPSunday',615,,17852,22,4,,1,19,,17853,22,4,,1,19,,17854,22,4,,1,60,,17855,22,4,,1,21,,17856,22,4,,1,21,,17857,22,4,,1,62,,17858,22,4,,1,22,,17859,22,4,,1,62,,17860,22,4,,1,22,,17861,22,4,,1,21,,17862,22,4,,1,63,,17863,22,4,,1,21,,17864,22,4,,1,24,,17865,22,4,,1,62,,17866,22,4,,1,22,,17867,22,4,,1,22,,17868,22,4,,1,60,,17869,22,4,,1,19,,17870,22,4,,1,18,,17871,22,4,,1,58,,17872,22,4,,1,19,,17873,22,4,,1,18,,17874,22,4,,1,58,,17875,22,4,,1,20,,17876,22,4,,1,19,,17877,22,4,,1,59,,17878,22,4,,1,18,,17879,22,4,,1,19,,17880,22,4,,1,58,,17881,22,4,,1,19,,17882,22,4,,1,19,,17883,22,4,,1,19,,17884,22,4,,1,59,,17885,22,4,,1,18,,17886,22,4,,1,19,,17887,22,4,,1,58,,17888,22,4,,1,19,,17889,22,4,,1,18,,17890,22,4,,1,58,,17891,22,4,,1,17,,17892,22,4,,1,18,,17893,22,4,,1,58,,17894,22,4,,1,17,,17895,22,4,,1,17,,17896,22,4,,1,18,,17897,22,4,,1,71,,17898,22,4,,1,31,,17899,22,4,,1,70,,17900,22,4,,1,30,,17901,22,4,,1,68,,17902,22,4,,1,27,,17903,22,4,,1,64,,17904,22,4,,1,26,,17905,22,4,,1,65,,17906,22,4,,1
1704,'CPWeekday',234,,17907,22,4,,1,20,,17908,22,4,,1,65,,17909,22,4,,1,25,,17910,22,4,,1,67,,17911,22,4,,1,25,,17912,22,4,,1,65,,17913,22,4,,1,28,,17914,22,4,,1,71,,17915,22,4,,1,32,,17916,22,4,,1,21,,17917,22,4,,1,63,,17918,22,4,,1,20,,17919,22,4,,1,21,,17920,22,4,,1,62,,17921,22,4,,1,22,,17922,22,4,,1,61,,17923,22,4,,1,20,,17924,22,4,,1,21,,17925,22,4,,1,60,,17926,22,4,,1,21,,17927,22,4,,1,21,,17928,22,4,,1,60,,17929,22,4,,1,20,,17930,22,4,,1,20,,17931,22,4,,1,61,,17932,22,4,,1,21,,17933,22,4,,1,21,,17934,22,4,,1,61,,17935,22,4,,1,21,,17936,22,4,,1,21,,17937,22,4,,1,62,,17938,22,4,,1,21,,17939,22,4,,1,21,,17940,22,4,,1,54,,17941,22,4,,1,14,,17942,22,4,,1,17,,17943,22,4,,1,15,,17944,22,4,,1,55,,17945,22,4,,1,15,,17946,22,4,,1,15,,17947,22,4,,1,15,,17948,22,4,,1,55,,17949,22,4,,1,14,,17950,22,4,,1,16,,17951,22,4,,1,15,,17952,22,4,,1,55,,17953,22,4,,1,14,,17954,22,4,,1,14,,17955,22,4,,1,13,,17956,22,4,,1,54,,17957,22,4,,1,14,,17958,22,4,,1,15,,17959,22,4,,1,18,,17960,22,4,,1,59,,17961,22,4,,1,20,,17962,22,4,,1,19,,17963,22,4,,1,59,,17964,22,4,,1,19,,17965,22,4,,1,20,,17966,22,4,,1,58,,17967,22,4,,1,18,,17968,22,4,,1,20,,17969,22,4,,1,68,,17970,22,4,,1,30,,17971,22,4,,1,71,,17972,22,4,,1,24,,17973,22,4,,1,64,,17974,22,4,,1,25,,17975,22,4,,1,25,,17976,22,4,,1,63,,17977,22,4,,1
1704,'CPHoliday1',615,,26257,22,4,,1,19,,26258,22,4,,1,19,,26259,22,4,,1,60,,26260,22,4,,1,21,,26261,22,4,,1,21,,26262,22,4,,1,62,,26263,22,4,,1,22,,26264,22,4,,1,62,,26265,22,4,,1,22,,26266,22,4,,1,21,,26267,22,4,,1,63,,26268,22,4,,1,21,,26269,22,4,,1,24,,26270,22,4,,1,62,,26271,22,4,,1,22,,26272,22,4,,1,22,,26273,22,4,,1,60,,26274,22,4,,1,19,,26275,22,4,,1,18,,26276,22,4,,1,58,,26277,22,4,,1,19,,26278,22,4,,1,18,,26279,22,4,,1,58,,26280,22,4,,1,20,,26281,22,4,,1,19,,26282,22,4,,1,59,,26283,22,4,,1,18,,26284,22,4,,1,19,,26285,22,4,,1,58,,26286,22,4,,1,19,,26287,22,4,,1,19,,26288,22,4,,1,19,,26289,22,4,,1,59,,26290,22,4,,1,18,,26291,22,4,,1,19,,26292,22,4,,1,58,,26293,22,4,,1,19,,26294,22,4,,1,18,,26295,22,4,,1,58,,26296,22,4,,1,17,,26297,22,4,,1,18,,26298,22,4,,1,58,,26299,22,4,,1,17,,26300,22,4,,1,17,,26301,22,4,,1,18,,26302,22,4,,1,71,,26303,22,4,,1,31,,26304,22,4,,1,70,,26305,22,4,,1,30,,26306,22,4,,1,68,,26307,22,4,,1,27,,26308,22,4,,1,64,,26309,22,4,,1,26,,26310,22,4,,1,65,,26311,22,4,,1
