102,'CPWeekday',202,,519,2,0,56,1,30,,520,2,0,56,1,70,,521,2,0,56,1,30,,522,2,0,56,1,70,,523,2,0,56,1,30,,438,2,0,56,1,15,,439,2,0,56,1,55,,440,2,0,56,1,15,,441,2,0,56,1,15,,442,2,0,56,1,15,,443,2,0,56,1
302,'CPHoliday1',736,,1383,2,0,19 20,1,65,,1384,2,0,19 20,1,25,,1385,2,0,19 20,1,25,,1386,2,0,19 20,1,65,,1387,2,0,19 20,1,25,,1388,2,0,19 20,1,65,,1389,2,0,19 20,1,25,,1390,2,0,19 20,1,25,,1391,2,0,19 20,1,65,,1392,2,0,19 20,1,25,,1393,2,0,19 20,1,65,,1394,2,0,19 20,1,22,,1395,2,0,19 20,1,22,,1396,2,0,19 20,1,62,,1397,2,0,19 20,1,22,,1398,2,0,19 20,1,62,,1399,2,0,19 20,1,22,,1400,2,0,19 20,1,22,,1401,2,0,19 20,1,62,,1402,2,0,19 20,1,22,,1403,2,0,19 20,1,22,,1404,2,0,19 20,1,62,,1405,2,0,19 20,1,22,,1406,2,0,19 20,1,22,,1407,2,0,19 20,1,62,,1408,2,0,19 20,1,22,,1409,2,0,19 20,1,62,,1410,2,0,19 20,1,22,,1411,2,0,19 20,1,22,,1412,2,0,19 20,1,62,,1413,2,0,19 20,1,22,,1414,2,0,19 20,1,22,,1415,2,0,19 20,1,62,,1416,2,0,19 20,1,22,,1417,2,0,19 20,1,22,,1418,2,0,19 20,1,62,,1419,2,0,19 20,1,25,,1420,2,0,19 20,1,64,,1421,2,0,19 20,1,24,,1422,2,0,19 20,1,24,,1423,2,0,19 20,1,64,,1424,2,0,19 20,1,22,,1425,2,0,19 20,1,62,,1426,2,0,19 20,1
302,'CPSaturday',526,,1427,2,0,19 20,1,24,,1428,2,0,19 20,1,64,,1429,2,0,19 20,1,24,,1430,2,0,19 20,1,64,,1431,2,0,19 20,1,24,,1432,2,0,19 20,1,25,,1433,2,0,19 20,1,65,,1434,2,0,19 20,1,25,,1435,2,0,19 20,1,65,,1436,2,0,19 20,1,25,,1437,2,0,19 20,1,25,,1438,2,0,19 20,1,65,,1439,2,0,19 20,1,20,,1440,2,0,19 20,1,60,,1441,2,0,19 20,1,20,,1442,2,0,19 20,1,20,,1443,2,0,19 20,1,60,,1444,2,0,19 20,1,20,,1445,2,0,19 20,1,20,,1446,2,0,19 20,1,60,,1447,2,0,19 20,1,20,,1448,2,0,19 20,1,20,,1449,2,0,19 20,1,60,,1450,2,0,19 20,1,20,,1451,2,0,19 20,1,20,,1452,2,0,19 20,1,60,,1453,2,0,19 20,1,20,,1454,2,0,19 20,1,20,,1455,2,0,19 20,1,60,,1456,2,0,19 20,1,20,,1457,2,0,19 20,1,20,,1458,2,0,19 20,1,60,,1459,2,0,19 20,1,20,,1460,2,0,19 20,1,20,,1461,2,0,19 20,1,60,,1462,2,0,19 20,1,20,,1463,2,0,19 20,1,20,,1464,2,0,19 20,1,60,,1465,2,0,19 20,1,18,,1466,2,0,19 20,1,18,,1467,2,0,19 20,1,18,,1468,2,0,19 20,1,58,,1469,2,0,19 20,1,18,,1470,2,0,19 20,1,18,,1471,2,0,19 20,1,58,,1472,2,0,19 20,1,18,,1473,2,0,19 20,1,18,,1474,2,0,19 20,1,58,,1475,2,0,19 20,1,18,,1476,2,0,19 20,1,18,,1477,2,0,19 20,1,20,,1478,2,0,19 20,1,62,,1479,2,0,19 20,1,24,,1480,2,0,19 20,1,64,,1481,2,0,19 20,1,22,,1482,2,0,19 20,1,22,,1483,2,0,19 20,1,60,,1484,2,0,19 20,1,20,,1485,2,0,19 20,1,20,,1486,2,0,19 20,1,60,,1487,2,0,19 20,1,20,,1488,2,0,19 20,1
302,'CPSunday',736,,1489,2,0,19 20,1,65,,1490,2,0,19 20,1,25,,1491,2,0,19 20,1,25,,1492,2,0,19 20,1,65,,1493,2,0,19 20,1,25,,1494,2,0,19 20,1,65,,1495,2,0,19 20,1,25,,1496,2,0,19 20,1,25,,1497,2,0,19 20,1,65,,1498,2,0,19 20,1,25,,1499,2,0,19 20,1,65,,1500,2,0,19 20,1,22,,1501,2,0,19 20,1,22,,1502,2,0,19 20,1,62,,1503,2,0,19 20,1,22,,1504,2,0,19 20,1,62,,1505,2,0,19 20,1,22,,1506,2,0,19 20,1,22,,1507,2,0,19 20,1,62,,1508,2,0,19 20,1,22,,1509,2,0,19 20,1,22,,1510,2,0,19 20,1,62,,1511,2,0,19 20,1,22,,1512,2,0,19 20,1,22,,1513,2,0,19 20,1,62,,1514,2,0,19 20,1,22,,1515,2,0,19 20,1,62,,1516,2,0,19 20,1,22,,1517,2,0,19 20,1,22,,1518,2,0,19 20,1,62,,1519,2,0,19 20,1,22,,1520,2,0,19 20,1,22,,1521,2,0,19 20,1,62,,1522,2,0,19 20,1,22,,1523,2,0,19 20,1,22,,1524,2,0,19 20,1,62,,1525,2,0,19 20,1,25,,1526,2,0,19 20,1,64,,1527,2,0,19 20,1,24,,1528,2,0,19 20,1,24,,1529,2,0,19 20,1,64,,1530,2,0,19 20,1,22,,1531,2,0,19 20,1,62,,1532,2,0,19 20,1
302,'CPWeekday',241,,1533,2,0,19 20,1,70,,1534,2,0,19 20,1,30,,1535,2,0,19 20,1,70,,1536,2,0,19 20,1,30,,1537,2,0,19 20,1,70,,1538,2,0,19 20,1,15,,1539,2,0,19 20,1,15,,1540,2,0,19 20,1,15,,1541,2,0,19 20,1,55,,1542,2,0,19 20,1,15,,1543,2,0,19 20,1,15,,1544,2,0,19 20,1,15,,1545,2,0,19 20,1,55,,1546,2,0,19 20,1,15,,1547,2,0,19 20,1,15,,1548,2,0,19 20,1,15,,1549,2,0,19 20,1,55,,1550,2,0,19 20,1,15,,1551,2,0,19 20,1,15,,1552,2,0,19 20,1,14,,1553,2,0,19 20,1,54,,1554,2,0,19 20,1,15,,1555,2,0,19 20,1,15,,1556,2,0,19 20,1,15,,1557,2,0,19 20,1,55,,1558,2,0,19 20,1,15,,1559,2,0,19 20,1,15,,1560,2,0,19 20,1,15,,1561,2,0,19 20,1,55,,1562,2,0,19 20,1,15,,1563,2,0,19 20,1,15,,1564,2,0,19 20,1,15,,1565,2,0,19 20,1,55,,1566,2,0,19 20,1,14,,1567,2,0,19 20,1,14,,1568,2,0,19 20,1,14,,1569,2,0,19 20,1,54,,1570,2,0,19 20,1,14,,1571,2,0,19 20,1,14,,1572,2,0,19 20,1,14,,1573,2,0,19 20,1,54,,1574,2,0,19 20,1,10,,1575,2,0,19 20,1,10,,1576,2,0,19 20,1,10,,1577,2,0,19 20,1,10,,1578,2,0,19 20,1,10,,1579,2,0,19 20,1,51,,1580,2,0,19 20,1,12,,1581,2,0,19 20,1,12,,1582,2,0,19 20,1,11,,1583,2,0,19 20,1,10,,1584,2,0,19 20,1,10,,1585,2,0,19 20,1,50,,1586,2,0,19 20,1,10,,1587,2,0,19 20,1,10,,1588,2,0,19 20,1,10,,1589,2,0,19 20,1,10,,1590,2,0,19 20,1,10,,1591,2,0,19 20,1,52,,1592,2,0,19 20,1,12,,1593,2,0,19 20,1,12,,1594,2,0,19 20,1,10,,1595,2,0,19 20,1,10,,1596,2,0,19 20,1,49,,1597,2,0,19 20,1,9,,1598,2,0,19 20,1,10,,1599,2,0,19 20,1,12,,1600,2,0,19 20,1,12,,1601,2,0,19 20,1,10,,1602,2,0,19 20,1,50,,1603,2,0,19 20,1,16,,1604,2,0,19 20,1,20,,1605,2,0,19 20,1,60,,1606,2,0,19 20,1,18,,1607,2,0,19 20,1,18,,1608,2,0,19 20,1,18,,1609,2,0,19 20,1,58,,1610,2,0,19 20,1,18,,1611,2,0,19 20,1,20,,1612,2,0,19 20,1,70,,1613,2,0,19 20,1,30,,1614,2,0,19 20,1,70,,1615,2,0,19 20,1,30,,1616,2,0,19 20,1,70,,1617,2,0,19 20,1,30,,1618,2,0,19 20,1,70,,1619,2,0,19 20,1,30,,1620,2,0,19 20,1,70,,1621,2,0,19 20,1
2602,'CPHoliday1',621,,6226,2,0,37 38,1,25,,6227,2,0,37 38,1,65,,6228,2,0,37 38,1,25,,6229,2,0,37 38,1,66,,6230,2,0,37 38,1,26,,6231,2,0,37 38,1,26,,6232,2,0,37 38,1,68,,6233,2,0,37 38,1,28,,6234,2,0,37 38,1,68,,6235,2,0,37 38,1,28,,6236,2,0,37 38,1,68,,6237,2,0,37 38,1,28,,6238,2,0,37 38,1,60,,6239,2,0,37 38,1,20,,6240,2,0,37 38,1,22,,6241,2,0,37 38,1,62,,6242,2,0,37 38,1,24,,6243,2,0,37 38,1,24,,6244,2,0,37 38,1,64,,6245,2,0,37 38,1,24,,6246,2,0,37 38,1,64,,6247,2,0,37 38,1,24,,6248,2,0,37 38,1,22,,6249,2,0,37 38,1,62,,6250,2,0,37 38,1,22,,6251,2,0,37 38,1,22,,6252,2,0,37 38,1,64,,6253,2,0,37 38,1,24,,6254,2,0,37 38,1,64,,6255,2,0,37 38,1,22,,6256,2,0,37 38,1,22,,6257,2,0,37 38,1,62,,6258,2,0,37 38,1,22,,6259,2,0,37 38,1,68,,6260,2,0,37 38,1,28,,6261,2,0,37 38,1,68,,6262,2,0,37 38,1,28,,6263,2,0,37 38,1,28,,6264,2,0,37 38,1,68,,6265,2,0,37 38,1,26,,6266,2,0,37 38,1,66,,6267,2,0,37 38,1,25,,6268,2,0,37 38,1,64,,6269,2,0,37 38,1,24,,6270,2,0,37 38,1,24,,6271,2,0,37 38,1,64,,6272,2,0,37 38,1
2602,'CPSaturday',527,,6274,2,0,37 38,1,20,,6275,2,0,37 38,1,66,,6276,2,0,37 38,1,20,,6277,2,0,37 38,1,20,,6278,2,0,37 38,1,62,,6279,2,0,37 38,1,22,,6280,2,0,37 38,1,22,,6281,2,0,37 38,1,62,,6282,2,0,37 38,1,24,,6283,2,0,37 38,1,64,,6284,2,0,37 38,1,24,,6285,2,0,37 38,1,24,,6286,2,0,37 38,1,64,,6287,2,0,37 38,1,24,,6288,2,0,37 38,1,64,,6289,2,0,37 38,1,24,,6290,2,0,37 38,1,20,,6291,2,0,37 38,1,60,,6292,2,0,37 38,1,20,,6293,2,0,37 38,1,20,,6294,2,0,37 38,1,60,,6295,2,0,37 38,1,20,,6296,2,0,37 38,1,18,,6297,2,0,37 38,1,58,,6298,2,0,37 38,1,16,,6299,2,0,37 38,1,16,,6300,2,0,37 38,1,16,,6301,2,0,37 38,1,56,,6302,2,0,37 38,1,14,,6303,2,0,37 38,1,14,,6304,2,0,37 38,1,14,,6305,2,0,37 38,1,54,,6306,2,0,37 38,1,14,,6307,2,0,37 38,1,14,,6308,2,0,37 38,1,14,,6309,2,0,37 38,1,54,,6310,2,0,37 38,1,14,,6311,2,0,37 38,1,14,,6312,2,0,37 38,1,14,,6313,2,0,37 38,1,55,,6314,2,0,37 38,1,15,,6315,2,0,37 38,1,15,,6316,2,0,37 38,1,15,,6317,2,0,37 38,1,55,,6318,2,0,37 38,1,15,,6319,2,0,37 38,1,15,,6320,2,0,37 38,1,15,,6321,2,0,37 38,1,60,,6322,2,0,37 38,1,20,,6323,2,0,37 38,1,20,,6324,2,0,37 38,1,60,,6325,2,0,37 38,1,22,,6326,2,0,37 38,1,22,,6327,2,0,37 38,1,62,,6328,2,0,37 38,1,22,,6329,2,0,37 38,1,18,,6330,2,0,37 38,1,58,,6331,2,0,37 38,1,18,,6332,2,0,37 38,1,18,,6333,2,0,37 38,1,58,,6334,2,0,37 38,1,22,,6335,2,0,37 38,1,22,,6336,2,0,37 38,1,68,,6337,2,0,37 38,1,28,,6338,2,0,37 38,1,68,,6339,2,0,37 38,1,28,,6340,2,0,37 38,1
2602,'CPSunday',621,,6342,2,0,37 38,1,25,,6343,2,0,37 38,1,65,,6344,2,0,37 38,1,25,,6345,2,0,37 38,1,66,,6346,2,0,37 38,1,26,,6347,2,0,37 38,1,26,,6348,2,0,37 38,1,68,,6349,2,0,37 38,1,28,,6350,2,0,37 38,1,68,,6351,2,0,37 38,1,28,,6352,2,0,37 38,1,68,,6353,2,0,37 38,1,28,,6354,2,0,37 38,1,60,,6355,2,0,37 38,1,20,,6356,2,0,37 38,1,22,,6357,2,0,37 38,1,62,,6358,2,0,37 38,1,24,,6359,2,0,37 38,1,24,,6360,2,0,37 38,1,64,,6361,2,0,37 38,1,24,,6362,2,0,37 38,1,64,,6363,2,0,37 38,1,24,,6364,2,0,37 38,1,22,,6365,2,0,37 38,1,62,,6366,2,0,37 38,1,22,,6367,2,0,37 38,1,22,,6368,2,0,37 38,1,64,,6369,2,0,37 38,1,24,,6370,2,0,37 38,1,64,,6371,2,0,37 38,1,22,,6372,2,0,37 38,1,22,,6373,2,0,37 38,1,62,,6374,2,0,37 38,1,22,,6375,2,0,37 38,1,68,,6376,2,0,37 38,1,28,,6377,2,0,37 38,1,68,,6378,2,0,37 38,1,28,,6379,2,0,37 38,1,28,,6380,2,0,37 38,1,68,,6381,2,0,37 38,1,26,,6382,2,0,37 38,1,66,,6383,2,0,37 38,1,25,,6384,2,0,37 38,1,64,,6385,2,0,37 38,1,24,,6386,2,0,37 38,1,24,,6387,2,0,37 38,1,64,,6388,2,0,37 38,1
2602,'CPWeekday',433,,6403,2,0,37 38,1,24,,6410,2,0,37 38,1,62,,6398,2,0,37 38,1,22,,6391,2,0,37 38,1,63,,6422,2,0,37 38,1,23,,6401,2,0,37 38,1,12,,6443,2,0,37 38,1,14,,6442,2,0,37 38,1,54,,6415,2,0,37 38,1,14,,6437,2,0,37 38,1,14,,6404,2,0,37 38,1,14,,6408,2,0,37 38,1,54,,6421,2,0,37 38,1,14,,6438,2,0,37 38,1,14,,6423,2,0,37 38,1,15,,6405,2,0,37 38,1,55,,6412,2,0,37 38,1,15,,6444,2,0,37 38,1,15,,6441,2,0,37 38,1,15,,6418,2,0,37 38,1,55,,6417,2,0,37 38,1,15,,6409,2,0,37 38,1,15,,6407,2,0,37 38,1,15,,6436,2,0,37 38,1,55,,6424,2,0,37 38,1,15,,6428,2,0,37 38,1,15,,6447,2,0,37 38,1,15,,6430,2,0,37 38,1,55,,6433,2,0,37 38,1,15,,6432,2,0,37 38,1,15,,6392,2,0,37 38,1,15,,6411,2,0,37 38,1,55,,6429,2,0,37 38,1,15,,6395,2,0,37 38,1,15,,6416,2,0,37 38,1,15,,6413,2,0,37 38,1,55,,6440,2,0,37 38,1,15,,6448,2,0,37 38,1,15,,6434,2,0,37 38,1,14,,6467,2,0,37 38,1,14,,6397,2,0,37 38,1,54,,6419,2,0,37 38,1,14,,6453,2,0,37 38,1,14,,6439,2,0,37 38,1,14,,6464,2,0,37 38,1,54,,6465,2,0,37 38,1,14,,6427,2,0,37 38,1,14,,6420,2,0,37 38,1,14,,6393,2,0,37 38,1,55,,6452,2,0,37 38,1,15,,6425,2,0,37 38,1,15,,6458,2,0,37 38,1,15,,6435,2,0,37 38,1,55,,6449,2,0,37 38,1,15,,6445,2,0,37 38,1,15,,6389,2,0,37 38,1,14,,6426,2,0,37 38,1,54,,6406,2,0,37 38,1,14,,6463,2,0,37 38,1,14,,6468,2,0,37 38,1,14,,6456,2,0,37 38,1,60,,6446,2,0,37 38,1,22,,6454,2,0,37 38,1,22,,6457,2,0,37 38,1,62,,6414,2,0,37 38,1,24,,6396,2,0,37 38,1,64,,6431,2,0,37 38,1,26,,6459,2,0,37 38,1,28,,6460,2,0,37 38,1,72,,6462,2,0,37 38,1,32,,6400,2,0,37 38,1,72,,6461,2,0,37 38,1,72,,6469,2,0,37 38,1,30,,6466,2,0,37 38,1,68,,6451,2,0,37 38,1,26,,6450,2,0,37 38,1,26,,6455,2,0,37 38,1
7102,'CPWeekday',718,,11832,2,0,63 64,1,25,,11834,2,0,63 64,1,64,,11833,2,0,63 64,1
