3803,'CPHoliday1',820,,8088,49,0,5,1,92,,8099,49,0,5,1,93,,8089,49,0,5,1,50,,8090,49,0,5,1,97,,8095,49,0,5,1,96,,8092,49,0,5,1,96,,8091,49,0,5,1,95,,8098,49,0,5,1,97,,8093,49,0,5,1,95,,8097,49,0,5,1,95,,8094,49,0,5,1,94,,8096,49,0,5,1,93,,8100,49,0,5,1,94,,8102,49,0,5,1,50,,8101,49,0,5,1
3803,'CPSaturday',707,,8117,49,0,5,1,36,,8118,49,0,5,1,70,,8119,49,0,5,1,32,,8120,49,0,5,1,71,,8121,49,0,5,1,31,,8122,49,0,5,1,73,,8123,49,0,5,1,33,,8124,49,0,5,1,71,,8125,49,0,5,1,34,,8126,49,0,5,1,74,,8127,49,0,5,1,74,,8128,49,0,5,1,35,,8129,49,0,5,1,74,,8130,49,0,5,1,37,,8131,49,0,5,1,75,,8132,49,0,5,1,75,,8133,49,0,5,1,36,,8134,49,0,5,1,74,,8103,49,0,5,1,33,,8104,49,0,5,1,74,,8105,49,0,5,1,33,,8106,49,0,5,1,73,,8107,49,0,5,1,31,,8108,49,0,5,1,72,,8109,49,0,5,1,72,,8110,49,0,5,1,32,,8111,49,0,5,1,69,,8112,49,0,5,1,30,,8113,49,0,5,1,69,,8114,49,0,5,1,27,,8115,49,0,5,1,24,,8116,49,0,5,1
3803,'CPSunday',820,,8135,49,0,5,1,92,,8146,49,0,5,1,93,,8136,49,0,5,1,50,,8137,49,0,5,1,97,,8142,49,0,5,1,96,,8139,49,0,5,1,96,,8138,49,0,5,1,95,,8145,49,0,5,1,97,,8140,49,0,5,1,95,,8144,49,0,5,1,95,,8141,49,0,5,1,94,,8143,49,0,5,1,93,,8147,49,0,5,1,94,,8149,49,0,5,1,50,,8148,49,0,5,1
3803,'CPWeekday',503,,8185,49,0,5,1,30,,8174,49,0,5,1,23,,8173,49,0,5,1,67,,8171,49,0,5,1,27,,8170,49,0,5,1,67,,8172,49,0,5,1,33,,8182,49,0,5,1,72,,8176,49,0,5,1,36,,8165,49,0,5,1,75,,8163,49,0,5,1,78,,8162,49,0,5,1,39,,8186,49,0,5,1,80,,8177,49,0,5,1,78,,8164,49,0,5,1,37,,8159,49,0,5,1,76,,8158,49,0,5,1,35,,8183,49,0,5,1,77,,8178,49,0,5,1,16,,8157,49,0,5,1,75,,8168,49,0,5,1,32,,8160,49,0,5,1,70,,8155,49,0,5,1,29,,8156,49,0,5,1,69,,8187,49,0,5,1,28,,8179,49,0,5,1,70,,8154,49,0,5,1,28,,8169,49,0,5,1,71,,8161,49,0,5,1,32,,8151,49,0,5,1,74,,8184,49,0,5,1,73,,8175,49,0,5,1,26,,8150,49,0,5,1,26,,8166,49,0,5,1,87,,8152,49,0,5,1,85,,8180,49,0,5,1,83,,8167,49,0,5,1,41,,8153,49,0,5,1
4303,'CPWeekday',533,,9089,51,0,5,1,81,,9096,51,0,5,1,41,,9092,51,0,5,1,80,,9094,51,0,5,1,80,,9090,51,0,5,1,40,,9097,51,0,5,1,79,,9093,51,0,5,1,76,,9095,51,0,5,1,40,,9091,51,0,5,1
4403,'CPHoliday1',749,,9130,38,0,5,1,84,,9131,38,0,5,1,85,,9129,38,0,5,1,85,,9127,38,0,5,1,30,,9126,38,0,5,1,70,,9128,38,0,5,1,30,,9124,38,0,5,1,71,,9123,38,0,5,1,29,,9125,38,0,5,1,71,,9121,38,0,5,1,31,,9122,38,0,5,1,71,,9119,38,0,5,1,31,,9120,38,0,5,1,71,,9118,38,0,5,1,31,,9117,38,0,5,1,71,,9116,38,0,5,1,31,,9115,38,0,5,1,71,,9114,38,0,5,1,31,,9113,38,0,5,1,85,,9109,38,0,5,1,86,,9110,38,0,5,1,40,,9108,38,0,5,1,85,,9111,38,0,5,1,83,,9107,38,0,5,1,80,,9112,38,0,5,1
4403,'CPSaturday',754,,9154,38,0,5,1,85,,9155,38,0,5,1,88,,9153,38,0,5,1,85,,9151,38,0,5,1,45,,9152,38,0,5,1,85,,9150,38,0,5,1,85,,9149,38,0,5,1,85,,9146,38,0,5,1,30,,9148,38,0,5,1,71,,9147,38,0,5,1,32,,9145,38,0,5,1,73,,9144,38,0,5,1,32,,9143,38,0,5,1,72,,9142,38,0,5,1,32,,9141,38,0,5,1,71,,9139,38,0,5,1,32,,9138,38,0,5,1,71,,9137,38,0,5,1,72,,9140,38,0,5,1,32,,9134,38,0,5,1,82,,9133,38,0,5,1,42,,9135,38,0,5,1,84,,9132,38,0,5,1,82,,9136,38,0,5,1
4403,'CPSunday',749,,9179,38,0,5,1,84,,9180,38,0,5,1,85,,9178,38,0,5,1,85,,9176,38,0,5,1,30,,9175,38,0,5,1,70,,9177,38,0,5,1,30,,9173,38,0,5,1,71,,9172,38,0,5,1,29,,9174,38,0,5,1,71,,9170,38,0,5,1,31,,9171,38,0,5,1,71,,9168,38,0,5,1,31,,9169,38,0,5,1,71,,9167,38,0,5,1,31,,9166,38,0,5,1,71,,9165,38,0,5,1,31,,9164,38,0,5,1,71,,9163,38,0,5,1,31,,9162,38,0,5,1,85,,9158,38,0,5,1,86,,9159,38,0,5,1,40,,9157,38,0,5,1,85,,9160,38,0,5,1,83,,9156,38,0,5,1,80,,9161,38,0,5,1
4403,'CPWeekday',559,,9181,38,0,5,1,65,,9182,38,0,5,1,25,,9183,38,0,5,1,68,,9184,38,0,5,1,26,,9185,38,0,5,1,66,,9186,38,0,5,1,28,,9187,38,0,5,1,68,,9188,38,0,5,1,26,,9189,38,0,5,1,26,,9190,38,0,5,1,66,,9191,38,0,5,1,26,,9192,38,0,5,1,66,,9193,38,0,5,1,25,,9194,38,0,5,1,65,,9195,38,0,5,1,25,,9196,38,0,5,1,25,,9197,38,0,5,1,65,,9198,38,0,5,1,25,,9199,38,0,5,1,65,,9200,38,0,5,1,21,,9201,38,0,5,1,16,,9202,38,0,5,1,56,,9203,38,0,5,1,16,,9204,38,0,5,1,16,,9205,38,0,5,1,16,,9206,38,0,5,1,56,,9207,38,0,5,1,16,,9208,38,0,5,1,16,,9209,38,0,5,1,16,,9210,38,0,5,1,56,,9211,38,0,5,1,16,,9212,38,0,5,1,16,,9213,38,0,5,1,16,,9214,38,0,5,1,58,,9215,38,0,5,1,18,,9216,38,0,5,1,14,,9217,38,0,5,1,56,,9218,38,0,5,1,16,,9219,38,0,5,1,16,,9220,38,0,5,1,15,,9221,38,0,5,1,56,,9222,38,0,5,1,18,,9223,38,0,5,1,22,,9224,38,0,5,1,65,,9225,38,0,5,1,38,,9226,38,0,5,1,85,,9227,38,0,5,1,88,,9228,38,0,5,1,88,,9229,38,0,5,1,88,,9230,38,0,5,1,49,,9231,38,0,5,1
10804,'CPWeekday',1520,,13082,6,0,41 22 28 42 30,1,31,,13083,6,0,41 22 28 42 30,1,60,,13084,6,0,41 22 28 42 30,1,20,,13085,6,0,41 22 28 42 30,1,9,,13081,6,0,41 22 28 42 30,1,13,,13086,6,0,41 22 28 42 30,1,62,,13087,6,0,41 22 28 42 30,1,23,,13088,6,0,41 22 28 42 30,1,65,,13089,6,0,41 22 28 42 30,1,28,,13090,6,0,41 22 28 42 30,1,70,,13091,6,0,41 22 28 42 30,1,30,,13092,6,0,41 22 28 42 30,1,70,,13093,6,0,41 22 28 42 30,1
