704,'CPWeekday',235,,2578,30,0,19 20,1,77,,2579,30,0,19 20,1,46,,2580,30,0,19 20,1,81,,2581,30,0,19 20,1,67,,2591,30,0,19 20,1,24,,2588,30,0,19 20,1,174,,2582,30,0,19 20,1,42,,2590,30,0,19 20,1,63,,2589,30,0,19 20,1,132,,2583,30,0,19 20,1,278,,2584,30,0,19 20,1,284,,2585,30,0,19 20,1,299,,2586,30,0,19 20,1,241,,2587,30,0,19 20,1
704,'MAHoliday1',434,,2592,30,0,19 20,1,80,,2593,30,0,19 20,1,23,,2594,30,0,19 20,1,22,,2595,30,0,19 20,1,61,,2596,30,0,19 20,1,23,,2597,30,0,19 20,1,62,,2598,30,0,19 20,1,23,,2599,30,0,19 20,1,22,,2600,30,0,19 20,1,62,,2601,30,0,19 20,1,23,,2602,30,0,19 20,1,21,,2603,30,0,19 20,1,62,,2604,30,0,19 20,1,23,,2605,30,0,19 20,1,62,,2606,30,0,19 20,1,22,,2607,30,0,19 20,1,21,,2608,30,0,19 20,1,63,,2609,30,0,19 20,1,21,,2610,30,0,19 20,1,24,,2611,30,0,19 20,1,65,,2612,30,0,19 20,1,24,,2613,30,0,19 20,1,64,,2614,30,0,19 20,1,24,,2615,30,0,19 20,1,24,,2616,30,0,19 20,1,65,,2617,30,0,19 20,1,24,,2618,30,0,19 20,1,64,,2619,30,0,19 20,1,24,,2620,30,0,19 20,1,23,,2621,30,0,19 20,1,64,,2622,30,0,19 20,1,24,,2623,30,0,19 20,1,64,,2624,30,0,19 20,1,24,,2625,30,0,19 20,1,24,,2626,30,0,19 20,1,62,,2627,30,0,19 20,1,24,,2628,30,0,19 20,1,64,,2629,30,0,19 20,1,23,,2630,30,0,19 20,1,24,,2631,30,0,19 20,1,61,,2632,30,0,19 20,1,22,,2633,30,0,19 20,1,22,,2634,30,0,19 20,1,63,,2635,30,0,19 20,1,23,,2636,30,0,19 20,1,62,,2637,30,0,19 20,1,22,,2638,30,0,19 20,1,22,,2639,30,0,19 20,1,61,,2640,30,0,19 20,1,22,,2641,30,0,19 20,1,20,,2642,30,0,19 20,1,59,,2643,30,0,19 20,1
704,'MASaturday',427,,2644,30,0,19 20,1,20,,2645,30,0,19 20,1,60,,2646,30,0,19 20,1,22,,2647,30,0,19 20,1,21,,2648,30,0,19 20,1,62,,2649,30,0,19 20,1,23,,2650,30,0,19 20,1,24,,2651,30,0,19 20,1,63,,2652,30,0,19 20,1,22,,2653,30,0,19 20,1,61,,2654,30,0,19 20,1,21,,2655,30,0,19 20,1,23,,2656,30,0,19 20,1,66,,2657,30,0,19 20,1,24,,2658,30,0,19 20,1,65,,2659,30,0,19 20,1,27,,2660,30,0,19 20,1,25,,2661,30,0,19 20,1,63,,2662,30,0,19 20,1,25,,2663,30,0,19 20,1,65,,2664,30,0,19 20,1,24,,2665,30,0,19 20,1,25,,2666,30,0,19 20,1,66,,2667,30,0,19 20,1,25,,2668,30,0,19 20,1,65,,2669,30,0,19 20,1,24,,2670,30,0,19 20,1,66,,2671,30,0,19 20,1,25,,2672,30,0,19 20,1,25,,2673,30,0,19 20,1,65,,2674,30,0,19 20,1,25,,2675,30,0,19 20,1,65,,2676,30,0,19 20,1,24,,2677,30,0,19 20,1,23,,2678,30,0,19 20,1,64,,2679,30,0,19 20,1,25,,2680,30,0,19 20,1,65,,2681,30,0,19 20,1,24,,2682,30,0,19 20,1,22,,2683,30,0,19 20,1,62,,2684,30,0,19 20,1,22,,2685,30,0,19 20,1,60,,2686,30,0,19 20,1,21,,2687,30,0,19 20,1,23,,2688,30,0,19 20,1,63,,2689,30,0,19 20,1,23,,2690,30,0,19 20,1,22,,2691,30,0,19 20,1,61,,2692,30,0,19 20,1,20,,2693,30,0,19 20,1,20,,2694,30,0,19 20,1,60,,2695,30,0,19 20,1,21,,2696,30,0,19 20,1,21,,2697,30,0,19 20,1,60,,2698,30,0,19 20,1
704,'MASunday',434,,2699,30,0,19 20,1,80,,2700,30,0,19 20,1,23,,2701,30,0,19 20,1,22,,2702,30,0,19 20,1,61,,2703,30,0,19 20,1,23,,2704,30,0,19 20,1,62,,2705,30,0,19 20,1,23,,2706,30,0,19 20,1,22,,2707,30,0,19 20,1,62,,2708,30,0,19 20,1,23,,2709,30,0,19 20,1,21,,2710,30,0,19 20,1,62,,2711,30,0,19 20,1,23,,2712,30,0,19 20,1,62,,2713,30,0,19 20,1,22,,2714,30,0,19 20,1,21,,2715,30,0,19 20,1,63,,2716,30,0,19 20,1,21,,2717,30,0,19 20,1,24,,2718,30,0,19 20,1,65,,2719,30,0,19 20,1,24,,2720,30,0,19 20,1,64,,2721,30,0,19 20,1,24,,2722,30,0,19 20,1,24,,2723,30,0,19 20,1,65,,2724,30,0,19 20,1,24,,2725,30,0,19 20,1,64,,2726,30,0,19 20,1,24,,2727,30,0,19 20,1,23,,2728,30,0,19 20,1,64,,2729,30,0,19 20,1,24,,2730,30,0,19 20,1,64,,2731,30,0,19 20,1,24,,2732,30,0,19 20,1,24,,2733,30,0,19 20,1,62,,2734,30,0,19 20,1,24,,2735,30,0,19 20,1,64,,2736,30,0,19 20,1,23,,2737,30,0,19 20,1,24,,2738,30,0,19 20,1,61,,2739,30,0,19 20,1,22,,2740,30,0,19 20,1,22,,2741,30,0,19 20,1,63,,2742,30,0,19 20,1,23,,2743,30,0,19 20,1,62,,2744,30,0,19 20,1,22,,2745,30,0,19 20,1,22,,2746,30,0,19 20,1,61,,2747,30,0,19 20,1,22,,2748,30,0,19 20,1,20,,2749,30,0,19 20,1,59,,2750,30,0,19 20,1
704,'MAWeekday',552,,2751,30,0,19 20,1,63,,2752,30,0,19 20,1,27,,2788,30,0,19 20,1,83,,2753,30,0,19 20,1,106,,2754,30,0,19 20,1,24,,2755,30,0,19 20,1,63,,2787,30,0,19 20,1,92,,2756,30,0,19 20,1,28,,2789,30,0,19 20,1,65,,2757,30,0,19 20,1,26,,2758,30,0,19 20,1,25,,2759,30,0,19 20,1,91,,2760,30,0,19 20,1,64,,2761,30,0,19 20,1,19,,2790,30,0,19 20,1,20,,2762,30,0,19 20,1,64,,2763,30,0,19 20,1,25,,2764,30,0,19 20,1,91,,2765,30,0,19 20,1,28,,2766,30,0,19 20,1,67,,2767,30,0,19 20,1,25,,2768,30,0,19 20,1,65,,2769,30,0,19 20,1,26,,2770,30,0,19 20,1,88,,2771,30,0,19 20,1,23,,2772,30,0,19 20,1,64,,2773,30,0,19 20,1,23,,2774,30,0,19 20,1,63,,2775,30,0,19 20,1,20,,2776,30,0,19 20,1,86,,2777,30,0,19 20,1,22,,2778,30,0,19 20,1,22,,2779,30,0,19 20,1,75,,2780,30,0,19 20,1,33,,2781,30,0,19 20,1,73,,2782,30,0,19 20,1,76,,2783,30,0,19 20,1,37,,2784,30,0,19 20,1,73,,2785,30,0,19 20,1,37,,2786,30,0,19 20,1
3902,'CPHoliday1',707,,8435,4,0,5,1,40,,8430,4,0,5,1,80,,8424,4,0,5,1,80,,8421,4,0,5,1,42,,8436,4,0,5,1,82,,8433,4,0,5,1,84,,8425,4,0,5,1,85,,8420,4,0,5,1,45,,8437,4,0,5,1,85,,8431,4,0,5,1,85,,8426,4,0,5,1,85,,8419,4,0,5,1,45,,8438,4,0,5,1,86,,8432,4,0,5,1,85,,8427,4,0,5,1,85,,8418,4,0,5,1,45,,8439,4,0,5,1,83,,8428,4,0,5,1,82,,8423,4,0,5,1,42,,8417,4,0,5,1,80,,8434,4,0,5,1,80,,8429,4,0,5,1,36,,8422,4,0,5,1,70,,8416,4,0,5,1
3902,'CPSaturday',918,,8444,4,0,5,1,288,,8443,4,0,5,1,229,,8445,4,0,5,1,70,,8442,4,0,5,1,230,,8446,4,0,5,1,70,,8441,4,0,5,1,227,,8447,4,0,5,1,26,,8440,4,0,5,1
3902,'CPSunday',707,,8467,4,0,5,1,40,,8462,4,0,5,1,80,,8456,4,0,5,1,80,,8453,4,0,5,1,42,,8468,4,0,5,1,82,,8465,4,0,5,1,84,,8457,4,0,5,1,85,,8452,4,0,5,1,45,,8469,4,0,5,1,85,,8463,4,0,5,1,85,,8458,4,0,5,1,85,,8451,4,0,5,1,45,,8470,4,0,5,1,86,,8464,4,0,5,1,85,,8459,4,0,5,1,85,,8450,4,0,5,1,45,,8471,4,0,5,1,83,,8460,4,0,5,1,82,,8455,4,0,5,1,42,,8449,4,0,5,1,80,,8466,4,0,5,1,80,,8461,4,0,5,1,36,,8454,4,0,5,1,70,,8448,4,0,5,1
3902,'MASaturday',705,,8492,4,0,5,1,25,,8488,4,0,5,1,26,,8487,4,0,5,1,66,,8481,4,0,5,1,28,,8496,4,0,5,1,96,,8489,4,0,5,1,68,,8484,4,0,5,1,28,,8480,4,0,5,1,68,,8478,4,0,5,1,28,,8495,4,0,5,1,96,,8490,4,0,5,1,70,,8485,4,0,5,1,31,,8476,4,0,5,1,70,,8472,4,0,5,1,130,,8491,4,0,5,1,70,,8482,4,0,5,1,30,,8477,4,0,5,1,70,,8473,4,0,5,1,130,,8493,4,0,5,1,70,,8483,4,0,5,1,29,,8475,4,0,5,1,70,,8474,4,0,5,1,120,,8494,4,0,5,1,25,,8486,4,0,5,1,60,,8479,4,0,5,1
3902,'MAWeekday',437,,8497,4,0,5,1,15,,8498,4,0,5,1,55,,8499,4,0,5,1,15,,8500,4,0,5,1,16,,8501,4,0,5,1,18,,8502,4,0,5,1,60,,8503,4,0,5,1,21,,8504,4,0,5,1,64,,8505,4,0,5,1,24,,8506,4,0,5,1,23,,8507,4,0,5,1,60,,8508,4,0,5,1,19,,8509,4,0,5,1,19,,8510,4,0,5,1,62,,8511,4,0,5,1,24,,8512,4,0,5,1,76,,8513,4,0,5,1,36,,8514,4,0,5,1,75,,8515,4,0,5,1,36,,8516,4,0,5,1,76,,8517,4,0,5,1,75,,8518,4,0,5,1,36,,8519,4,0,5,1,61,,8520,4,0,5,1,22,,8521,4,0,5,1,20,,8522,4,0,5,1,61,,8523,4,0,5,1,21,,8524,4,0,5,1,21,,8525,4,0,5,1,62,,8526,4,0,5,1,22,,8527,4,0,5,1,22,,8528,4,0,5,1,59,,8529,4,0,5,1,17,,8530,4,0,5,1,18,,8531,4,0,5,1,59,,8532,4,0,5,1,20,,8533,4,0,5,1,19,,8534,4,0,5,1,62,,8535,4,0,5,1,22,,8536,4,0,5,1,23,,8537,4,0,5,1,72,,8538,4,0,5,1,79,,8539,4,0,5,1,39,,8540,4,0,5,1,78,,8541,4,0,5,1,38,,8542,4,0,5,1,78,,8543,4,0,5,1,78,,8544,4,0,5,1,38,,8545,4,0,5,1
4303,'CPWeekday',452,,9089,5,0,5,1,80,,9096,5,0,5,1,80,,9092,5,0,5,1,40,,9094,5,0,5,1,80,,9090,5,0,5,1,80,,9097,5,0,5,1,40,,9093,5,0,5,1,80,,9095,5,0,5,1,80,,9091,5,0,5,1
