704,'CPWeekday',242,,30712,46,0,19 20,1,77,,30713,46,0,19 20,1,88,,30714,46,0,19 20,1,42,,30715,46,0,19 20,1,67,,30725,46,0,19 20,1,24,,30722,46,0,19 20,1,176,,30716,46,0,19 20,1,42,,30724,46,0,19 20,1,63,,30723,46,0,19 20,1,132,,30717,46,0,19 20,1,278,,30718,46,0,19 20,1,286,,30719,46,0,19 20,1,299,,30720,46,0,19 20,1,237,,30721,46,0,19 20,1
704,'MAHoliday1',442,,30726,46,0,19 20,1,80,,30727,46,0,19 20,1,23,,30728,46,0,19 20,1,62,,30729,46,0,19 20,1,21,,30730,46,0,19 20,1,24,,30731,46,0,19 20,1,62,,30732,46,0,19 20,1,23,,30733,46,0,19 20,1,22,,30734,46,0,19 20,1,62,,30735,46,0,19 20,1,23,,30736,46,0,19 20,1,61,,30737,46,0,19 20,1,22,,30738,46,0,19 20,1,23,,30739,46,0,19 20,1,63,,30740,46,0,19 20,1,22,,30741,46,0,19 20,1,21,,30742,46,0,19 20,1,63,,30743,46,0,19 20,1,21,,30744,46,0,19 20,1,64,,30745,46,0,19 20,1,25,,30746,46,0,19 20,1,24,,30747,46,0,19 20,1,64,,30748,46,0,19 20,1,24,,30749,46,0,19 20,1,64,,30750,46,0,19 20,1,25,,30751,46,0,19 20,1,24,,30752,46,0,19 20,1,64,,30753,46,0,19 20,1,24,,30754,46,0,19 20,1,63,,30755,46,0,19 20,1,24,,30756,46,0,19 20,1,24,,30757,46,0,19 20,1,64,,30758,46,0,19 20,1,24,,30759,46,0,19 20,1,64,,30760,46,0,19 20,1,22,,30761,46,0,19 20,1,24,,30762,46,0,19 20,1,64,,30763,46,0,19 20,1,23,,30764,46,0,19 20,1,64,,30765,46,0,19 20,1,21,,30766,46,0,19 20,1,22,,30767,46,0,19 20,1,62,,30768,46,0,19 20,1,23,,30769,46,0,19 20,1,23,,30770,46,0,19 20,1,62,,30771,46,0,19 20,1,22,,30772,46,0,19 20,1,21,,30773,46,0,19 20,1,61,,30774,46,0,19 20,1,22,,30775,46,0,19 20,1,60,,30776,46,0,19 20,1,19,,30777,46,0,19 20,1
704,'MASaturday',436,,30778,46,0,19 20,1,20,,30779,46,0,19 20,1,61,,30780,46,0,19 20,1,22,,30781,46,0,19 20,1,61,,30782,46,0,19 20,1,22,,30783,46,0,19 20,1,23,,30784,46,0,19 20,1,64,,30785,46,0,19 20,1,23,,30786,46,0,19 20,1,22,,30787,46,0,19 20,1,61,,30788,46,0,19 20,1,21,,30789,46,0,19 20,1,23,,30790,46,0,19 20,1,66,,30791,46,0,19 20,1,24,,30792,46,0,19 20,1,65,,30793,46,0,19 20,1,27,,30794,46,0,19 20,1,65,,30795,46,0,19 20,1,23,,30796,46,0,19 20,1,25,,30797,46,0,19 20,1,65,,30798,46,0,19 20,1,24,,30799,46,0,19 20,1,65,,30800,46,0,19 20,1,27,,30801,46,0,19 20,1,65,,30802,46,0,19 20,1,24,,30803,46,0,19 20,1,24,,30804,46,0,19 20,1,66,,30805,46,0,19 20,1,26,,30806,46,0,19 20,1,65,,30807,46,0,19 20,1,25,,30808,46,0,19 20,1,25,,30809,46,0,19 20,1,64,,30810,46,0,19 20,1,24,,30811,46,0,19 20,1,63,,30812,46,0,19 20,1,24,,30813,46,0,19 20,1,25,,30814,46,0,19 20,1,65,,30815,46,0,19 20,1,24,,30816,46,0,19 20,1,62,,30817,46,0,19 20,1,22,,30818,46,0,19 20,1,22,,30819,46,0,19 20,1,59,,30820,46,0,19 20,1,21,,30821,46,0,19 20,1,23,,30822,46,0,19 20,1,64,,30823,46,0,19 20,1,23,,30824,46,0,19 20,1,62,,30825,46,0,19 20,1,21,,30826,46,0,19 20,1,19,,30827,46,0,19 20,1,60,,30828,46,0,19 20,1,20,,30829,46,0,19 20,1,22,,30830,46,0,19 20,1,61,,30831,46,0,19 20,1,19,,30832,46,0,19 20,1
704,'MASunday',442,,30833,46,0,19 20,1,80,,30834,46,0,19 20,1,23,,30835,46,0,19 20,1,62,,30836,46,0,19 20,1,21,,30837,46,0,19 20,1,24,,30838,46,0,19 20,1,62,,30839,46,0,19 20,1,23,,30840,46,0,19 20,1,22,,30841,46,0,19 20,1,62,,30842,46,0,19 20,1,23,,30843,46,0,19 20,1,61,,30844,46,0,19 20,1,22,,30845,46,0,19 20,1,23,,30846,46,0,19 20,1,63,,30847,46,0,19 20,1,22,,30848,46,0,19 20,1,21,,30849,46,0,19 20,1,63,,30850,46,0,19 20,1,21,,30851,46,0,19 20,1,64,,30852,46,0,19 20,1,25,,30853,46,0,19 20,1,24,,30854,46,0,19 20,1,64,,30855,46,0,19 20,1,24,,30856,46,0,19 20,1,64,,30857,46,0,19 20,1,25,,30858,46,0,19 20,1,24,,30859,46,0,19 20,1,64,,30860,46,0,19 20,1,24,,30861,46,0,19 20,1,63,,30862,46,0,19 20,1,24,,30863,46,0,19 20,1,24,,30864,46,0,19 20,1,64,,30865,46,0,19 20,1,24,,30866,46,0,19 20,1,64,,30867,46,0,19 20,1,22,,30868,46,0,19 20,1,24,,30869,46,0,19 20,1,64,,30870,46,0,19 20,1,23,,30871,46,0,19 20,1,64,,30872,46,0,19 20,1,21,,30873,46,0,19 20,1,22,,30874,46,0,19 20,1,62,,30875,46,0,19 20,1,23,,30876,46,0,19 20,1,23,,30877,46,0,19 20,1,62,,30878,46,0,19 20,1,22,,30879,46,0,19 20,1,21,,30880,46,0,19 20,1,61,,30881,46,0,19 20,1,22,,30882,46,0,19 20,1,60,,30883,46,0,19 20,1,19,,30884,46,0,19 20,1
704,'MAWeekday',602,,30885,46,0,19 20,1,25,,30886,46,0,19 20,1,27,,30922,46,0,19 20,1,83,,30887,46,0,19 20,1,105,,30888,46,0,19 20,1,64,,30889,46,0,19 20,1,23,,30921,46,0,19 20,1,93,,30890,46,0,19 20,1,27,,30923,46,0,19 20,1,65,,30891,46,0,19 20,1,26,,30892,46,0,19 20,1,65,,30893,46,0,19 20,1,52,,30894,46,0,19 20,1,64,,30895,46,0,19 20,1,20,,30924,46,0,19 20,1,60,,30896,46,0,19 20,1,24,,30897,46,0,19 20,1,25,,30898,46,0,19 20,1,93,,30899,46,0,19 20,1,68,,30900,46,0,19 20,1,27,,30901,46,0,19 20,1,65,,30902,46,0,19 20,1,25,,30903,46,0,19 20,1,26,,30904,46,0,19 20,1,86,,30905,46,0,19 20,1,63,,30906,46,0,19 20,1,24,,30907,46,0,19 20,1,21,,30908,46,0,19 20,1,62,,30909,46,0,19 20,1,20,,30910,46,0,19 20,1,86,,30911,46,0,19 20,1,22,,30912,46,0,19 20,1,62,,30913,46,0,19 20,1,35,,30914,46,0,19 20,1,73,,30915,46,0,19 20,1,32,,30916,46,0,19 20,1,76,,30917,46,0,19 20,1,37,,30918,46,0,19 20,1,72,,30919,46,0,19 20,1,77,,30920,46,0,19 20,1
3502,'CPHoliday1',621,,35804,19,0,8 9 10,1,25,,35805,19,0,8 9 10,1,65,,35806,19,0,8 9 10,1,20,,35807,19,0,8 9 10,1,20,,35808,19,0,8 9 10,1,61,,35809,19,0,8 9 10,1,22,,35810,19,0,8 9 10,1,22,,35811,19,0,8 9 10,1,63,,35812,19,0,8 9 10,1,22,,35813,19,0,8 9 10,1,63,,35814,19,0,8 9 10,1,22,,35815,19,0,8 9 10,1,20,,35816,19,0,8 9 10,1,60,,35817,19,0,8 9 10,1,20,,35818,19,0,8 9 10,1,20,,35819,19,0,8 9 10,1,60,,35820,19,0,8 9 10,1,19,,35821,19,0,8 9 10,1,20,,35822,19,0,8 9 10,1,60,,35823,19,0,8 9 10,1,20,,35824,19,0,8 9 10,1,21,,35825,19,0,8 9 10,1,60,,35826,19,0,8 9 10,1,20,,35827,19,0,8 9 10,1,20,,35828,19,0,8 9 10,1,60,,35829,19,0,8 9 10,1,21,,35830,19,0,8 9 10,1,20,,35831,19,0,8 9 10,1,60,,35832,19,0,8 9 10,1,20,,35833,19,0,8 9 10,1,20,,35834,19,0,8 9 10,1,60,,35835,19,0,8 9 10,1,20,,35836,19,0,8 9 10,1,20,,35837,19,0,8 9 10,1,60,,35838,19,0,8 9 10,1,20,,35839,19,0,8 9 10,1,20,,35840,19,0,8 9 10,1,61,,35841,19,0,8 9 10,1,20,,35842,19,0,8 9 10,1,20,,35843,19,0,8 9 10,1,60,,35844,19,0,8 9 10,1,19,,35845,19,0,8 9 10,1,21,,35846,19,0,8 9 10,1,65,,35847,19,0,8 9 10,1,23,,35848,19,0,8 9 10,1,64,,35849,19,0,8 9 10,1,22,,35850,19,0,8 9 10,1,22,,35851,19,0,8 9 10,1,61,,35852,19,0,8 9 10,1,20,,35853,19,0,8 9 10,1,19,,35854,19,0,8 9 10,1,57,,35855,19,0,8 9 10,1,17,,35856,19,0,8 9 10,1,18,,35857,19,0,8 9 10,1
3502,'CPSaturday',641,,35909,19,0,8 9 10,1,62,,35910,19,0,8 9 10,1,24,,35911,19,0,8 9 10,1,23,,35912,19,0,8 9 10,1,62,,35906,19,0,8 9 10,1,22,,35908,19,0,8 9 10,1,22,,35907,19,0,8 9 10,1,64,,35905,19,0,8 9 10,1,22,,35904,19,0,8 9 10,1,64,,35900,19,0,8 9 10,1,24,,35899,19,0,8 9 10,1,24,,35902,19,0,8 9 10,1,64,,35903,19,0,8 9 10,1,25,,35901,19,0,8 9 10,1,66,,35898,19,0,8 9 10,1,27,,35895,19,0,8 9 10,1,65,,35897,19,0,8 9 10,1,25,,35896,19,0,8 9 10,1,24,,35893,19,0,8 9 10,1,57,,35894,19,0,8 9 10,1,14,,35892,19,0,8 9 10,1,15,,35891,19,0,8 9 10,1,16,,35890,19,0,8 9 10,1,56,,35889,19,0,8 9 10,1,16,,35887,19,0,8 9 10,1,17,,35886,19,0,8 9 10,1,17,,35885,19,0,8 9 10,1,57,,35884,19,0,8 9 10,1,17,,35882,19,0,8 9 10,1,16,,35881,19,0,8 9 10,1,57,,35880,19,0,8 9 10,1,17,,35876,19,0,8 9 10,1,16,,35873,19,0,8 9 10,1,16,,35872,19,0,8 9 10,1,55,,35888,19,0,8 9 10,1,15,,35866,19,0,8 9 10,1,15,,35883,19,0,8 9 10,1,16,,35877,19,0,8 9 10,1,56,,35863,19,0,8 9 10,1,16,,35874,19,0,8 9 10,1,15,,35865,19,0,8 9 10,1,64,,35864,19,0,8 9 10,1,22,,35867,19,0,8 9 10,1,22,,35868,19,0,8 9 10,1,62,,35861,19,0,8 9 10,1,24,,35879,19,0,8 9 10,1,23,,35860,19,0,8 9 10,1,62,,35875,19,0,8 9 10,1,22,,35870,19,0,8 9 10,1,61,,35859,19,0,8 9 10,1,22,,35869,19,0,8 9 10,1,21,,35862,19,0,8 9 10,1,60,,35878,19,0,8 9 10,1,19,,35858,19,0,8 9 10,1,76,,35871,19,0,8 9 10,1
3502,'CPSunday',621,,35913,19,0,8 9 10,1,25,,35914,19,0,8 9 10,1,65,,35915,19,0,8 9 10,1,20,,35916,19,0,8 9 10,1,20,,35917,19,0,8 9 10,1,61,,35918,19,0,8 9 10,1,22,,35919,19,0,8 9 10,1,22,,35920,19,0,8 9 10,1,63,,35921,19,0,8 9 10,1,22,,35922,19,0,8 9 10,1,63,,35923,19,0,8 9 10,1,22,,35924,19,0,8 9 10,1,20,,35925,19,0,8 9 10,1,60,,35926,19,0,8 9 10,1,20,,35927,19,0,8 9 10,1,20,,35928,19,0,8 9 10,1,60,,35929,19,0,8 9 10,1,19,,35930,19,0,8 9 10,1,20,,35931,19,0,8 9 10,1,60,,35932,19,0,8 9 10,1,20,,35933,19,0,8 9 10,1,21,,35934,19,0,8 9 10,1,60,,35935,19,0,8 9 10,1,20,,35936,19,0,8 9 10,1,20,,35937,19,0,8 9 10,1,60,,35938,19,0,8 9 10,1,21,,35939,19,0,8 9 10,1,20,,35940,19,0,8 9 10,1,60,,35941,19,0,8 9 10,1,20,,35942,19,0,8 9 10,1,20,,35943,19,0,8 9 10,1,60,,35944,19,0,8 9 10,1,20,,35945,19,0,8 9 10,1,20,,35946,19,0,8 9 10,1,60,,35947,19,0,8 9 10,1,20,,35948,19,0,8 9 10,1,20,,35949,19,0,8 9 10,1,61,,35950,19,0,8 9 10,1,20,,35951,19,0,8 9 10,1,20,,35952,19,0,8 9 10,1,60,,35953,19,0,8 9 10,1,19,,35954,19,0,8 9 10,1,21,,35955,19,0,8 9 10,1,65,,35956,19,0,8 9 10,1,23,,35957,19,0,8 9 10,1,64,,35958,19,0,8 9 10,1,22,,35959,19,0,8 9 10,1,22,,35960,19,0,8 9 10,1,61,,35961,19,0,8 9 10,1,20,,35962,19,0,8 9 10,1,19,,35963,19,0,8 9 10,1,57,,35964,19,0,8 9 10,1,17,,35965,19,0,8 9 10,1,18,,35966,19,0,8 9 10,1
3502,'CPWeekday',433,,35967,19,0,8 9 10,1,19,,35968,19,0,8 9 10,1,57,,35969,19,0,8 9 10,1,16,,35970,19,0,8 9 10,1,15,,35971,19,0,8 9 10,1,15,,35972,19,0,8 9 10,1,55,,35973,19,0,8 9 10,1,16,,35974,19,0,8 9 10,1,16,,35975,19,0,8 9 10,1,15,,35976,19,0,8 9 10,1,56,,35977,19,0,8 9 10,1,16,,35978,19,0,8 9 10,1,15,,35979,19,0,8 9 10,1,56,,35980,19,0,8 9 10,1,15,,35981,19,0,8 9 10,1,15,,35982,19,0,8 9 10,1,15,,35983,19,0,8 9 10,1,14,,35984,19,0,8 9 10,1,55,,35985,19,0,8 9 10,1,14,,35986,19,0,8 9 10,1,15,,35987,19,0,8 9 10,1,15,,35988,19,0,8 9 10,1,55,,35989,19,0,8 9 10,1,15,,35990,19,0,8 9 10,1,18,,35991,19,0,8 9 10,1,56,,35992,19,0,8 9 10,1,16,,35993,19,0,8 9 10,1,16,,35994,19,0,8 9 10,1,15,,35995,19,0,8 9 10,1,55,,35996,19,0,8 9 10,1,15,,35997,19,0,8 9 10,1,16,,35998,19,0,8 9 10,1,15,,35999,19,0,8 9 10,1,55,,36000,19,0,8 9 10,1,15,,36001,19,0,8 9 10,1,15,,36002,19,0,8 9 10,1,15,,36003,19,0,8 9 10,1,55,,36004,19,0,8 9 10,1,16,,36005,19,0,8 9 10,1,15,,36006,19,0,8 9 10,1,15,,36007,19,0,8 9 10,1,55,,36008,19,0,8 9 10,1,12,,36009,19,0,8 9 10,1,13,,36010,19,0,8 9 10,1,12,,36011,19,0,8 9 10,1,10,,36012,19,0,8 9 10,1,50,,36013,19,0,8 9 10,1,15,,36014,19,0,8 9 10,1,15,,36015,19,0,8 9 10,1,15,,36016,19,0,8 9 10,1,55,,36017,19,0,8 9 10,1,15,,36018,19,0,8 9 10,1,14,,36019,19,0,8 9 10,1,15,,36020,19,0,8 9 10,1,55,,36021,19,0,8 9 10,1,14,,36022,19,0,8 9 10,1,15,,36023,19,0,8 9 10,1,14,,36024,19,0,8 9 10,1,14,,36025,19,0,8 9 10,1,55,,36026,19,0,8 9 10,1,14,,36027,19,0,8 9 10,1,15,,36028,19,0,8 9 10,1,14,,36029,19,0,8 9 10,1,59,,36030,19,0,8 9 10,1,16,,36031,19,0,8 9 10,1,15,,36032,19,0,8 9 10,1,54,,36033,19,0,8 9 10,1,14,,36034,19,0,8 9 10,1,15,,36035,19,0,8 9 10,1,15,,36036,19,0,8 9 10,1,65,,36037,19,0,8 9 10,1,30,,36038,19,0,8 9 10,1,69,,36039,19,0,8 9 10,1,30,,36040,19,0,8 9 10,1,70,,36041,19,0,8 9 10,1,30,,36042,19,0,8 9 10,1,69,,36043,19,0,8 9 10,1,30,,36044,19,0,8 9 10,1,69,,36045,19,0,8 9 10,1,35,,36046,19,0,8 9 10,1
13502,'CPWeekday',634,,42423,9,0,32 35 28 34 30,1,15,,42424,9,0,32 35 28 34 30,1,55,,42425,9,0,32 35 28 34 30,1,15,,42426,9,0,32 35 28 34 30,1,15,,42427,9,0,32 35 28 34 30,1,15,,42428,9,0,32 35 28 34 30,1,55,,42429,9,0,32 35 28 34 30,1,15,,42430,9,0,32 35 28 34 30,1,15,,42431,9,0,32 35 28 34 30,1,15,,42432,9,0,32 35 28 34 30,1,55,,42433,9,0,32 35 28 34 30,1,15,,42434,9,0,32 35 28 34 30,1,15,,42435,9,0,32 35 28 34 30,1,580,,42436,9,0,32 35 28 34 30,1,15,,42437,9,0,32 35 28 34 30,1,15,,42438,9,0,32 35 28 34 30,1,15,,42439,9,0,32 35 28 34 30,1,55,,42440,9,0,32 35 28 34 30,1,15,,42441,9,0,32 35 28 34 30,1,15,,42442,9,0,32 35 28 34 30,1,15,,42443,9,0,32 35 28 34 30,1,55,,42444,9,0,32 35 28 34 30,1,15,,42445,9,0,32 35 28 34 30,1,15,,42446,9,0,32 35 28 34 30,1,15,,42447,9,0,32 35 28 34 30,1,55,,42448,9,0,32 35 28 34 30,1,15,,42449,9,0,32 35 28 34 30,1
