902,'CPHoliday1',632,,31183,27,0,8 9 10,1,84,,31184,27,0,8 9 10,1,85,,31185,27,0,8 9 10,1,50,,31186,27,0,8 9 10,1,88,,31187,27,0,8 9 10,1,89,,31188,27,0,8 9 10,1,88,,31189,27,0,8 9 10,1,36,,31190,27,0,8 9 10,1,73,,31191,27,0,8 9 10,1,33,,31192,27,0,8 9 10,1,75,,31193,27,0,8 9 10,1,75,,31194,27,0,8 9 10,1,35,,31195,27,0,8 9 10,1,74,,31196,27,0,8 9 10,1,35,,31197,27,0,8 9 10,1,76,,31198,27,0,8 9 10,1,75,,31199,27,0,8 9 10,1,34,,31200,27,0,8 9 10,1,75,,31201,27,0,8 9 10,1,34,,31202,27,0,8 9 10,1,75,,31203,27,0,8 9 10,1,35,,31204,27,0,8 9 10,1,68,,31205,27,0,8 9 10,1,87,,31206,27,0,8 9 10,1,48,,31207,27,0,8 9 10,1,87,,31208,27,0,8 9 10,1,90,,31209,27,0,8 9 10,1
902,'CPSaturday',621,,31210,27,0,8 9 10,1,31,,31211,27,0,8 9 10,1,71,,31212,27,0,8 9 10,1,32,,31213,27,0,8 9 10,1,71,,31214,27,0,8 9 10,1,32,,31215,27,0,8 9 10,1,71,,31216,27,0,8 9 10,1,72,,31217,27,0,8 9 10,1,34,,31218,27,0,8 9 10,1,73,,31219,27,0,8 9 10,1,33,,31220,27,0,8 9 10,1,75,,31221,27,0,8 9 10,1,33,,31222,27,0,8 9 10,1,75,,31223,27,0,8 9 10,1,76,,31224,27,0,8 9 10,1,37,,31225,27,0,8 9 10,1,76,,31226,27,0,8 9 10,1,36,,31227,27,0,8 9 10,1,76,,31228,27,0,8 9 10,1,76,,31229,27,0,8 9 10,1,36,,31230,27,0,8 9 10,1,75,,31231,27,0,8 9 10,1,32,,31232,27,0,8 9 10,1,76,,31233,27,0,8 9 10,1,35,,31234,27,0,8 9 10,1,73,,31235,27,0,8 9 10,1,73,,31236,27,0,8 9 10,1,33,,31237,27,0,8 9 10,1,74,,31238,27,0,8 9 10,1,33,,31239,27,0,8 9 10,1,69,,31240,27,0,8 9 10,1,31,,31241,27,0,8 9 10,1,69,,31242,27,0,8 9 10,1,28,,31243,27,0,8 9 10,1,67,,31244,27,0,8 9 10,1,29,,31245,27,0,8 9 10,1,69,,31246,27,0,8 9 10,1
902,'CPSunday',632,,31247,27,0,8 9 10,1,84,,31248,27,0,8 9 10,1,85,,31249,27,0,8 9 10,1,50,,31250,27,0,8 9 10,1,88,,31251,27,0,8 9 10,1,89,,31252,27,0,8 9 10,1,88,,31253,27,0,8 9 10,1,36,,31254,27,0,8 9 10,1,73,,31255,27,0,8 9 10,1,33,,31256,27,0,8 9 10,1,75,,31257,27,0,8 9 10,1,75,,31258,27,0,8 9 10,1,35,,31259,27,0,8 9 10,1,74,,31260,27,0,8 9 10,1,35,,31261,27,0,8 9 10,1,76,,31262,27,0,8 9 10,1,75,,31263,27,0,8 9 10,1,34,,31264,27,0,8 9 10,1,75,,31265,27,0,8 9 10,1,34,,31266,27,0,8 9 10,1,75,,31267,27,0,8 9 10,1,35,,31268,27,0,8 9 10,1,68,,31269,27,0,8 9 10,1,87,,31270,27,0,8 9 10,1,48,,31271,27,0,8 9 10,1,87,,31272,27,0,8 9 10,1,90,,31273,27,0,8 9 10,1
902,'CPWeekday',522,,31274,27,0,8 9 10,1,26,,31275,27,0,8 9 10,1,65,,31276,28,0,8 9 10,1,23,,31277,28,0,8 9 10,1,23,,31278,28,0,8 9 10,1,60,,31279,28,0,8 9 10,1,23,,31280,28,0,8 9 10,1,62,,31281,28,0,8 9 10,1,28,,31282,28,0,8 9 10,1,20,,31283,28,0,8 9 10,1,66,,31284,27,0,8 9 10,1,24,,31285,27,0,8 9 10,1,63,,31286,27,0,8 9 10,1,24,,31287,27,0,8 9 10,1,20,,31288,27,0,8 9 10,1,60,,31289,27,0,8 9 10,1,28,,31290,27,0,8 9 10,1,68,,31291,27,0,8 9 10,1,28,,31292,27,0,8 9 10,1,68,,31293,27,0,8 9 10,1,28,,31294,27,0,8 9 10,1,28,,31295,27,0,8 9 10,1,68,,31296,27,0,8 9 10,1,33,,31297,27,0,8 9 10,1,68,,31298,27,0,8 9 10,1,30,,31299,27,0,8 9 10,1,70,,31300,27,0,8 9 10,1,21,,31301,28,0,8 9 10,1,64,,31302,28,0,8 9 10,1,27,,31303,28,0,8 9 10,1,20,,31304,28,0,8 9 10,1,69,,31305,28,0,8 9 10,1,29,,31306,28,0,8 9 10,1,68,,31307,28,0,8 9 10,1,23,,31308,28,0,8 9 10,1,63,,31309,28,0,8 9 10,1,24,,31310,27,0,8 9 10,1,67,,31311,27,0,8 9 10,1,29,,31312,27,0,8 9 10,1,27,,31313,27,0,8 9 10,1,66,,31314,27,0,8 9 10,1,25,,31315,27,0,8 9 10,1,65,,31316,27,0,8 9 10,1,25,,31317,27,0,8 9 10,1,65,,31318,27,0,8 9 10,1,26,,31319,27,0,8 9 10,1,80,,31320,27,0,8 9 10,1,43,,31321,27,0,8 9 10,1,80,,31322,27,0,8 9 10,1
1303,'CPHoliday1',643,,32169,27,0,5,1,75,,32170,27,0,5,1,36,,32171,27,0,5,1,75,,32172,27,0,5,1,76,,32173,27,0,5,1,37,,32174,27,0,5,1,79,,32175,27,0,5,1,79,,32176,27,0,5,1,37,,32177,27,0,5,1,81,,32178,27,0,5,1,40,,32179,27,0,5,1,81,,32180,27,0,5,1,80,,32181,27,0,5,1,39,,32182,27,0,5,1,81,,32183,27,0,5,1,80,,32184,27,0,5,1,39,,32185,27,0,5,1,80,,32186,27,0,5,1,80,,32187,27,0,5,1,39,,32188,27,0,5,1,78,,32189,27,0,5,1,79,,32190,27,0,5,1,40,,32191,27,0,5,1,80,,32192,27,0,5,1,85,,32193,27,0,5,1,95,,32194,27,0,5,1,94,,32195,27,0,5,1,94,,32196,27,0,5,1,54,,32197,27,0,5,1
1303,'CPSaturday',451,,32198,27,0,5,1,73,,32199,27,0,5,1,32,,32200,27,0,5,1,74,,32201,27,0,5,1,74,,32202,27,0,5,1,36,,32203,27,0,5,1,76,,32204,27,0,5,1,36,,32205,27,0,5,1,79,,32206,27,0,5,1,26,,32207,27,0,5,1,69,,32208,27,0,5,1,31,,32209,27,0,5,1,69,,32210,27,0,5,1,33,,32211,27,0,5,1,72,,32212,27,0,5,1,72,,32213,27,0,5,1,33,,32214,27,0,5,1,73,,32215,27,0,5,1,31,,32216,27,0,5,1,72,,32217,27,0,5,1,30,,32218,27,0,5,1,70,,32219,27,0,5,1,30,,32220,27,0,5,1,71,,32221,27,0,5,1,33,,32222,27,0,5,1,71,,32223,27,0,5,1,30,,32224,27,0,5,1,72,,32225,27,0,5,1,29,,32226,27,0,5,1,69,,32227,27,0,5,1,29,,32228,27,0,5,1,69,,32229,27,0,5,1,38,,32230,27,0,5,1,90,,32231,27,0,5,1,90,,32232,27,0,5,1,89,,32233,27,0,5,1,89,,32234,27,0,5,1,89,,32235,27,0,5,1
1303,'CPSunday',643,,32236,27,0,5,1,75,,32237,27,0,5,1,36,,32238,27,0,5,1,75,,32239,27,0,5,1,76,,32240,27,0,5,1,37,,32241,27,0,5,1,79,,32242,27,0,5,1,79,,32243,27,0,5,1,37,,32244,27,0,5,1,81,,32245,27,0,5,1,40,,32246,27,0,5,1,81,,32247,27,0,5,1,80,,32248,27,0,5,1,39,,32249,27,0,5,1,81,,32250,27,0,5,1,80,,32251,27,0,5,1,39,,32252,27,0,5,1,80,,32253,27,0,5,1,80,,32254,27,0,5,1,39,,32255,27,0,5,1,78,,32256,27,0,5,1,79,,32257,27,0,5,1,40,,32258,27,0,5,1,80,,32259,27,0,5,1,85,,32260,27,0,5,1,95,,32261,27,0,5,1,94,,32262,27,0,5,1,94,,32263,27,0,5,1,54,,32264,27,0,5,1
1303,'CPWeekday',452,,32268,27,0,5,1,60,,32269,27,0,5,1,28,,32270,27,0,5,1,65,,32271,27,0,5,1,27,,32272,27,0,5,1,26,,32273,27,0,5,1,66,,32274,27,0,5,1,28,,32275,27,0,5,1,70,,32276,27,0,5,1,27,,32277,27,0,5,1,66,,32278,27,0,5,1,25,,32279,27,0,5,1,65,,32280,27,0,5,1,23,,32281,27,0,5,1,25,,32282,27,0,5,1,65,,32283,27,0,5,1,25,,32284,27,0,5,1,66,,32285,27,0,5,1,26,,32286,27,0,5,1,24,,32287,27,0,5,1,64,,32288,27,0,5,1,26,,32289,27,0,5,1,66,,32290,27,0,5,1,22,,32265,5,0,5,1,7,,32291,27,0,5,1,59,,32267,18,0,5,1,7,,32292,27,0,5,1,25,,32293,27,0,5,1,65,,32294,27,0,5,1,24,,32295,27,0,5,1,24,,32296,27,0,5,1,64,,32297,27,0,5,1,23,,32298,27,0,5,1,22,,32299,27,0,5,1,64,,32300,27,0,5,1,23,,32301,27,0,5,1,63,,32302,27,0,5,1,20,,32303,27,0,5,1,22,,32304,27,0,5,1,63,,32305,27,0,5,1,25,,32306,27,0,5,1,68,,32307,27,0,5,1,30,,32308,27,0,5,1,70,,32309,27,0,5,1,50,,32310,27,0,5,1,87,,32311,27,0,5,1,90,,32312,27,0,5,1,89,,32313,27,0,5,1,95,,32314,27,0,5,1,95,,32315,27,0,5,1
1304,'CPHoliday1',726,,32316,23,0,6 7,1,76,,32317,23,0,6 7,1,37,,32318,23,0,6 7,1,76,,32319,23,0,6 7,1,36,,32320,23,0,6 7,1,78,,32321,23,0,6 7,1,78,,32322,23,0,6 7,1,42,,32323,23,0,6 7,1,80,,32324,23,0,6 7,1,80,,32325,23,0,6 7,1,40,,32326,23,0,6 7,1,80,,32327,23,0,6 7,1,80,,32328,23,0,6 7,1,40,,32329,23,0,6 7,1,80,,32330,23,0,6 7,1,80,,32331,23,0,6 7,1,40,,32332,23,0,6 7,1,80,,32333,23,0,6 7,1,80,,32334,23,0,6 7,1,39,,32335,23,0,6 7,1,78,,32336,23,0,6 7,1,80,,32337,23,0,6 7,1,35,,32338,23,0,6 7,1,75,,32339,23,0,6 7,1,95,,32340,23,0,6 7,1,94,,32341,23,0,6 7,1,95,,32342,23,0,6 7,1
1304,'CPSaturday',535,,32343,23,0,6 7,1,72,,32344,23,0,6 7,1,33,,32345,23,0,6 7,1,74,,32346,23,0,6 7,1,38,,32347,23,0,6 7,1,76,,32348,23,0,6 7,1,76,,32349,23,0,6 7,1,36,,32350,23,0,6 7,1,77,,32351,23,0,6 7,1,32,,32352,23,0,6 7,1,70,,32353,23,0,6 7,1,30,,32354,23,0,6 7,1,71,,32355,23,0,6 7,1,30,,32356,23,0,6 7,1,72,,32357,23,0,6 7,1,32,,32358,23,0,6 7,1,71,,32359,23,0,6 7,1,32,,32360,23,0,6 7,1,72,,32361,23,0,6 7,1,73,,32362,23,0,6 7,1,32,,32363,23,0,6 7,1,71,,32364,23,0,6 7,1,32,,32365,23,0,6 7,1,72,,32366,23,0,6 7,1,30,,32367,23,0,6 7,1,70,,32368,23,0,6 7,1,30,,32369,23,0,6 7,1,70,,32370,23,0,6 7,1,29,,32371,23,0,6 7,1,68,,32372,23,0,6 7,1,28,,32373,23,0,6 7,1,68,,32374,23,0,6 7,1,34,,32375,23,0,6 7,1,89,,32376,23,0,6 7,1,90,,32377,23,0,6 7,1,94,,32378,23,0,6 7,1
1304,'CPSunday',726,,32379,23,0,6 7,1,76,,32380,23,0,6 7,1,37,,32381,23,0,6 7,1,76,,32382,23,0,6 7,1,36,,32383,23,0,6 7,1,78,,32384,23,0,6 7,1,78,,32385,23,0,6 7,1,42,,32386,23,0,6 7,1,80,,32387,23,0,6 7,1,80,,32388,23,0,6 7,1,40,,32389,23,0,6 7,1,80,,32390,23,0,6 7,1,80,,32391,23,0,6 7,1,40,,32392,23,0,6 7,1,80,,32393,23,0,6 7,1,80,,32394,23,0,6 7,1,40,,32395,23,0,6 7,1,80,,32396,23,0,6 7,1,80,,32397,23,0,6 7,1,39,,32398,23,0,6 7,1,78,,32399,23,0,6 7,1,80,,32400,23,0,6 7,1,35,,32401,23,0,6 7,1,75,,32402,23,0,6 7,1,95,,32403,23,0,6 7,1,94,,32404,23,0,6 7,1,95,,32405,23,0,6 7,1
1304,'CPWeekday',442,,32409,23,0,6 7,1,61,,32410,23,0,6 7,1,22,,32411,23,0,6 7,1,20,,32412,23,0,6 7,1,66,,32413,23,0,6 7,1,26,,32414,23,0,6 7,1,65,,32415,23,0,6 7,1,27,,32416,23,0,6 7,1,10,,32407,23,0,6 7,1,17,,32417,23,0,6 7,1,56,,32408,23,0,6 7,1,2,,32406,23,0,6 7,1,6,,32418,23,0,6 7,1,27,,32419,23,0,6 7,1,68,,32420,23,0,6 7,1,25,,32421,23,0,6 7,1,64,,32422,23,0,6 7,1,26,,32423,23,0,6 7,1,25,,32424,23,0,6 7,1,65,,32425,23,0,6 7,1,26,,32426,23,0,6 7,1,65,,32427,23,0,6 7,1,24,,32428,23,0,6 7,1,24,,32429,23,0,6 7,1,65,,32430,23,0,6 7,1,25,,32431,23,0,6 7,1,68,,32432,23,0,6 7,1,20,,32433,23,0,6 7,1,20,,32434,23,0,6 7,1,62,,32435,23,0,6 7,1,24,,32436,23,0,6 7,1,64,,32437,23,0,6 7,1,25,,32438,23,0,6 7,1,25,,32439,23,0,6 7,1,65,,32440,23,0,6 7,1,24,,32441,23,0,6 7,1,64,,32442,23,0,6 7,1,24,,32443,23,0,6 7,1,24,,32444,23,0,6 7,1,63,,32445,23,0,6 7,1,22,,32446,23,0,6 7,1,61,,32447,23,0,6 7,1,25,,32448,23,0,6 7,1,30,,32449,23,0,6 7,1,69,,32450,23,0,6 7,1,29,,32451,23,0,6 7,1,64,,32452,23,0,6 7,1,25,,32453,23,0,6 7,1,90,,32454,23,0,6 7,1,89,,32455,23,0,6 7,1,95,,32456,23,0,6 7,1,95,,32457,23,0,6 7,1
4803,'CPHoliday1',611,,38037,17,0,5,1,30,,38038,17,0,5,1,70,,38039,17,0,5,1,36,,38040,17,0,5,1,75,,38041,17,0,5,1,35,,38042,17,0,5,1,76,,38043,17,0,5,1,76,,38044,17,0,5,1,35,,38045,17,0,5,1,79,,38046,17,0,5,1,78,,38047,17,0,5,1,38,,38048,17,0,5,1,78,,38049,17,0,5,1,38,,38050,17,0,5,1,78,,38051,17,0,5,1,78,,38052,17,0,5,1,38,,38053,17,0,5,1,77,,38054,17,0,5,1,78,,38055,17,0,5,1,38,,38056,17,0,5,1,78,,38057,17,0,5,1,38,,38058,17,0,5,1,78,,38059,17,0,5,1,76,,38060,17,0,5,1,35,,38061,17,0,5,1,74,,38062,17,0,5,1,31,,38063,17,0,5,1,70,,38064,17,0,5,1,32,,38065,17,0,5,1
4803,'CPSaturday',513,,38066,17,0,5,1,31,,38067,17,0,5,1,70,,38068,17,0,5,1,32,,38069,17,0,5,1,76,,38070,17,0,5,1,35,,38071,17,0,5,1,77,,38072,17,0,5,1,77,,38073,17,0,5,1,36,,38074,17,0,5,1,77,,38075,17,0,5,1,78,,38076,17,0,5,1,38,,38077,17,0,5,1,79,,38078,17,0,5,1,38,,38079,17,0,5,1,78,,38080,17,0,5,1,78,,38081,17,0,5,1,38,,38082,17,0,5,1,80,,38083,17,0,5,1,80,,38084,17,0,5,1,40,,38085,17,0,5,1,80,,38086,17,0,5,1,79,,38087,17,0,5,1,39,,38088,17,0,5,1,80,,38089,17,0,5,1,77,,38090,17,0,5,1,38,,38091,17,0,5,1,76,,38092,17,0,5,1,34,,38093,17,0,5,1,76,,38094,17,0,5,1,73,,38095,17,0,5,1,34,,38096,17,0,5,1,74,,38097,17,0,5,1,33,,38098,17,0,5,1,74,,38099,17,0,5,1,34,,38100,17,0,5,1,74,,38101,17,0,5,1,32,,38102,17,0,5,1
4803,'CPSunday',611,,38103,17,0,5,1,30,,38104,17,0,5,1,70,,38105,17,0,5,1,36,,38106,17,0,5,1,75,,38107,17,0,5,1,35,,38108,17,0,5,1,76,,38109,17,0,5,1,76,,38110,17,0,5,1,35,,38111,17,0,5,1,79,,38112,17,0,5,1,78,,38113,17,0,5,1,38,,38114,17,0,5,1,78,,38115,17,0,5,1,38,,38116,17,0,5,1,78,,38117,17,0,5,1,78,,38118,17,0,5,1,38,,38119,17,0,5,1,77,,38120,17,0,5,1,78,,38121,17,0,5,1,38,,38122,17,0,5,1,78,,38123,17,0,5,1,38,,38124,17,0,5,1,78,,38125,17,0,5,1,76,,38126,17,0,5,1,35,,38127,17,0,5,1,74,,38128,17,0,5,1,31,,38129,17,0,5,1,70,,38130,17,0,5,1,32,,38131,17,0,5,1
4803,'CPWeekday',439,,38132,17,0,5,1,85,,38133,17,0,5,1,81,,38134,17,0,5,1,19,,38135,17,0,5,1,18,,38136,17,0,5,1,61,,38137,17,0,5,1,21,,38138,17,0,5,1,23,,38139,17,0,5,1,62,,38140,17,0,5,1,22,,38141,17,0,5,1,22,,38142,17,0,5,1,62,,38143,17,0,5,1,24,,38144,17,0,5,1,65,,38145,17,0,5,1,29,,38146,17,0,5,1,68,,38147,17,0,5,1,30,,38148,17,0,5,1,70,,38149,17,0,5,1,30,,38150,17,0,5,1,28,,38151,17,0,5,1,68,,38152,17,0,5,1,28,,38153,17,0,5,1,63,,38154,17,0,5,1,22,,38155,17,0,5,1,64,,38156,17,0,5,1,25,,38157,17,0,5,1,24,,38158,17,0,5,1,64,,38159,17,0,5,1,24,,38160,17,0,5,1,64,,38161,17,0,5,1,24,,38162,17,0,5,1,24,,38163,17,0,5,1,64,,38164,17,0,5,1,28,,38165,17,0,5,1,79,,38166,17,0,5,1,80,,38167,17,0,5,1,37,,38168,17,0,5,1,77,,38169,17,0,5,1,34,,38170,17,0,5,1,75,,38171,17,0,5,1,75,,38172,17,0,5,1,42,,38173,17,0,5,1,84,,38174,17,0,5,1,80,,38175,17,0,5,1
