101,'CPHoliday1',620,,1,60,0,43 44,1,30,,2,60,0,43 44,1,70,,3,60,0,43 44,1,30,,4,60,0,43 44,1,70,,5,60,0,43 44,1,30,,6,60,0,43 44,1,73,,7,60,0,43 44,1,33,,8,60,0,43 44,1,70,,9,60,0,43 44,1,20,,10,60,0,43 44,1,60,,11,60,0,43 44,1,20,,12,60,0,43 44,1,20,,13,60,0,43 44,1,61,,14,60,0,43 44,1,21,,15,60,0,43 44,1,22,,16,60,0,43 44,1,61,,17,60,0,43 44,1,20,,18,60,0,43 44,1,20,,19,60,0,43 44,1,60,,20,60,0,43 44,1,20,,21,60,0,43 44,1,20,,22,60,0,43 44,1,62,,23,60,0,43 44,1,20,,24,60,0,43 44,1,21,,25,60,0,43 44,1,60,,26,60,0,43 44,1,20,,27,60,0,43 44,1,20,,28,60,0,43 44,1,60,,29,60,0,43 44,1,20,,30,60,0,43 44,1,20,,31,60,0,43 44,1,58,,32,60,0,43 44,1,20,,33,60,0,43 44,1,18,,34,60,0,43 44,1,59,,35,60,0,43 44,1,20,,36,60,0,43 44,1,20,,37,60,0,43 44,1,60,,38,60,0,43 44,1,25,,39,60,0,43 44,1,25,,40,60,0,43 44,1,64,,41,60,0,43 44,1,25,,42,60,0,43 44,1,66,,43,60,0,43 44,1,26,,44,60,0,43 44,1,65,,45,60,0,43 44,1,22,,46,60,0,43 44,1,22,,47,60,0,43 44,1,63,,48,60,0,43 44,1,30,,49,60,0,43 44,1,71,,50,60,0,43 44,1,32,,51,60,0,43 44,1,72,,52,60,0,43 44,1
101,'CPSaturday',244,,117,60,0,43 44,1,70,,118,60,0,43 44,1,30,,119,60,0,43 44,1,70,,120,60,0,43 44,1,25,,121,60,0,43 44,1,65,,53,60,0,43 44,1,20,,54,60,0,43 44,1,23,,55,60,0,43 44,1,63,,56,60,0,43 44,1,21,,57,60,0,43 44,1,18,,58,60,0,43 44,1,60,,59,60,0,43 44,1,19,,60,60,0,43 44,1,20,,61,60,0,43 44,1,59,,62,60,0,43 44,1,20,,63,60,0,43 44,1,20,,64,60,0,43 44,1,60,,65,60,0,43 44,1,20,,66,60,0,43 44,1,20,,67,60,0,43 44,1,60,,68,60,0,43 44,1,21,,69,60,0,43 44,1,22,,70,60,0,43 44,1,62,,71,60,0,43 44,1,20,,72,60,0,43 44,1,20,,73,60,0,43 44,1,60,,74,60,0,43 44,1,20,,75,60,0,43 44,1,20,,76,60,0,43 44,1,61,,77,60,0,43 44,1,21,,78,60,0,43 44,1,21,,79,60,0,43 44,1,60,,80,60,0,43 44,1,20,,81,60,0,43 44,1,20,,82,60,0,43 44,1,60,,83,60,0,43 44,1,20,,84,60,0,43 44,1,20,,85,60,0,43 44,1,60,,86,60,0,43 44,1,20,,87,60,0,43 44,1,19,,88,60,0,43 44,1,60,,89,60,0,43 44,1,20,,90,60,0,43 44,1,20,,91,60,0,43 44,1,60,,92,60,0,43 44,1,20,,93,60,0,43 44,1,20,,94,60,0,43 44,1,59,,95,60,0,43 44,1,18,,96,60,0,43 44,1,19,,97,60,0,43 44,1,59,,98,60,0,43 44,1,20,,99,60,0,43 44,1,20,,100,60,0,43 44,1,60,,101,60,0,43 44,1,20,,102,60,0,43 44,1,20,,103,60,0,43 44,1,60,,104,60,0,43 44,1,20,,105,60,0,43 44,1,20,,106,60,0,43 44,1,63,,107,60,0,43 44,1,17,,108,60,0,43 44,1,20,,109,60,0,43 44,1,65,,110,60,0,43 44,1,25,,111,60,0,43 44,1,65,,112,60,0,43 44,1,25,,113,60,0,43 44,1,25,,114,60,0,43 44,1,65,,115,60,0,43 44,1,30,,116,60,0,43 44,1
101,'CPSunday',620,,122,60,0,43 44,1,30,,123,60,0,43 44,1,70,,124,60,0,43 44,1,30,,125,60,0,43 44,1,70,,126,60,0,43 44,1,30,,127,60,0,43 44,1,73,,128,60,0,43 44,1,33,,129,60,0,43 44,1,70,,130,60,0,43 44,1,20,,131,60,0,43 44,1,60,,132,60,0,43 44,1,20,,133,60,0,43 44,1,20,,134,60,0,43 44,1,61,,135,60,0,43 44,1,21,,136,60,0,43 44,1,22,,137,60,0,43 44,1,61,,138,60,0,43 44,1,20,,139,60,0,43 44,1,20,,140,60,0,43 44,1,60,,141,60,0,43 44,1,20,,142,60,0,43 44,1,20,,143,60,0,43 44,1,62,,144,60,0,43 44,1,20,,145,60,0,43 44,1,21,,146,60,0,43 44,1,60,,147,60,0,43 44,1,20,,148,60,0,43 44,1,20,,149,60,0,43 44,1,60,,150,60,0,43 44,1,20,,151,60,0,43 44,1,20,,152,60,0,43 44,1,58,,153,60,0,43 44,1,20,,154,60,0,43 44,1,18,,155,60,0,43 44,1,59,,156,60,0,43 44,1,20,,157,60,0,43 44,1,20,,158,60,0,43 44,1,60,,159,60,0,43 44,1,25,,160,60,0,43 44,1,25,,161,60,0,43 44,1,64,,162,60,0,43 44,1,25,,163,60,0,43 44,1,66,,164,60,0,43 44,1,26,,165,60,0,43 44,1,65,,166,60,0,43 44,1,22,,167,60,0,43 44,1,22,,168,60,0,43 44,1,63,,169,60,0,43 44,1,30,,170,60,0,43 44,1,71,,171,60,0,43 44,1,32,,172,60,0,43 44,1,72,,173,60,0,43 44,1
101,'CPWeekday',243,,255,60,0,43 44,1,70,,256,60,0,43 44,1,30,,257,60,0,43 44,1,70,,258,60,0,43 44,1,33,,259,60,0,43 44,1,75,,174,60,0,43 44,1,15,,175,60,0,43 44,1,15,,176,60,0,43 44,1,55,,177,60,0,43 44,1,15,,178,60,0,43 44,1,16,,179,60,0,43 44,1,21,,180,60,0,43 44,1,58,,181,60,0,43 44,1,16,,182,60,0,43 44,1,15,,183,60,0,43 44,1,55,,184,60,0,43 44,1,15,,185,60,0,43 44,1,15,,186,60,0,43 44,1,15,,187,60,0,43 44,1,55,,188,60,0,43 44,1,15,,189,60,0,43 44,1,15,,190,60,0,43 44,1,15,,191,60,0,43 44,1,55,,192,60,0,43 44,1,15,,193,60,0,43 44,1,15,,194,60,0,43 44,1,15,,195,60,0,43 44,1,55,,196,60,0,43 44,1,15,,197,60,0,43 44,1,15,,198,60,0,43 44,1,15,,199,60,0,43 44,1,55,,200,60,0,43 44,1,15,,201,60,0,43 44,1,15,,202,60,0,43 44,1,15,,203,60,0,43 44,1,55,,204,60,0,43 44,1,15,,205,60,0,43 44,1,15,,206,60,0,43 44,1,15,,207,60,0,43 44,1,55,,208,60,0,43 44,1,16,,209,60,0,43 44,1,17,,210,60,0,43 44,1,15,,211,60,0,43 44,1,57,,212,60,0,43 44,1,15,,213,60,0,43 44,1,15,,214,60,0,43 44,1,15,,215,60,0,43 44,1,57,,216,60,0,43 44,1,15,,217,60,0,43 44,1,15,,218,60,0,43 44,1,15,,219,60,0,43 44,1,55,,220,60,0,43 44,1,15,,221,60,0,43 44,1,15,,222,60,0,43 44,1,15,,223,60,0,43 44,1,55,,224,60,0,43 44,1,13,,225,60,0,43 44,1,16,,226,60,0,43 44,1,14,,227,60,0,43 44,1,53,,228,60,0,43 44,1,16,,229,60,0,43 44,1,18,,230,60,0,43 44,1,16,,231,60,0,43 44,1,53,,232,60,0,43 44,1,12,,233,60,0,43 44,1,13,,234,60,0,43 44,1,12,,235,60,0,43 44,1,13,,236,60,0,43 44,1,55,,237,60,0,43 44,1,15,,238,60,0,43 44,1,15,,239,60,0,43 44,1,15,,240,60,0,43 44,1,53,,241,60,0,43 44,1,13,,242,60,0,43 44,1,17,,243,60,0,43 44,1,18,,244,60,0,43 44,1,58,,245,60,0,43 44,1,18,,246,60,0,43 44,1,20,,247,60,0,43 44,1,60,,248,60,0,43 44,1,20,,249,60,0,43 44,1,20,,250,60,0,43 44,1,60,,251,60,0,43 44,1,20,,252,60,0,43 44,1,20,,253,60,0,43 44,1,58,,254,60,0,43 44,1
1104,'MAHoliday1',658,,3786,12,0,43 44,1,62,,3767,12,0,43 44,1,22,,3754,12,0,43 44,1,62,,3782,12,0,43 44,1,23,,3768,12,0,43 44,1,24,,3753,12,0,43 44,1,62,,3784,12,0,43 44,1,23,,3769,12,0,43 44,1,23,,3755,12,0,43 44,1,65,,3785,12,0,43 44,1,24,,3774,12,0,43 44,1,58,,3757,12,0,43 44,1,17,,3743,12,0,43 44,1,18,,3792,12,0,43 44,1,18,,3775,12,0,43 44,1,58,,3760,12,0,43 44,1,18,,3745,12,0,43 44,1,18,,3793,12,0,43 44,1,58,,3777,12,0,43 44,1,18,,3759,12,0,43 44,1,18,,3744,12,0,43 44,1,59,,3791,12,0,43 44,1,18,,3776,12,0,43 44,1,18,,3761,12,0,43 44,1,59,,3746,12,0,43 44,1,19,,3790,12,0,43 44,1,18,,3773,12,0,43 44,1,19,,3762,12,0,43 44,1,59,,3747,12,0,43 44,1,19,,3789,12,0,43 44,1,19,,3772,12,0,43 44,1,58,,3763,12,0,43 44,1,18,,3748,12,0,43 44,1,19,,3794,12,0,43 44,1,59,,3778,12,0,43 44,1,18,,3756,12,0,43 44,1,19,,3749,12,0,43 44,1,58,,3798,12,0,43 44,1,18,,3779,12,0,43 44,1,17,,3765,12,0,43 44,1,18,,3751,12,0,43 44,1,59,,3797,12,0,43 44,1,17,,3781,12,0,43 44,1,17,,3764,12,0,43 44,1,58,,3752,12,0,43 44,1,18,,3796,12,0,43 44,1,17,,3780,12,0,43 44,1,17,,3758,12,0,43 44,1,57,,3750,12,0,43 44,1,23,,3795,12,0,43 44,1,63,,3770,12,0,43 44,1,21,,3740,12,0,43 44,1,23,,3787,12,0,43 44,1,63,,3771,12,0,43 44,1,22,,3741,12,0,43 44,1,23,,3788,12,0,43 44,1,62,,3766,12,0,43 44,1,21,,3742,12,0,43 44,1,22,,3783,12,0,43 44,1
1104,'MASaturday',539,,3799,12,0,43 44,1,63,,3800,12,0,43 44,1,24,,3801,12,0,43 44,1,24,,3802,12,0,43 44,1,63,,3803,12,0,43 44,1,20,,3804,12,0,43 44,1,17,,3805,12,0,43 44,1,58,,3806,12,0,43 44,1,18,,3807,12,0,43 44,1,18,,3808,12,0,43 44,1,58,,3809,12,0,43 44,1,18,,3810,12,0,43 44,1,5,,3811,12,0,43 44,1,18,,3812,12,0,43 44,1,59,,3813,12,0,43 44,1,18,,3814,12,0,43 44,1,17,,3815,12,0,43 44,1,18,,3816,12,0,43 44,1,59,,3817,12,0,43 44,1,18,,3818,12,0,43 44,1,18,,3819,12,0,43 44,1,58,,3820,12,0,43 44,1,18,,3821,12,0,43 44,1,18,,3822,12,0,43 44,1,58,,3823,12,0,43 44,1,19,,3824,12,0,43 44,1,18,,3825,12,0,43 44,1,19,,3826,12,0,43 44,1,59,,3827,12,0,43 44,1,19,,3828,12,0,43 44,1,19,,3829,12,0,43 44,1,59,,3830,12,0,43 44,1,20,,3831,12,0,43 44,1,19,,3832,12,0,43 44,1,59,,3833,12,0,43 44,1,19,,3834,12,0,43 44,1,19,,3835,12,0,43 44,1,59,,3836,12,0,43 44,1,19,,3837,12,0,43 44,1,19,,3838,12,0,43 44,1,58,,3839,12,0,43 44,1,20,,3840,12,0,43 44,1,19,,3841,12,0,43 44,1,59,,3842,12,0,43 44,1,19,,3843,12,0,43 44,1,19,,3844,12,0,43 44,1,17,,3845,12,0,43 44,1,59,,3846,12,0,43 44,1,18,,3847,12,0,43 44,1,17,,3848,12,0,43 44,1,58,,3849,12,0,43 44,1,18,,3850,12,0,43 44,1,18,,3851,12,0,43 44,1,57,,3852,12,0,43 44,1,16,,3853,12,0,43 44,1,18,,3854,12,0,43 44,1,16,,3855,12,0,43 44,1,57,,3856,12,0,43 44,1,18,,3857,12,0,43 44,1,20,,3858,12,0,43 44,1,62,,3859,12,0,43 44,1,20,,3860,12,0,43 44,1,20,,3861,12,0,43 44,1,61,,3862,12,0,43 44,1,21,,3863,12,0,43 44,1,18,,3864,12,0,43 44,1
1104,'MASunday',658,,3911,12,0,43 44,1,62,,3892,12,0,43 44,1,22,,3879,12,0,43 44,1,62,,3907,12,0,43 44,1,23,,3893,12,0,43 44,1,24,,3878,12,0,43 44,1,62,,3909,12,0,43 44,1,23,,3894,12,0,43 44,1,23,,3880,12,0,43 44,1,65,,3910,12,0,43 44,1,24,,3899,12,0,43 44,1,58,,3882,12,0,43 44,1,17,,3868,12,0,43 44,1,18,,3917,12,0,43 44,1,18,,3900,12,0,43 44,1,58,,3885,12,0,43 44,1,18,,3870,12,0,43 44,1,18,,3918,12,0,43 44,1,58,,3902,12,0,43 44,1,18,,3884,12,0,43 44,1,18,,3869,12,0,43 44,1,59,,3916,12,0,43 44,1,18,,3901,12,0,43 44,1,18,,3886,12,0,43 44,1,59,,3871,12,0,43 44,1,19,,3915,12,0,43 44,1,18,,3898,12,0,43 44,1,19,,3887,12,0,43 44,1,59,,3872,12,0,43 44,1,19,,3914,12,0,43 44,1,19,,3897,12,0,43 44,1,58,,3888,12,0,43 44,1,18,,3873,12,0,43 44,1,19,,3919,12,0,43 44,1,59,,3903,12,0,43 44,1,18,,3881,12,0,43 44,1,19,,3874,12,0,43 44,1,58,,3923,12,0,43 44,1,18,,3904,12,0,43 44,1,17,,3890,12,0,43 44,1,18,,3876,12,0,43 44,1,59,,3922,12,0,43 44,1,17,,3906,12,0,43 44,1,17,,3889,12,0,43 44,1,58,,3877,12,0,43 44,1,18,,3921,12,0,43 44,1,17,,3905,12,0,43 44,1,17,,3883,12,0,43 44,1,57,,3875,12,0,43 44,1,23,,3920,12,0,43 44,1,63,,3895,12,0,43 44,1,21,,3865,12,0,43 44,1,23,,3912,12,0,43 44,1,63,,3896,12,0,43 44,1,22,,3866,12,0,43 44,1,23,,3913,12,0,43 44,1,62,,3891,12,0,43 44,1,21,,3867,12,0,43 44,1,22,,3908,12,0,43 44,1
1104,'MAWeekday',448,,3924,12,0,43 44,1,71,,3925,12,0,43 44,1,13,,3926,12,0,43 44,1,16,,3927,12,0,43 44,1,54,,3928,12,0,43 44,1,13,,3929,12,0,43 44,1,12,,3930,12,0,43 44,1,10,,3931,12,0,43 44,1,10,,3932,12,0,43 44,1,11,,3933,12,0,43 44,1,50,,3934,12,0,43 44,1,10,,3935,12,0,43 44,1,12,,3936,12,0,43 44,1,11,,3937,12,0,43 44,1,9,,3938,12,0,43 44,1,51,,3939,12,0,43 44,1,10,,3940,12,0,43 44,1,10,,3941,12,0,43 44,1,11,,3942,12,0,43 44,1,15,,3943,12,0,43 44,1,55,,3944,12,0,43 44,1,15,,3945,12,0,43 44,1,15,,3946,12,0,43 44,1,15,,3947,12,0,43 44,1,55,,3948,12,0,43 44,1,15,,3949,12,0,43 44,1,15,,3950,12,0,43 44,1,15,,3951,12,0,43 44,1,55,,3952,12,0,43 44,1,15,,3953,12,0,43 44,1,15,,3954,12,0,43 44,1,15,,3955,12,0,43 44,1,55,,3956,12,0,43 44,1,15,,3957,12,0,43 44,1,15,,3958,12,0,43 44,1,15,,3959,12,0,43 44,1,55,,3960,12,0,43 44,1,15,,3961,12,0,43 44,1,15,,3962,12,0,43 44,1,15,,3963,12,0,43 44,1,55,,3964,12,0,43 44,1,17,,3965,12,0,43 44,1,15,,3966,12,0,43 44,1,15,,3967,12,0,43 44,1,54,,3968,12,0,43 44,1,12,,3969,12,0,43 44,1,11,,3970,12,0,43 44,1,12,,3971,12,0,43 44,1,12,,3972,12,0,43 44,1,55,,3973,12,0,43 44,1,13,,3974,12,0,43 44,1,12,,3975,12,0,43 44,1,12,,3976,12,0,43 44,1,12,,3977,12,0,43 44,1,52,,3978,12,0,43 44,1,13,,3979,12,0,43 44,1,12,,3980,12,0,43 44,1,12,,3981,12,0,43 44,1,11,,3982,12,0,43 44,1,53,,3983,12,0,43 44,1,11,,3984,12,0,43 44,1,11,,3985,12,0,43 44,1,12,,3986,12,0,43 44,1,12,,3987,12,0,43 44,1,58,,3988,12,0,43 44,1,19,,3989,12,0,43 44,1,18,,3990,12,0,43 44,1,59,,3991,12,0,43 44,1,18,,3992,12,0,43 44,1,18,,3993,12,0,43 44,1,58,,3994,12,0,43 44,1,18,,3995,12,0,43 44,1,16,,3996,12,0,43 44,1,18,,3997,12,0,43 44,1,64,,3998,12,0,43 44,1,24,,3999,12,0,43 44,1,63,,4000,12,0,43 44,1,22,,4001,12,0,43 44,1,23,,4002,12,0,43 44,1,63,,4003,12,0,43 44,1,21,,4004,12,0,43 44,1,23,,4005,12,0,43 44,1,62,,4006,12,0,43 44,1,29,,4007,12,0,43 44,1,70,,4008,12,0,43 44,1,30,,4009,12,0,43 44,1,69,,4010,12,0,43 44,1
2001,'CPHoliday1',758,,5075,34,0,43 44,1,65,,5076,34,0,43 44,1,26,,5077,34,0,43 44,1,67,,5078,34,0,43 44,1,28,,5079,34,0,43 44,1,68,,5080,34,0,43 44,1,28,,5081,34,0,43 44,1,69,,5082,34,0,43 44,1,30,,5083,34,0,43 44,1,70,,5084,34,0,43 44,1,33,,5085,34,0,43 44,1,74,,5086,34,0,43 44,1,33,,5087,34,0,43 44,1,72,,5088,34,0,43 44,1,32,,5089,34,0,43 44,1,72,,5090,34,0,43 44,1,32,,5091,34,0,43 44,1,72,,5092,34,0,43 44,1,72,,5093,34,0,43 44,1,32,,5094,34,0,43 44,1,72,,5095,34,0,43 44,1,29,,5096,34,0,43 44,1,69,,5097,34,0,43 44,1,29,,5098,34,0,43 44,1,27,,5099,34,0,43 44,1,62,,5100,34,0,43 44,1,28,,5101,34,0,43 44,1
2001,'CPSaturday',642,,5113,34,0,43 44,1,66,,5114,34,0,43 44,1,26,,5125,34,0,43 44,1,70,,5112,34,0,43 44,1,28,,5110,34,0,43 44,1,70,,5108,34,0,43 44,1,32,,5126,34,0,43 44,1,70,,5111,34,0,43 44,1,33,,5109,34,0,43 44,1,71,,5127,34,0,43 44,1,33,,5107,34,0,43 44,1,73,,5106,34,0,43 44,1,33,,5128,34,0,43 44,1,72,,5105,34,0,43 44,1,32,,5104,34,0,43 44,1,72,,5129,34,0,43 44,1,32,,5103,34,0,43 44,1,72,,5102,34,0,43 44,1,32,,5124,34,0,43 44,1,72,,5130,34,0,43 44,1,72,,5121,34,0,43 44,1,32,,5122,34,0,43 44,1,72,,5134,34,0,43 44,1,32,,5123,34,0,43 44,1,72,,5118,34,0,43 44,1,30,,5133,34,0,43 44,1,71,,5119,34,0,43 44,1,32,,5120,34,0,43 44,1,72,,5132,34,0,43 44,1,32,,5115,34,0,43 44,1,68,,5116,34,0,43 44,1,28,,5117,34,0,43 44,1,76,,5131,34,0,43 44,1
2001,'CPSunday',758,,5135,34,0,43 44,1,65,,5136,34,0,43 44,1,26,,5137,34,0,43 44,1,67,,5138,34,0,43 44,1,28,,5139,34,0,43 44,1,68,,5140,34,0,43 44,1,28,,5141,34,0,43 44,1,69,,5142,34,0,43 44,1,30,,5143,34,0,43 44,1,70,,5144,34,0,43 44,1,33,,5145,34,0,43 44,1,74,,5146,34,0,43 44,1,33,,5147,34,0,43 44,1,72,,5148,34,0,43 44,1,32,,5149,34,0,43 44,1,72,,5150,34,0,43 44,1,32,,5151,34,0,43 44,1,72,,5152,34,0,43 44,1,72,,5153,34,0,43 44,1,32,,5154,34,0,43 44,1,72,,5155,34,0,43 44,1,29,,5156,34,0,43 44,1,69,,5157,34,0,43 44,1,29,,5158,34,0,43 44,1,27,,5159,34,0,43 44,1,62,,5160,34,0,43 44,1,28,,5161,34,0,43 44,1
2001,'CPWeekday',508,,5201,34,0,43 44,1,21,,5200,34,0,43 44,1,20,,5206,34,0,43 44,1,63,,5199,34,0,43 44,1,24,,5198,34,0,43 44,1,65,,5191,34,0,43 44,1,22,,5207,34,0,43 44,1,24,,5194,34,0,43 44,1,65,,5188,34,0,43 44,1,25,,5187,34,0,43 44,1,63,,5202,34,0,43 44,1,25,,5190,34,0,43 44,1,22,,5186,34,0,43 44,1,64,,5183,34,0,43 44,1,24,,5204,34,0,43 44,1,24,,5192,34,0,43 44,1,64,,5174,34,0,43 44,1,24,,5176,34,0,43 44,1,64,,5203,34,0,43 44,1,24,,5189,34,0,43 44,1,24,,5177,34,0,43 44,1,65,,5173,34,0,43 44,1,24,,5205,34,0,43 44,1,66,,5193,34,0,43 44,1,24,,5178,34,0,43 44,1,66,,5171,34,0,43 44,1,25,,5210,34,0,43 44,1,20,,5172,34,0,43 44,1,60,,5197,34,0,43 44,1,19,,5179,34,0,43 44,1,25,,5168,34,0,43 44,1,63,,5208,34,0,43 44,1,22,,5167,34,0,43 44,1,62,,5195,34,0,43 44,1,21,,5175,34,0,43 44,1,20,,5169,34,0,43 44,1,60,,5209,34,0,43 44,1,20,,5166,34,0,43 44,1,18,,5196,34,0,43 44,1,17,,5184,34,0,43 44,1,55,,5170,34,0,43 44,1,35,,5165,34,0,43 44,1,79,,5180,34,0,43 44,1,80,,5164,34,0,43 44,1,40,,5181,34,0,43 44,1,77,,5163,34,0,43 44,1,80,,5185,34,0,43 44,1,35,,5162,34,0,43 44,1,76,,5182,34,0,43 44,1
3501,'CPHoliday1',716,,7429,53,0,43 44,1,21,,7423,53,0,43 44,1,21,,7418,53,0,43 44,1,61,,7419,53,0,43 44,1,21,,7420,53,0,43 44,1,62,,7421,53,0,43 44,1,21,,7422,53,0,43 44,1,22,,7425,53,0,43 44,1,63,,7417,53,0,43 44,1,23,,7413,53,0,43 44,1,23,,7414,53,0,43 44,1,63,,7416,53,0,43 44,1,22,,7415,53,0,43 44,1,64,,7411,53,0,43 44,1,23,,7427,53,0,43 44,1,23,,7412,53,0,43 44,1,63,,7408,53,0,43 44,1,24,,7409,53,0,43 44,1,23,,7410,53,0,43 44,1,64,,7405,53,0,43 44,1,22,,7406,53,0,43 44,1,64,,7424,53,0,43 44,1,23,,7407,53,0,43 44,1,25,,7404,53,0,43 44,1,64,,7401,53,0,43 44,1,24,,7403,53,0,43 44,1,64,,7402,53,0,43 44,1,24,,7400,53,0,43 44,1,24,,7426,53,0,43 44,1,63,,7399,53,0,43 44,1,23,,7398,53,0,43 44,1,63,,7397,53,0,43 44,1,23,,7396,53,0,43 44,1,23,,7394,53,0,43 44,1,62,,7392,53,0,43 44,1,21,,7428,53,0,43 44,1,22,,7395,53,0,43 44,1,62,,7390,53,0,43 44,1,23,,7388,53,0,43 44,1,61,,7387,53,0,43 44,1,22,,7385,53,0,43 44,1,19,,7386,53,0,43 44,1,15,,7430,53,0,43 44,1,63,,7393,53,0,43 44,1,20,,7391,53,0,43 44,1,58,,7389,53,0,43 44,1,18,,7384,53,0,43 44,1
3501,'CPSaturday',602,,7486,53,0,43 44,1,22,,7485,53,0,43 44,1,22,,7484,53,0,43 44,1,62,,7481,53,0,43 44,1,20,,7479,53,0,43 44,1,22,,7483,53,0,43 44,1,60,,7482,53,0,43 44,1,24,,7480,53,0,43 44,1,23,,7474,53,0,43 44,1,63,,7475,53,0,43 44,1,26,,7476,53,0,43 44,1,66,,7478,53,0,43 44,1,24,,7477,53,0,43 44,1,65,,7472,53,0,43 44,1,26,,7469,53,0,43 44,1,24,,7470,53,0,43 44,1,64,,7471,53,0,43 44,1,24,,7473,53,0,43 44,1,64,,7468,53,0,43 44,1,25,,7465,53,0,43 44,1,26,,7466,53,0,43 44,1,64,,7467,53,0,43 44,1,19,,7463,53,0,43 44,1,17,,7464,53,0,43 44,1,59,,7462,53,0,43 44,1,18,,7461,53,0,43 44,1,16,,7459,53,0,43 44,1,56,,7460,53,0,43 44,1,17,,7458,53,0,43 44,1,17,,7456,53,0,43 44,1,14,,7455,53,0,43 44,1,56,,7454,53,0,43 44,1,16,,7457,53,0,43 44,1,16,,7452,53,0,43 44,1,16,,7453,53,0,43 44,1,55,,7448,53,0,43 44,1,15,,7445,53,0,43 44,1,15,,7446,53,0,43 44,1,16,,7436,53,0,43 44,1,56,,7442,53,0,43 44,1,16,,7435,53,0,43 44,1,18,,7437,53,0,43 44,1,59,,7438,53,0,43 44,1,24,,7441,53,0,43 44,1,24,,7451,53,0,43 44,1,64,,7434,53,0,43 44,1,21,,7447,53,0,43 44,1,62,,7443,53,0,43 44,1,22,,7432,53,0,43 44,1,22,,7439,53,0,43 44,1,62,,7433,53,0,43 44,1,21,,7449,53,0,43 44,1,22,,7431,53,0,43 44,1,78,,7444,53,0,43 44,1,77,,7440,53,0,43 44,1,37,,7450,53,0,43 44,1
3501,'CPSunday',716,,7532,53,0,43 44,1,21,,7526,53,0,43 44,1,21,,7521,53,0,43 44,1,61,,7522,53,0,43 44,1,21,,7523,53,0,43 44,1,62,,7524,53,0,43 44,1,21,,7525,53,0,43 44,1,22,,7528,53,0,43 44,1,63,,7520,53,0,43 44,1,23,,7516,53,0,43 44,1,23,,7517,53,0,43 44,1,63,,7519,53,0,43 44,1,22,,7518,53,0,43 44,1,64,,7514,53,0,43 44,1,23,,7530,53,0,43 44,1,23,,7515,53,0,43 44,1,63,,7511,53,0,43 44,1,24,,7512,53,0,43 44,1,23,,7513,53,0,43 44,1,64,,7508,53,0,43 44,1,22,,7509,53,0,43 44,1,64,,7527,53,0,43 44,1,23,,7510,53,0,43 44,1,25,,7507,53,0,43 44,1,64,,7504,53,0,43 44,1,24,,7506,53,0,43 44,1,64,,7505,53,0,43 44,1,24,,7503,53,0,43 44,1,24,,7529,53,0,43 44,1,63,,7502,53,0,43 44,1,23,,7501,53,0,43 44,1,63,,7500,53,0,43 44,1,23,,7499,53,0,43 44,1,23,,7497,53,0,43 44,1,62,,7495,53,0,43 44,1,21,,7531,53,0,43 44,1,22,,7498,53,0,43 44,1,62,,7493,53,0,43 44,1,23,,7491,53,0,43 44,1,61,,7490,53,0,43 44,1,22,,7488,53,0,43 44,1,19,,7489,53,0,43 44,1,15,,7533,53,0,43 44,1,63,,7496,53,0,43 44,1,20,,7494,53,0,43 44,1,58,,7492,53,0,43 44,1,18,,7487,53,0,43 44,1
3501,'CPWeekday',426,,7534,53,0,43 44,1,25,,7535,53,0,43 44,1,61,,7536,53,0,43 44,1,20,,7537,53,0,43 44,1,25,,7538,53,0,43 44,1,55,,7539,53,0,43 44,1,17,,7540,53,0,43 44,1,14,,7541,53,0,43 44,1,15,,7542,53,0,43 44,1,54,,7543,53,0,43 44,1,16,,7544,53,0,43 44,1,15,,7545,53,0,43 44,1,14,,7546,53,0,43 44,1,55,,7547,53,0,43 44,1,15,,7548,53,0,43 44,1,15,,7549,53,0,43 44,1,15,,7550,53,0,43 44,1,55,,7551,53,0,43 44,1,15,,7552,53,0,43 44,1,15,,7553,53,0,43 44,1,15,,7554,53,0,43 44,1,51,,7555,53,0,43 44,1,15,,7556,53,0,43 44,1,15,,7557,53,0,43 44,1,15,,7558,53,0,43 44,1,55,,7559,53,0,43 44,1,15,,7560,53,0,43 44,1,14,,7561,53,0,43 44,1,16,,7562,53,0,43 44,1,55,,7563,53,0,43 44,1,14,,7564,53,0,43 44,1,15,,7565,53,0,43 44,1,15,,7566,53,0,43 44,1,55,,7567,53,0,43 44,1,15,,7568,53,0,43 44,1,16,,7569,53,0,43 44,1,15,,7570,53,0,43 44,1,55,,7571,53,0,43 44,1,15,,7572,53,0,43 44,1,10,,7573,53,0,43 44,1,11,,7574,53,0,43 44,1,12,,7575,53,0,43 44,1,54,,7576,53,0,43 44,1,17,,7577,53,0,43 44,1,15,,7578,53,0,43 44,1,17,,7579,53,0,43 44,1,56,,7580,53,0,43 44,1,15,,7581,53,0,43 44,1,16,,7582,53,0,43 44,1,56,,7583,53,0,43 44,1,15,,7584,53,0,43 44,1,16,,7585,53,0,43 44,1,15,,7586,53,0,43 44,1,53,,7587,53,0,43 44,1,14,,7588,53,0,43 44,1,14,,7589,53,0,43 44,1,14,,7590,53,0,43 44,1,14,,7591,53,0,43 44,1,56,,7592,53,0,43 44,1,14,,7593,53,0,43 44,1,12,,7594,53,0,43 44,1,14,,7595,53,0,43 44,1,54,,7596,53,0,43 44,1,15,,7597,53,0,43 44,1,14,,7598,53,0,43 44,1,13,,7599,53,0,43 44,1,54,,7600,53,0,43 44,1,14,,7601,53,0,43 44,1,14,,7602,53,0,43 44,1,15,,7603,53,0,43 44,1,59,,7604,53,0,43 44,1,20,,7605,53,0,43 44,1,28,,7606,53,0,43 44,1,70,,7607,53,0,43 44,1,32,,7608,53,0,43 44,1,73,,7609,53,0,43 44,1,30,,7610,53,0,43 44,1,73,,7611,53,0,43 44,1,75,,7612,53,0,43 44,1
7001,'CPWeekday',1516,,11799,25,0,43 44,1,21,,11800,25,0,43 44,1,21,,11801,25,0,43 44,1,64,,11802,25,0,43 44,1,14,,11803,25,0,43 44,1,17,,11804,25,0,43 44,1,56,,11805,25,0,43 44,1,15,,11806,25,0,43 44,1,14,,11807,25,0,43 44,1,14,,11808,25,0,43 44,1,53,,11809,25,0,43 44,1,12,,11810,25,0,43 44,1,19,,11811,25,0,43 44,1,19,,11812,25,0,43 44,1,59,,11813,25,0,43 44,1
7101,'CPWeekday',1714,,11827,25,0,43 44,1,20,,11828,25,0,43 44,1,22,,11831,25,0,43 44,1,60,,11829,25,0,43 44,1,28,,11830,25,0,43 44,1
10101,'CPHoliday1',819,,11998,16,0,67 33 28 68 30,1,21,,11987,16,0,67 33 28 68 30,1,61,,11986,16,0,67 33 28 68 30,1,20,,12004,16,0,67 33 28 68 30,1,20,,11993,16,0,67 33 28 68 30,1,62,,11980,16,0,67 33 28 68 30,1,20,,11999,16,0,67 33 28 68 30,1,20,,11985,16,0,67 33 28 68 30,1,61,,11979,16,0,67 33 28 68 30,1,21,,12002,16,0,67 33 28 68 30,1,20,,11988,16,0,67 33 28 68 30,1,59,,11973,16,0,67 33 28 68 30,1,18,,11975,16,0,67 33 28 68 30,1,18,,11994,16,0,67 33 28 68 30,1,18,,11981,16,0,67 33 28 68 30,1,62,,11972,16,0,67 33 28 68 30,1,21,,12000,16,0,67 33 28 68 30,1,60,,11991,16,0,67 33 28 68 30,1,20,,11976,16,0,67 33 28 68 30,1,20,,11971,16,0,67 33 28 68 30,1,60,,11996,16,0,67 33 28 68 30,1,21,,11982,16,0,67 33 28 68 30,1,20,,11970,16,0,67 33 28 68 30,1,62,,12001,16,0,67 33 28 68 30,1,20,,11990,16,0,67 33 28 68 30,1,20,,11974,16,0,67 33 28 68 30,1,59,,11967,16,0,67 33 28 68 30,1,18,,11995,16,0,67 33 28 68 30,1,20,,11984,16,0,67 33 28 68 30,1,59,,11968,16,0,67 33 28 68 30,1,20,,12003,16,0,67 33 28 68 30,1,20,,11992,16,0,67 33 28 68 30,1,60,,11977,16,0,67 33 28 68 30,1,18,,11966,16,0,67 33 28 68 30,1,16,,11997,16,0,67 33 28 68 30,1,18,,11983,16,0,67 33 28 68 30,1,64,,11969,16,0,67 33 28 68 30,1,24,,11989,16,0,67 33 28 68 30,1,62,,11978,16,0,67 33 28 68 30,1,20,,11965,16,0,67 33 28 68 30,1
10101,'CPSaturday',819,,12029,16,0,67 33 28 68 30,1,21,,12017,16,0,67 33 28 68 30,1,61,,12018,16,0,67 33 28 68 30,1,20,,12040,16,0,67 33 28 68 30,1,18,,12036,16,0,67 33 28 68 30,1,20,,12022,16,0,67 33 28 68 30,1,58,,12031,16,0,67 33 28 68 30,1,18,,12016,16,0,67 33 28 68 30,1,18,,12010,16,0,67 33 28 68 30,1,61,,12042,16,0,67 33 28 68 30,1,23,,12009,16,0,67 33 28 68 30,1,21,,12034,16,0,67 33 28 68 30,1,60,,12023,16,0,67 33 28 68 30,1,20,,12028,16,0,67 33 28 68 30,1,20,,12015,16,0,67 33 28 68 30,1,62,,12011,16,0,67 33 28 68 30,1,21,,12041,16,0,67 33 28 68 30,1,60,,12008,16,0,67 33 28 68 30,1,20,,12035,16,0,67 33 28 68 30,1,20,,12024,16,0,67 33 28 68 30,1,60,,12030,16,0,67 33 28 68 30,1,21,,12019,16,0,67 33 28 68 30,1,20,,12012,16,0,67 33 28 68 30,1,62,,12043,16,0,67 33 28 68 30,1,20,,12005,16,0,67 33 28 68 30,1,20,,12037,16,0,67 33 28 68 30,1,59,,12026,16,0,67 33 28 68 30,1,18,,12032,16,0,67 33 28 68 30,1,20,,12021,16,0,67 33 28 68 30,1,59,,12014,16,0,67 33 28 68 30,1,20,,12044,16,0,67 33 28 68 30,1,20,,12007,16,0,67 33 28 68 30,1,60,,12039,16,0,67 33 28 68 30,1,18,,12025,16,0,67 33 28 68 30,1,16,,12033,16,0,67 33 28 68 30,1,18,,12020,16,0,67 33 28 68 30,1,65,,12013,16,0,67 33 28 68 30,1,25,,12006,16,0,67 33 28 68 30,1,65,,12038,16,0,67 33 28 68 30,1,25,,12027,16,0,67 33 28 68 30,1
10101,'CPSunday',819,,12078,16,0,67 33 28 68 30,1,21,,12067,16,0,67 33 28 68 30,1,61,,12066,16,0,67 33 28 68 30,1,20,,12084,16,0,67 33 28 68 30,1,20,,12073,16,0,67 33 28 68 30,1,62,,12060,16,0,67 33 28 68 30,1,20,,12079,16,0,67 33 28 68 30,1,20,,12065,16,0,67 33 28 68 30,1,61,,12059,16,0,67 33 28 68 30,1,21,,12082,16,0,67 33 28 68 30,1,20,,12068,16,0,67 33 28 68 30,1,59,,12053,16,0,67 33 28 68 30,1,18,,12055,16,0,67 33 28 68 30,1,18,,12074,16,0,67 33 28 68 30,1,18,,12061,16,0,67 33 28 68 30,1,62,,12052,16,0,67 33 28 68 30,1,21,,12080,16,0,67 33 28 68 30,1,60,,12071,16,0,67 33 28 68 30,1,20,,12056,16,0,67 33 28 68 30,1,20,,12051,16,0,67 33 28 68 30,1,60,,12076,16,0,67 33 28 68 30,1,21,,12062,16,0,67 33 28 68 30,1,20,,12050,16,0,67 33 28 68 30,1,62,,12081,16,0,67 33 28 68 30,1,20,,12070,16,0,67 33 28 68 30,1,20,,12054,16,0,67 33 28 68 30,1,59,,12047,16,0,67 33 28 68 30,1,18,,12075,16,0,67 33 28 68 30,1,20,,12064,16,0,67 33 28 68 30,1,59,,12048,16,0,67 33 28 68 30,1,20,,12083,16,0,67 33 28 68 30,1,20,,12072,16,0,67 33 28 68 30,1,60,,12057,16,0,67 33 28 68 30,1,18,,12046,16,0,67 33 28 68 30,1,16,,12077,16,0,67 33 28 68 30,1,18,,12063,16,0,67 33 28 68 30,1,64,,12049,16,0,67 33 28 68 30,1,24,,12069,16,0,67 33 28 68 30,1,62,,12058,16,0,67 33 28 68 30,1,20,,12045,16,0,67 33 28 68 30,1
10101,'CPWeekday',520,,12085,16,0,67 33 28 68 30,1,31,,12086,16,0,67 33 28 68 30,1,66,,12087,16,0,67 33 28 68 30,1,16,,12088,16,0,67 33 28 68 30,1,15,,12089,16,0,67 33 28 68 30,1,56,,12090,16,0,67 33 28 68 30,1,15,,12091,16,0,67 33 28 68 30,1,16,,12092,16,0,67 33 28 68 30,1,15,,12093,16,0,67 33 28 68 30,1,55,,12094,16,0,67 33 28 68 30,1,14,,12095,16,0,67 33 28 68 30,1,15,,12096,16,0,67 33 28 68 30,1,16,,12097,16,0,67 33 28 68 30,1,55,,12098,16,0,67 33 28 68 30,1,15,,12099,16,0,67 33 28 68 30,1,15,,12100,16,0,67 33 28 68 30,1,15,,12101,16,0,67 33 28 68 30,1,55,,12102,16,0,67 33 28 68 30,1,15,,12103,16,0,67 33 28 68 30,1,16,,12104,16,0,67 33 28 68 30,1,15,,12105,16,0,67 33 28 68 30,1,55,,12106,16,0,67 33 28 68 30,1,15,,12107,16,0,67 33 28 68 30,1,15,,12108,16,0,67 33 28 68 30,1,15,,12109,16,0,67 33 28 68 30,1,55,,12110,16,0,67 33 28 68 30,1,15,,12111,16,0,67 33 28 68 30,1,15,,12112,16,0,67 33 28 68 30,1,15,,12113,16,0,67 33 28 68 30,1,56,,12114,16,0,67 33 28 68 30,1,16,,12115,16,0,67 33 28 68 30,1,15,,12116,16,0,67 33 28 68 30,1,15,,12117,16,0,67 33 28 68 30,1,56,,12118,16,0,67 33 28 68 30,1,15,,12119,16,0,67 33 28 68 30,1,15,,12120,16,0,67 33 28 68 30,1,16,,12121,16,0,67 33 28 68 30,1,55,,12122,16,0,67 33 28 68 30,1,16,,12123,16,0,67 33 28 68 30,1,16,,12124,16,0,67 33 28 68 30,1,17,,12125,16,0,67 33 28 68 30,1,55,,12126,16,0,67 33 28 68 30,1,15,,12127,16,0,67 33 28 68 30,1,15,,12128,16,0,67 33 28 68 30,1,56,,12129,16,0,67 33 28 68 30,1,15,,12130,16,0,67 33 28 68 30,1,15,,12131,16,0,67 33 28 68 30,1,15,,12132,16,0,67 33 28 68 30,1,14,,12133,16,0,67 33 28 68 30,1,55,,12134,16,0,67 33 28 68 30,1,15,,12135,16,0,67 33 28 68 30,1,15,,12136,16,0,67 33 28 68 30,1,14,,12137,16,0,67 33 28 68 30,1,56,,12138,16,0,67 33 28 68 30,1,16,,12139,16,0,67 33 28 68 30,1,17,,12140,16,0,67 33 28 68 30,1,57,,12141,16,0,67 33 28 68 30,1,18,,12142,16,0,67 33 28 68 30,1,17,,12143,16,0,67 33 28 68 30,1,18,,12144,16,0,67 33 28 68 30,1,58,,12145,16,0,67 33 28 68 30,1,18,,12146,16,0,67 33 28 68 30,1,18,,12147,16,0,67 33 28 68 30,1,60,,12148,16,0,67 33 28 68 30,1,20,,12149,16,0,67 33 28 68 30,1,25,,12150,16,0,67 33 28 68 30,1,65,,12151,16,0,67 33 28 68 30,1,30,,12152,16,0,67 33 28 68 30,1,70,,12153,16,0,67 33 28 68 30,1
10804,'CPWeekday',1612,,13082,28,0,41 22 28 42 30,1,34,,13083,28,0,41 22 28 42 30,1,59,,13084,28,0,41 22 28 42 30,1,19,,13085,28,0,41 22 28 42 30,1,8,,13081,28,0,41 22 28 42 30,1,13,,13086,28,0,41 22 28 42 30,1,61,,13087,28,0,41 22 28 42 30,1,18,,13088,28,0,41 22 28 42 30,1,23,,13089,28,0,41 22 28 42 30,1,65,,13090,28,0,41 22 28 42 30,1,27,,13091,28,0,41 22 28 42 30,1,70,,13092,28,0,41 22 28 42 30,1,29,,13093,28,0,41 22 28 42 30,1
10904,'CPHoliday1',745,,13350,19,0,31 22 28 5 30,1,65,,13343,19,0,31 22 28 5 30,1,28,,13339,19,0,31 22 28 5 30,1,66,,13332,19,0,31 22 28 5 30,1,27,,13331,19,0,31 22 28 5 30,1,26,,13349,19,0,31 22 28 5 30,1,65,,13344,19,0,31 22 28 5 30,1,20,,13338,19,0,31 22 28 5 30,1,62,,13328,19,0,31 22 28 5 30,1,21,,13333,19,0,31 22 28 5 30,1,21,,13323,19,0,31 22 28 5 30,1,60,,13321,19,0,31 22 28 5 30,1,21,,13351,19,0,31 22 28 5 30,1,21,,13345,19,0,31 22 28 5 30,1,62,,13337,19,0,31 22 28 5 30,1,20,,13322,19,0,31 22 28 5 30,1,21,,13330,19,0,31 22 28 5 30,1,60,,13324,19,0,31 22 28 5 30,1,20,,13317,19,0,31 22 28 5 30,1,20,,13352,19,0,31 22 28 5 30,1,60,,13346,19,0,31 22 28 5 30,1,21,,13336,19,0,31 22 28 5 30,1,18,,13316,19,0,31 22 28 5 30,1,59,,13335,19,0,31 22 28 5 30,1,19,,13327,19,0,31 22 28 5 30,1,20,,13318,19,0,31 22 28 5 30,1,59,,13355,19,0,31 22 28 5 30,1,20,,13348,19,0,31 22 28 5 30,1,20,,13340,19,0,31 22 28 5 30,1,60,,13313,19,0,31 22 28 5 30,1,19,,13334,19,0,31 22 28 5 30,1,20,,13329,19,0,31 22 28 5 30,1,60,,13320,19,0,31 22 28 5 30,1,19,,13353,19,0,31 22 28 5 30,1,20,,13347,19,0,31 22 28 5 30,1,60,,13341,19,0,31 22 28 5 30,1,24,,13315,19,0,31 22 28 5 30,1,24,,13326,19,0,31 22 28 5 30,1,65,,13319,19,0,31 22 28 5 30,1,25,,13354,19,0,31 22 28 5 30,1,64,,13342,19,0,31 22 28 5 30,1,29,,13314,19,0,31 22 28 5 30,1,69,,13325,19,0,31 22 28 5 30,1
10904,'CPSaturday',656,,13401,19,0,31 22 28 5 30,1,61,,13394,19,0,31 22 28 5 30,1,21,,13387,19,0,31 22 28 5 30,1,21,,13380,19,0,31 22 28 5 30,1,61,,13379,19,0,31 22 28 5 30,1,21,,13372,19,0,31 22 28 5 30,1,60,,13402,19,0,31 22 28 5 30,1,21,,13395,19,0,31 22 28 5 30,1,20,,13388,19,0,31 22 28 5 30,1,61,,13381,19,0,31 22 28 5 30,1,22,,13371,19,0,31 22 28 5 30,1,20,,13373,19,0,31 22 28 5 30,1,60,,13374,19,0,31 22 28 5 30,1,19,,13403,19,0,31 22 28 5 30,1,18,,13396,19,0,31 22 28 5 30,1,58,,13391,19,0,31 22 28 5 30,1,20,,13365,19,0,31 22 28 5 30,1,18,,13384,19,0,31 22 28 5 30,1,19,,13378,19,0,31 22 28 5 30,1,59,,13367,19,0,31 22 28 5 30,1,18,,13363,19,0,31 22 28 5 30,1,18,,13404,19,0,31 22 28 5 30,1,58,,13400,19,0,31 22 28 5 30,1,19,,13392,19,0,31 22 28 5 30,1,18,,13362,19,0,31 22 28 5 30,1,59,,13383,19,0,31 22 28 5 30,1,18,,13375,19,0,31 22 28 5 30,1,18,,13366,19,0,31 22 28 5 30,1,60,,13364,19,0,31 22 28 5 30,1,19,,13406,19,0,31 22 28 5 30,1,20,,13398,19,0,31 22 28 5 30,1,60,,13389,19,0,31 22 28 5 30,1,20,,13359,19,0,31 22 28 5 30,1,20,,13382,19,0,31 22 28 5 30,1,60,,13376,19,0,31 22 28 5 30,1,19,,13368,19,0,31 22 28 5 30,1,19,,13358,19,0,31 22 28 5 30,1,19,,13405,19,0,31 22 28 5 30,1,57,,13397,19,0,31 22 28 5 30,1,17,,13390,19,0,31 22 28 5 30,1,17,,13360,19,0,31 22 28 5 30,1,58,,13385,19,0,31 22 28 5 30,1,18,,13377,19,0,31 22 28 5 30,1,18,,13369,19,0,31 22 28 5 30,1,16,,13357,19,0,31 22 28 5 30,1,64,,13399,19,0,31 22 28 5 30,1,24,,13393,19,0,31 22 28 5 30,1,64,,13361,19,0,31 22 28 5 30,1,25,,13386,19,0,31 22 28 5 30,1,20,,13370,19,0,31 22 28 5 30,1,62,,13356,19,0,31 22 28 5 30,1
10904,'CPSunday',745,,13444,19,0,31 22 28 5 30,1,65,,13437,19,0,31 22 28 5 30,1,28,,13433,19,0,31 22 28 5 30,1,66,,13426,19,0,31 22 28 5 30,1,27,,13425,19,0,31 22 28 5 30,1,26,,13443,19,0,31 22 28 5 30,1,65,,13438,19,0,31 22 28 5 30,1,20,,13432,19,0,31 22 28 5 30,1,62,,13422,19,0,31 22 28 5 30,1,21,,13427,19,0,31 22 28 5 30,1,21,,13417,19,0,31 22 28 5 30,1,60,,13415,19,0,31 22 28 5 30,1,21,,13445,19,0,31 22 28 5 30,1,21,,13439,19,0,31 22 28 5 30,1,62,,13431,19,0,31 22 28 5 30,1,20,,13416,19,0,31 22 28 5 30,1,21,,13424,19,0,31 22 28 5 30,1,60,,13418,19,0,31 22 28 5 30,1,20,,13411,19,0,31 22 28 5 30,1,20,,13446,19,0,31 22 28 5 30,1,60,,13440,19,0,31 22 28 5 30,1,21,,13430,19,0,31 22 28 5 30,1,18,,13410,19,0,31 22 28 5 30,1,59,,13429,19,0,31 22 28 5 30,1,19,,13421,19,0,31 22 28 5 30,1,20,,13412,19,0,31 22 28 5 30,1,59,,13449,19,0,31 22 28 5 30,1,20,,13442,19,0,31 22 28 5 30,1,20,,13434,19,0,31 22 28 5 30,1,60,,13407,19,0,31 22 28 5 30,1,19,,13428,19,0,31 22 28 5 30,1,20,,13423,19,0,31 22 28 5 30,1,60,,13414,19,0,31 22 28 5 30,1,19,,13447,19,0,31 22 28 5 30,1,20,,13441,19,0,31 22 28 5 30,1,60,,13435,19,0,31 22 28 5 30,1,24,,13409,19,0,31 22 28 5 30,1,24,,13420,19,0,31 22 28 5 30,1,65,,13413,19,0,31 22 28 5 30,1,25,,13448,19,0,31 22 28 5 30,1,64,,13436,19,0,31 22 28 5 30,1,29,,13408,19,0,31 22 28 5 30,1,69,,13419,19,0,31 22 28 5 30,1
10904,'CPWeekday',453,,13450,19,0,31 22 28 5 30,1,65,,13451,19,0,31 22 28 5 30,1,28,,13452,19,0,31 22 28 5 30,1,67,,13453,19,0,31 22 28 5 30,1,21,,13454,19,0,31 22 28 5 30,1,19,,13455,19,0,31 22 28 5 30,1,57,,13456,19,0,31 22 28 5 30,1,10,,13457,19,0,31 22 28 5 30,1,10,,13458,19,0,31 22 28 5 30,1,11,,13459,19,0,31 22 28 5 30,1,12,,13460,19,0,31 22 28 5 30,1,52,,13461,19,0,31 22 28 5 30,1,10,,13462,19,0,31 22 28 5 30,1,10,,13463,19,0,31 22 28 5 30,1,10,,13464,19,0,31 22 28 5 30,1,10,,13465,19,0,31 22 28 5 30,1,10,,13466,19,0,31 22 28 5 30,1,50,,13467,19,0,31 22 28 5 30,1,10,,13468,19,0,31 22 28 5 30,1,10,,13469,19,0,31 22 28 5 30,1,10,,13470,19,0,31 22 28 5 30,1,9,,13471,19,0,31 22 28 5 30,1,9,,13472,19,0,31 22 28 5 30,1,49,,13473,19,0,31 22 28 5 30,1,10,,13474,19,0,31 22 28 5 30,1,10,,13475,19,0,31 22 28 5 30,1,10,,13476,19,0,31 22 28 5 30,1,10,,13477,19,0,31 22 28 5 30,1,8,,13478,19,0,31 22 28 5 30,1,50,,13479,19,0,31 22 28 5 30,1,14,,13480,19,0,31 22 28 5 30,1,15,,13481,19,0,31 22 28 5 30,1,15,,13482,19,0,31 22 28 5 30,1,15,,13483,19,0,31 22 28 5 30,1,55,,13484,19,0,31 22 28 5 30,1,14,,13485,19,0,31 22 28 5 30,1,15,,13486,19,0,31 22 28 5 30,1,15,,13487,19,0,31 22 28 5 30,1,55,,13488,19,0,31 22 28 5 30,1,15,,13489,19,0,31 22 28 5 30,1,15,,13490,19,0,31 22 28 5 30,1,15,,13491,19,0,31 22 28 5 30,1,56,,13492,19,0,31 22 28 5 30,1,15,,13493,19,0,31 22 28 5 30,1,15,,13494,19,0,31 22 28 5 30,1,56,,13495,19,0,31 22 28 5 30,1,17,,13496,19,0,31 22 28 5 30,1,16,,13497,19,0,31 22 28 5 30,1,16,,13498,19,0,31 22 28 5 30,1,55,,13499,19,0,31 22 28 5 30,1,15,,13500,19,0,31 22 28 5 30,1,15,,13501,19,0,31 22 28 5 30,1,15,,13502,19,0,31 22 28 5 30,1,55,,13503,19,0,31 22 28 5 30,1,15,,13504,19,0,31 22 28 5 30,1,15,,13505,19,0,31 22 28 5 30,1,15,,13506,19,0,31 22 28 5 30,1,55,,13507,19,0,31 22 28 5 30,1,15,,13508,19,0,31 22 28 5 30,1,15,,13509,19,0,31 22 28 5 30,1,13,,13510,19,0,31 22 28 5 30,1,53,,13511,19,0,31 22 28 5 30,1,15,,13512,19,0,31 22 28 5 30,1,15,,13513,19,0,31 22 28 5 30,1,15,,13514,19,0,31 22 28 5 30,1,13,,13515,19,0,31 22 28 5 30,1,54,,13516,19,0,31 22 28 5 30,1,14,,13517,19,0,31 22 28 5 30,1,15,,13518,19,0,31 22 28 5 30,1,15,,13519,19,0,31 22 28 5 30,1,55,,13520,19,0,31 22 28 5 30,1,14,,13521,19,0,31 22 28 5 30,1,15,,13522,19,0,31 22 28 5 30,1,13,,13523,19,0,31 22 28 5 30,1,55,,13524,19,0,31 22 28 5 30,1,14,,13525,19,0,31 22 28 5 30,1,15,,13526,19,0,31 22 28 5 30,1,16,,13527,19,0,31 22 28 5 30,1,55,,13528,19,0,31 22 28 5 30,1,18,,13529,19,0,31 22 28 5 30,1
12601,'CPWeekday',732,,13849,14,0,65 33 28 66 30,1,21,,13850,14,0,65 33 28 66 30,1,62,,13851,14,0,65 33 28 66 30,1,20,,13852,14,0,65 33 28 66 30,1,20,,13853,14,0,65 33 28 66 30,1,60,,13854,14,0,65 33 28 66 30,1,19,,13855,14,0,65 33 28 66 30,1,20,,13856,14,0,65 33 28 66 30,1,58,,13857,14,0,65 33 28 66 30,1,433,,13858,14,0,65 33 28 66 30,1,61,,13859,14,0,65 33 28 66 30,1,21,,13860,14,0,65 33 28 66 30,1,22,,13861,14,0,65 33 28 66 30,1,60,,13862,14,0,65 33 28 66 30,1,20,,13863,14,0,65 33 28 66 30,1,22,,13864,14,0,65 33 28 66 30,1,63,,13865,14,0,65 33 28 66 30,1,22,,13866,14,0,65 33 28 66 30,1,23,,13867,14,0,65 33 28 66 30,1,60,,13868,14,0,65 33 28 66 30,1,18,,13869,14,0,65 33 28 66 30,1,19,,13870,14,0,65 33 28 66 30,1,60,,13871,14,0,65 33 28 66 30,1,19,,13872,14,0,65 33 28 66 30,1,20,,13873,14,0,65 33 28 66 30,1
13501,'CPWeekday',648,,13898,18,0,32 33 28 34 30,1,55,,13899,18,0,32 33 28 34 30,1,15,,13900,18,0,32 33 28 34 30,1,15,,13901,18,0,32 33 28 34 30,1,15,,13902,18,0,32 33 28 34 30,1,55,,13903,18,0,32 33 28 34 30,1,15,,13904,18,0,32 33 28 34 30,1,15,,13905,18,0,32 33 28 34 30,1,15,,13906,18,0,32 33 28 34 30,1,55,,13907,18,0,32 33 28 34 30,1,15,,13908,18,0,32 33 28 34 30,1,15,,13909,18,0,32 33 28 34 30,1,15,,13910,18,0,32 33 28 34 30,1,55,,13911,18,0,32 33 28 34 30,1,532,,13912,18,0,32 33 28 34 30,1,15,,13913,18,0,32 33 28 34 30,1,55,,13914,18,0,32 33 28 34 30,1,15,,13915,18,0,32 33 28 34 30,1,15,,13916,18,0,32 33 28 34 30,1,15,,13917,18,0,32 33 28 34 30,1,55,,13918,18,0,32 33 28 34 30,1,15,,13919,18,0,32 33 28 34 30,1,15,,13920,18,0,32 33 28 34 30,1,15,,13921,18,0,32 33 28 34 30,1,55,,13922,18,0,32 33 28 34 30,1,15,,13923,18,0,32 33 28 34 30,1,15,,13924,18,0,32 33 28 34 30,1
