1003,'CPHoliday1',824,,3198,45,0,5,1,31,,3197,45,0,5,1,72,,3196,45,0,5,1,73,,3195,45,0,5,1,33,,3194,45,0,5,1,73,,3193,45,0,5,1,36,,3192,45,0,5,1,75,,3191,45,0,5,1,35,,3190,45,0,5,1,75,,3189,45,0,5,1,76,,3188,45,0,5,1,35,,3187,45,0,5,1,77,,3186,45,0,5,1,35,,3185,45,0,5,1,75,,3184,45,0,5,1,75,,3183,45,0,5,1,36,,3179,45,0,5,1,74,,3181,45,0,5,1,36,,3178,45,0,5,1,75,,3177,45,0,5,1,33,,3176,45,0,5,1,74,,3182,45,0,5,1,74,,3175,45,0,5,1,34,,3173,45,0,5,1,73,,3172,45,0,5,1,31,,3180,45,0,5,1,72,,3174,45,0,5,1,30,,3171,45,0,5,1,68,,3199,45,0,5,1,28,,3200,45,0,5,1,68,,3201,45,0,5,1
1003,'CPSaturday',635,,3242,45,0,5,1,65,,3239,45,0,5,1,25,,3237,45,0,5,1,25,,3241,45,0,5,1,65,,3240,45,0,5,1,26,,3238,45,0,5,1,67,,3235,45,0,5,1,27,,3236,45,0,5,1,67,,3233,45,0,5,1,27,,3234,45,0,5,1,28,,3232,45,0,5,1,68,,3231,45,0,5,1,27,,3230,45,0,5,1,68,,3229,45,0,5,1,29,,3228,45,0,5,1,68,,3227,45,0,5,1,28,,3226,45,0,5,1,69,,3225,45,0,5,1,29,,3224,45,0,5,1,69,,3223,45,0,5,1,30,,3222,45,0,5,1,69,,3221,45,0,5,1,29,,3216,45,0,5,1,69,,3215,45,0,5,1,29,,3211,45,0,5,1,69,,3219,45,0,5,1,28,,3210,45,0,5,1,68,,3209,45,0,5,1,28,,3212,45,0,5,1,28,,3206,45,0,5,1,65,,3220,45,0,5,1,26,,3207,45,0,5,1,66,,3203,45,0,5,1,26,,3213,45,0,5,1,67,,3205,45,0,5,1,26,,3218,45,0,5,1,65,,3208,45,0,5,1,25,,3202,45,0,5,1,23,,3214,45,0,5,1,64,,3204,45,0,5,1,23,,3217,45,0,5,1
1003,'CPSunday',824,,3270,45,0,5,1,31,,3269,45,0,5,1,72,,3268,45,0,5,1,73,,3267,45,0,5,1,33,,3266,45,0,5,1,73,,3265,45,0,5,1,36,,3264,45,0,5,1,75,,3263,45,0,5,1,35,,3262,45,0,5,1,75,,3261,45,0,5,1,76,,3260,45,0,5,1,35,,3259,45,0,5,1,77,,3258,45,0,5,1,35,,3257,45,0,5,1,75,,3256,45,0,5,1,75,,3255,45,0,5,1,36,,3251,45,0,5,1,74,,3253,45,0,5,1,36,,3250,45,0,5,1,75,,3249,45,0,5,1,33,,3248,45,0,5,1,74,,3254,45,0,5,1,74,,3247,45,0,5,1,34,,3245,45,0,5,1,73,,3244,45,0,5,1,31,,3252,45,0,5,1,72,,3246,45,0,5,1,30,,3243,45,0,5,1
1003,'CPWeekday',533,,3317,45,0,5,1,21,,3316,45,0,5,1,62,,3318,45,0,5,1,26,,3319,45,0,5,1,63,,3315,45,0,5,1,24,,3314,45,0,5,1,26,,3313,45,0,5,1,66,,3311,45,0,5,1,26,,3312,45,0,5,1,66,,3310,45,0,5,1,26,,3309,45,0,5,1,66,,3307,45,0,5,1,25,,3308,45,0,5,1,24,,3306,45,0,5,1,65,,3305,45,0,5,1,25,,3304,45,0,5,1,65,,3303,45,0,5,1,25,,3302,45,0,5,1,25,,3301,45,0,5,1,65,,3300,45,0,5,1,25,,3299,45,0,5,1,66,,3298,45,0,5,1,27,,3296,45,0,5,1,65,,3297,45,0,5,1,27,,3290,45,0,5,1,25,,3287,45,0,5,1,61,,3286,45,0,5,1,21,,3294,45,0,5,1,62,,3285,45,0,5,1,23,,3283,45,0,5,1,24,,3281,45,0,5,1,64,,3282,45,0,5,1,25,,3280,45,0,5,1,20,,3278,45,0,5,1,59,,3293,45,0,5,1,21,,3289,45,0,5,1,20,,3277,45,0,5,1,61,,3276,45,0,5,1,22,,3279,45,0,5,1,63,,3275,45,0,5,1,34,,3291,45,0,5,1,70,,3288,45,0,5,1,32,,3272,45,0,5,1,73,,3273,45,0,5,1,31,,3292,45,0,5,1,70,,3284,45,0,5,1,29,,3271,45,0,5,1,69,,3274,45,0,5,1,25,,3295,45,0,5,1
3902,'CPHoliday1',740,,8435,39,0,5,1,80,,8430,39,0,5,1,80,,8424,39,0,5,1,42,,8421,39,0,5,1,82,,8436,39,0,5,1,83,,8433,39,0,5,1,44,,8425,39,0,5,1,86,,8420,39,0,5,1,85,,8437,39,0,5,1,85,,8431,39,0,5,1,44,,8426,39,0,5,1,86,,8419,39,0,5,1,85,,8438,39,0,5,1,86,,8432,39,0,5,1,45,,8427,39,0,5,1,84,,8418,39,0,5,1,84,,8439,39,0,5,1,82,,8428,39,0,5,1,41,,8423,39,0,5,1,82,,8417,39,0,5,1,78,,8434,39,0,5,1,40,,8429,39,0,5,1,76,,8422,39,0,5,1,30,,8416,39,0,5,1
3902,'CPSaturday',953,,8444,39,0,5,1,291,,8443,39,0,5,1,273,,8445,39,0,5,1,28,,8442,39,0,5,1,266,,8446,39,0,5,1,30,,8441,39,0,5,1,263,,8447,39,0,5,1,26,,8440,39,0,5,1
3902,'CPSunday',740,,8467,39,0,5,1,80,,8462,39,0,5,1,80,,8456,39,0,5,1,42,,8453,39,0,5,1,82,,8468,39,0,5,1,83,,8465,39,0,5,1,44,,8457,39,0,5,1,86,,8452,39,0,5,1,85,,8469,39,0,5,1,85,,8463,39,0,5,1,44,,8458,39,0,5,1,86,,8451,39,0,5,1,85,,8470,39,0,5,1,86,,8464,39,0,5,1,45,,8459,39,0,5,1,84,,8450,39,0,5,1,84,,8471,39,0,5,1,82,,8460,39,0,5,1,41,,8455,39,0,5,1,82,,8449,39,0,5,1,78,,8466,39,0,5,1,40,,8461,39,0,5,1,76,,8454,39,0,5,1,30,,8448,39,0,5,1
3902,'MASaturday',734,,8492,39,0,5,1,66,,8488,39,0,5,1,27,,8487,39,0,5,1,27,,8481,39,0,5,1,71,,8496,39,0,5,1,96,,8489,39,0,5,1,28,,8484,39,0,5,1,68,,8480,39,0,5,1,28,,8478,39,0,5,1,69,,8495,39,0,5,1,98,,8490,39,0,5,1,32,,8485,39,0,5,1,72,,8476,39,0,5,1,31,,8472,39,0,5,1,167,,8491,39,0,5,1,30,,8482,39,0,5,1,69,,8477,39,0,5,1,28,,8473,39,0,5,1,169,,8493,39,0,5,1,29,,8483,39,0,5,1,69,,8475,39,0,5,1,28,,8474,39,0,5,1,118,,8494,39,0,5,1,62,,8486,39,0,5,1,20,,8479,39,0,5,1
3902,'MAWeekday',505,,8497,40,0,5,1,17,,8498,40,0,5,1,16,,8499,40,0,5,1,17,,8500,40,0,5,1,57,,8501,40,0,5,1,19,,8502,40,0,5,1,21,,8503,40,0,5,1,65,,8504,40,0,5,1,24,,8505,40,0,5,1,66,,8506,40,0,5,1,22,,8507,40,0,5,1,21,,8508,40,0,5,1,58,,8509,40,0,5,1,19,,8510,40,0,5,1,19,,8511,40,0,5,1,62,,8512,39,0,5,1,34,,8513,39,0,5,1,76,,8514,39,0,5,1,35,,8515,39,0,5,1,75,,8516,39,0,5,1,75,,8517,39,0,5,1,35,,8518,39,0,5,1,79,,8519,39,0,5,1,25,,8520,40,0,5,1,65,,8521,40,0,5,1,20,,8522,40,0,5,1,22,,8523,40,0,5,1,64,,8524,40,0,5,1,21,,8525,40,0,5,1,24,,8526,40,0,5,1,62,,8527,40,0,5,1,22,,8528,40,0,5,1,17,,8529,40,0,5,1,55,,8530,40,0,5,1,16,,8531,40,0,5,1,18,,8532,40,0,5,1,59,,8533,40,0,5,1,18,,8534,40,0,5,1,21,,8535,40,0,5,1,60,,8536,39,0,5,1,21,,8537,39,0,5,1,32,,8538,39,0,5,1,79,,8539,39,0,5,1,77,,8540,39,0,5,1,38,,8541,39,0,5,1,77,,8542,39,0,5,1,76,,8543,39,0,5,1,36,,8544,39,0,5,1,78,,8545,39,0,5,1
4303,'CPWeekday',524,,9089,43,0,5,1,80,,9096,43,0,5,1,41,,9092,43,0,5,1,80,,9094,43,0,5,1,80,,9090,43,0,5,1,40,,9097,43,0,5,1,80,,9093,43,0,5,1,76,,9095,43,0,5,1,40,,9091,43,0,5,1
37603,'CPWeekday',1404,,13961,16,0,5,1
