1703,'CPHoliday1',620,,4509,24,4,,1,25,,4510,24,4,,1,64,,4511,24,4,,1,21,,4512,24,4,,1,20,,4513,24,4,,1,61,,4514,24,4,,1,21,,4515,24,4,,1,21,,4516,24,4,,1,61,,4517,24,4,,1,22,,4518,24,4,,1,21,,4519,24,4,,1,61,,4520,24,4,,1,23,,4521,24,4,,1,62,,4522,24,4,,1,23,,4523,24,4,,1,18,,4524,24,4,,1,58,,4525,24,4,,1,18,,4526,24,4,,1,18,,4527,24,4,,1,18,,4528,24,4,,1,58,,4529,24,4,,1,19,,4530,24,4,,1,18,,4531,24,4,,1,58,,4532,24,4,,1,19,,4533,24,4,,1,20,,4534,24,4,,1,59,,4535,24,4,,1,19,,4536,24,4,,1,19,,4537,24,4,,1,60,,4538,24,4,,1,19,,4539,24,4,,1,19,,4540,24,4,,1,59,,4541,24,4,,1,19,,4542,24,4,,1,19,,4543,24,4,,1,19,,4544,24,4,,1,57,,4545,24,4,,1,18,,4546,24,4,,1,18,,4547,24,4,,1,58,,4548,24,4,,1,18,,4549,24,4,,1,18,,4550,24,4,,1,56,,4551,24,4,,1,18,,4552,24,4,,1,33,,4553,24,4,,1,73,,4554,24,4,,1,30,,4555,24,4,,1,70,,4556,24,4,,1,30,,4557,24,4,,1,69,,4558,24,4,,1,27,,4559,24,4,,1,66,,4560,24,4,,1,22,,4561,24,4,,1,65,,4562,24,4,,1
1703,'CPSaturday',510,,4616,24,4,,1,20,,4617,24,4,,1,21,,4618,24,4,,1,61,,4619,24,4,,1,20,,4620,24,4,,1,22,,4589,24,4,,1,63,,4590,24,4,,1,22,,4591,24,4,,1,62,,4592,24,4,,1,22,,4593,24,4,,1,22,,4594,24,4,,1,62,,4595,24,4,,1,22,,4596,24,4,,1,23,,4597,24,4,,1,63,,4598,24,4,,1,18,,4599,24,4,,1,18,,4600,24,4,,1,58,,4601,24,4,,1,20,,4602,24,4,,1,20,,4603,24,4,,1,62,,4604,24,4,,1,20,,4605,24,4,,1,21,,4606,24,4,,1,61,,4607,24,4,,1,21,,4608,24,4,,1,20,,4609,24,4,,1,61,,4610,24,4,,1,20,,4611,24,4,,1,20,,4612,24,4,,1,60,,4613,24,4,,1,20,,4614,24,4,,1,20,,4615,24,4,,1,60,,4563,24,4,,1,20,,4564,24,4,,1,20,,4565,24,4,,1,61,,4566,24,4,,1,20,,4567,24,4,,1,20,,4568,24,4,,1,60,,4569,24,4,,1,20,,4570,24,4,,1,22,,4571,24,4,,1,61,,4572,24,4,,1,19,,4573,24,4,,1,20,,4574,24,4,,1,57,,4575,24,4,,1,18,,4576,24,4,,1,18,,4577,24,4,,1,58,,4578,24,4,,1,17,,4579,24,4,,1,18,,4580,24,4,,1,57,,4581,24,4,,1,32,,4582,24,4,,1,72,,4583,24,4,,1,32,,4584,24,4,,1,70,,4585,24,4,,1,30,,4586,24,4,,1,69,,4587,24,4,,1,29,,4588,24,4,,1
1703,'CPSunday',620,,4621,24,4,,1,25,,4622,24,4,,1,64,,4623,24,4,,1,21,,4624,24,4,,1,20,,4625,24,4,,1,61,,4626,24,4,,1,21,,4627,24,4,,1,21,,4628,24,4,,1,61,,4629,24,4,,1,22,,4630,24,4,,1,21,,4631,24,4,,1,61,,4632,24,4,,1,23,,4633,24,4,,1,62,,4634,24,4,,1,23,,4635,24,4,,1,18,,4636,24,4,,1,58,,4637,24,4,,1,18,,4638,24,4,,1,18,,4639,24,4,,1,18,,4640,24,4,,1,58,,4641,24,4,,1,19,,4642,24,4,,1,18,,4643,24,4,,1,58,,4644,24,4,,1,19,,4645,24,4,,1,20,,4646,24,4,,1,59,,4647,24,4,,1,19,,4648,24,4,,1,19,,4649,24,4,,1,60,,4650,24,4,,1,19,,4651,24,4,,1,19,,4652,24,4,,1,59,,4653,24,4,,1,19,,4654,24,4,,1,19,,4655,24,4,,1,19,,4656,24,4,,1,57,,4657,24,4,,1,18,,4658,24,4,,1,18,,4659,24,4,,1,58,,4660,24,4,,1,18,,4661,24,4,,1,18,,4662,24,4,,1,56,,4663,24,4,,1,18,,4664,24,4,,1,33,,4665,24,4,,1,73,,4666,24,4,,1,30,,4667,24,4,,1,70,,4668,24,4,,1,30,,4669,24,4,,1,69,,4670,24,4,,1,27,,4671,24,4,,1,66,,4672,24,4,,1,22,,4673,24,4,,1
1703,'CPWeekday',249,,4674,24,4,,1,65,,4675,24,4,,1,26,,4676,24,4,,1,66,,4677,24,4,,1,26,,4678,24,4,,1,27,,4679,24,4,,1,69,,4680,24,4,,1,74,,4681,24,4,,1,35,,4682,24,4,,1,20,,4683,24,4,,1,62,,4684,24,4,,1,23,,4685,24,4,,1,60,,4686,24,4,,1,20,,4687,24,4,,1,22,,4688,24,4,,1,60,,4689,24,4,,1,19,,4690,24,4,,1,21,,4691,24,4,,1,61,,4692,24,4,,1,20,,4693,24,4,,1,21,,4694,24,4,,1,61,,4695,24,4,,1,21,,4696,24,4,,1,21,,4697,24,4,,1,61,,4698,24,4,,1,20,,4699,24,4,,1,20,,4700,24,4,,1,61,,4701,24,4,,1,21,,4702,24,4,,1,22,,4703,24,4,,1,61,,4704,24,4,,1,21,,4705,24,4,,1,21,,4706,24,4,,1,55,,4707,24,4,,1,15,,4708,24,4,,1,15,,4709,24,4,,1,14,,4710,24,4,,1,55,,4711,24,4,,1,16,,4712,24,4,,1,16,,4713,24,4,,1,16,,4714,24,4,,1,55,,4715,24,4,,1,15,,4716,24,4,,1,15,,4717,24,4,,1,13,,4718,24,4,,1,54,,4719,24,4,,1,15,,4720,24,4,,1,13,,4721,24,4,,1,14,,4722,24,4,,1,55,,4723,24,4,,1,15,,4724,24,4,,1,16,,4725,24,4,,1,17,,4726,24,4,,1,56,,4727,24,4,,1,17,,4728,24,4,,1,18,,4729,24,4,,1,60,,4730,24,4,,1,20,,4731,24,4,,1,20,,4732,24,4,,1,58,,4733,24,4,,1,19,,4734,24,4,,1,18,,4735,24,4,,1,16,,4736,24,4,,1,55,,4737,24,4,,1,31,,4738,24,4,,1,66,,4739,24,4,,1,24,,4740,24,4,,1,25,,4741,24,4,,1,64,,4742,24,4,,1,25,,4743,24,4,,1,65,,4744,24,4,,1,23,,4745,24,4,,1
1704,'CPHoliday1',555,,4746,1,0,19 20,1,58,,4747,1,0,19 20,1,18,,4748,1,0,19 20,1,20,,4749,1,0,19 20,1,61,,4750,1,0,19 20,1,21,,4751,1,0,19 20,1,21,,4752,1,0,19 20,1,61,,4753,1,0,19 20,1,21,,4754,1,0,19 20,1,21,,4755,1,0,19 20,1,61,,4756,1,0,19 20,1,21,,4757,1,0,19 20,1,61,,4758,1,0,19 20,1,22,,4759,1,0,19 20,1,22,,4760,1,0,19 20,1,62,,4761,1,0,19 20,1,22,,4762,1,0,19 20,1,20,,4763,1,0,19 20,1,58,,4764,1,0,19 20,1,18,,4765,1,0,19 20,1,18,,4766,1,0,19 20,1,58,,4767,1,0,19 20,1,18,,4768,1,0,19 20,1,18,,4769,1,0,19 20,1,19,,4770,1,0,19 20,1,59,,4771,1,0,19 20,1,19,,4772,1,0,19 20,1,19,,4773,1,0,19 20,1,59,,4774,1,0,19 20,1,19,,4775,1,0,19 20,1,19,,4776,1,0,19 20,1,59,,4777,1,0,19 20,1,19,,4778,1,0,19 20,1,19,,4779,1,0,19 20,1,59,,4780,1,0,19 20,1,19,,4781,1,0,19 20,1,19,,4782,1,0,19 20,1,59,,4783,1,0,19 20,1,18,,4784,1,0,19 20,1,18,,4785,1,0,19 20,1,18,,4786,1,0,19 20,1,58,,4787,1,0,19 20,1,18,,4788,1,0,19 20,1,18,,4789,1,0,19 20,1,58,,4790,1,0,19 20,1,18,,4791,1,0,19 20,1,32,,4792,1,0,19 20,1,72,,4793,1,0,19 20,1,70,,4794,1,0,19 20,1,30,,4795,1,0,19 20,1,70,,4796,1,0,19 20,1,28,,4797,1,0,19 20,1,26,,4798,1,0,19 20,1,66,,4799,1,0,19 20,1,25,,4800,1,0,19 20,1
1704,'CPSaturday',514,,4801,1,0,19 20,1,20,,4802,1,0,19 20,1,20,,4803,1,0,19 20,1,62,,4804,1,0,19 20,1,22,,4805,1,0,19 20,1,62,,4806,1,0,19 20,1,22,,4807,1,0,19 20,1,22,,4808,1,0,19 20,1,62,,4809,1,0,19 20,1,22,,4810,1,0,19 20,1,22,,4811,1,0,19 20,1,62,,4812,1,0,19 20,1,22,,4813,1,0,19 20,1,22,,4814,1,0,19 20,1,62,,4815,1,0,19 20,1,20,,4816,1,0,19 20,1,20,,4817,1,0,19 20,1,60,,4818,1,0,19 20,1,20,,4819,1,0,19 20,1,20,,4820,1,0,19 20,1,60,,4821,1,0,19 20,1,20,,4822,1,0,19 20,1,20,,4823,1,0,19 20,1,60,,4824,1,0,19 20,1,20,,4825,1,0,19 20,1,20,,4826,1,0,19 20,1,60,,4827,1,0,19 20,1,20,,4828,1,0,19 20,1,20,,4829,1,0,19 20,1,60,,4830,1,0,19 20,1,20,,4831,1,0,19 20,1,20,,4832,1,0,19 20,1,60,,4833,1,0,19 20,1,20,,4834,1,0,19 20,1,20,,4835,1,0,19 20,1,62,,4836,1,0,19 20,1,22,,4837,1,0,19 20,1,62,,4838,1,0,19 20,1,20,,4839,1,0,19 20,1,20,,4840,1,0,19 20,1,60,,4841,1,0,19 20,1,20,,4842,1,0,19 20,1,20,,4843,1,0,19 20,1,58,,4844,1,0,19 20,1,18,,4845,1,0,19 20,1,18,,4846,1,0,19 20,1,18,,4847,1,0,19 20,1,58,,4848,1,0,19 20,1,18,,4849,1,0,19 20,1,18,,4850,1,0,19 20,1,58,,4851,1,0,19 20,1,32,,4852,1,0,19 20,1,70,,4853,1,0,19 20,1,30,,4854,1,0,19 20,1,70,,4855,1,0,19 20,1,30,,4856,1,0,19 20,1,70,,4857,1,0,19 20,1,30,,4858,1,0,19 20,1
1704,'CPSunday',555,,4859,1,0,19 20,1,58,,4860,1,0,19 20,1,18,,4861,1,0,19 20,1,20,,4862,1,0,19 20,1,61,,4863,1,0,19 20,1,21,,4864,1,0,19 20,1,21,,4865,1,0,19 20,1,61,,4866,1,0,19 20,1,21,,4867,1,0,19 20,1,21,,4868,1,0,19 20,1,61,,4869,1,0,19 20,1,21,,4870,1,0,19 20,1,61,,4871,1,0,19 20,1,22,,4872,1,0,19 20,1,22,,4873,1,0,19 20,1,62,,4874,1,0,19 20,1,22,,4875,1,0,19 20,1,20,,4876,1,0,19 20,1,58,,4877,1,0,19 20,1,18,,4878,1,0,19 20,1,18,,4879,1,0,19 20,1,58,,4880,1,0,19 20,1,18,,4881,1,0,19 20,1,18,,4882,1,0,19 20,1,19,,4883,1,0,19 20,1,59,,4884,1,0,19 20,1,19,,4885,1,0,19 20,1,19,,4886,1,0,19 20,1,59,,4887,1,0,19 20,1,19,,4888,1,0,19 20,1,19,,4889,1,0,19 20,1,59,,4890,1,0,19 20,1,19,,4891,1,0,19 20,1,19,,4892,1,0,19 20,1,59,,4893,1,0,19 20,1,19,,4894,1,0,19 20,1,19,,4895,1,0,19 20,1,59,,4896,1,0,19 20,1,18,,4897,1,0,19 20,1,18,,4898,1,0,19 20,1,18,,4899,1,0,19 20,1,58,,4900,1,0,19 20,1,18,,4901,1,0,19 20,1,18,,4902,1,0,19 20,1,58,,4903,1,0,19 20,1,18,,4904,1,0,19 20,1,32,,4905,1,0,19 20,1,72,,4906,1,0,19 20,1,70,,4907,1,0,19 20,1,30,,4908,1,0,19 20,1,70,,4909,1,0,19 20,1,28,,4910,1,0,19 20,1,26,,4911,1,0,19 20,1,66,,4912,1,0,19 20,1,25,,4913,1,0,19 20,1
1704,'CPWeekday',215,,4914,1,0,19 20,1,20,,4915,1,0,19 20,1,65,,4916,1,0,19 20,1,25,,4917,1,0,19 20,1,25,,4918,1,0,19 20,1,65,,4919,1,0,19 20,1,25,,4920,1,0,19 20,1,65,,4921,1,0,19 20,1,30,,4922,1,0,19 20,1,70,,4923,1,0,19 20,1,20,,4924,1,0,19 20,1,20,,4925,1,0,19 20,1,60,,4926,1,0,19 20,1,20,,4927,1,0,19 20,1,20,,4928,1,0,19 20,1,61,,4929,1,0,19 20,1,21,,4930,1,0,19 20,1,21,,4931,1,0,19 20,1,61,,4932,1,0,19 20,1,20,,4933,1,0,19 20,1,21,,4934,1,0,19 20,1,61,,4935,1,0,19 20,1,20,,4936,1,0,19 20,1,20,,4937,1,0,19 20,1,60,,4938,1,0,19 20,1,21,,4939,1,0,19 20,1,21,,4940,1,0,19 20,1,61,,4941,1,0,19 20,1,21,,4942,1,0,19 20,1,21,,4943,1,0,19 20,1,61,,4944,1,0,19 20,1,21,,4945,1,0,19 20,1,21,,4946,1,0,19 20,1,60,,4947,1,0,19 20,1,14,,4948,1,0,19 20,1,14,,4949,1,0,19 20,1,55,,4950,1,0,19 20,1,15,,4951,1,0,19 20,1,15,,4952,1,0,19 20,1,15,,4953,1,0,19 20,1,55,,4954,1,0,19 20,1,15,,4955,1,0,19 20,1,15,,4956,1,0,19 20,1,15,,4957,1,0,19 20,1,56,,4958,1,0,19 20,1,16,,4959,1,0,19 20,1,15,,4960,1,0,19 20,1,15,,4961,1,0,19 20,1,55,,4962,1,0,19 20,1,14,,4963,1,0,19 20,1,14,,4964,1,0,19 20,1,14,,4965,1,0,19 20,1,56,,4966,1,0,19 20,1,18,,4967,1,0,19 20,1,20,,4968,1,0,19 20,1,60,,4969,1,0,19 20,1,20,,4970,1,0,19 20,1,20,,4971,1,0,19 20,1,60,,4972,1,0,19 20,1,20,,4973,1,0,19 20,1,20,,4974,1,0,19 20,1,60,,4975,1,0,19 20,1,20,,4976,1,0,19 20,1,28,,4977,1,0,19 20,1,71,,4978,1,0,19 20,1,31,,4979,1,0,19 20,1,65,,4980,1,0,19 20,1,25,,4981,1,0,19 20,1,65,,4982,1,0,19 20,1,25,,4983,1,0,19 20,1,25,,4984,1,0,19 20,1
5303,'CPWeekday',526,,10279,41,4,,1,22,,10280,41,4,,1,61,,10281,41,4,,1,21,,10282,41,4,,1,23,,10283,41,4,,1,59,,10284,41,4,,1,20,,10285,41,4,,1,21,,10286,41,4,,1,62,,10287,41,4,,1,20,,10288,41,4,,1,20,,10289,41,4,,1,64,,10290,41,4,,1,22,,10291,41,4,,1,74,,10292,41,4,,1,34,,10293,41,4,,1,73,,10294,41,4,,1,33,,10295,41,4,,1,73,,10296,41,4,,1,72,,10297,41,4,,1,32,,10298,41,4,,1,70,,10299,41,4,,1,23,,10300,41,4,,1,19,,10301,41,4,,1,58,,10302,41,4,,1,19,,10303,41,4,,1,19,,10304,41,4,,1,19,,10305,41,4,,1,58,,10306,41,4,,1,20,,10307,41,4,,1,19,,10308,41,4,,1,61,,10309,41,4,,1,20,,10310,41,4,,1,19,,10311,41,4,,1,60,,10312,41,4,,1,18,,10313,41,4,,1,17,,10314,41,4,,1,62,,10315,41,4,,1,28,,10316,41,4,,1,83,,10317,41,4,,1,83,,10318,41,4,,1,45,,10319,41,4,,1,85,,10320,41,4,,1,87,,10321,41,4,,1,89,,10322,41,4,,1
5304,'CPWeekday',520,,10323,1,0,57 7,1,20,,10324,1,0,57 7,1,60,,10325,1,0,57 7,1,20,,10326,1,0,57 7,1,20,,10327,1,0,57 7,1,60,,10328,1,0,57 7,1,22,,10329,1,0,57 7,1,22,,10330,1,0,57 7,1,62,,10331,1,0,57 7,1,22,,10332,1,0,57 7,1,22,,10333,1,0,57 7,1,65,,10334,1,0,57 7,1,35,,10335,1,0,57 7,1,75,,10336,1,0,57 7,1,75,,10337,1,0,57 7,1,32,,10338,1,0,57 7,1,72,,10339,1,0,57 7,1,32,,10340,1,0,57 7,1,72,,10341,1,0,57 7,1,32,,10342,1,0,57 7,1,70,,10343,1,0,57 7,1,26,,10344,1,0,57 7,1,18,,10345,1,0,57 7,1,58,,10346,1,0,57 7,1,18,,10347,1,0,57 7,1,20,,10348,1,0,57 7,1,60,,10349,1,0,57 7,1,20,,10350,1,0,57 7,1,20,,10351,1,0,57 7,1,60,,10352,1,0,57 7,1,20,,10353,1,0,57 7,1,20,,10354,1,0,57 7,1,60,,10355,1,0,57 7,1,20,,10356,1,0,57 7,1,20,,10357,1,0,57 7,1,62,,10358,1,0,57 7,1,38,,10359,1,0,57 7,1,85,,10360,1,0,57 7,1,85,,10361,1,0,57 7,1,85,,10362,1,0,57 7,1,45,,10363,1,0,57 7,1,85,,10364,1,0,57 7,1,90,,10365,1,0,57 7,1
