402,'CPHoliday1',858,,1704,6,0,57 7,1,80,,1705,6,0,57 7,1,86,,1706,6,0,57 7,1,85,,1707,6,0,57 7,1,45,,1708,6,0,57 7,1,86,,1709,6,0,57 7,1,85,,1710,6,0,57 7,1,85,,1711,6,0,57 7,1,45,,1712,6,0,57 7,1,85,,1713,6,0,57 7,1,85,,1714,6,0,57 7,1,84,,1715,6,0,57 7,1,45,,1716,6,0,57 7,1,85,,1717,6,0,57 7,1,85,,1718,6,0,57 7,1,85,,1719,6,0,57 7,1,40,,1720,6,0,57 7,1
402,'CPSaturday',718,,1721,6,0,57 7,1,85,,1722,6,0,57 7,1,45,,1723,6,0,57 7,1,85,,1724,6,0,57 7,1,85,,1725,6,0,57 7,1,85,,1726,6,0,57 7,1,45,,1727,6,0,57 7,1,86,,1728,6,0,57 7,1,85,,1729,6,0,57 7,1,85,,1730,6,0,57 7,1,45,,1731,6,0,57 7,1,85,,1732,6,0,57 7,1,85,,1733,6,0,57 7,1,85,,1734,6,0,57 7,1,44,,1735,6,0,57 7,1,85,,1736,6,0,57 7,1,85,,1737,6,0,57 7,1,85,,1738,6,0,57 7,1,45,,1739,6,0,57 7,1,84,,1740,6,0,57 7,1,80,,1741,6,0,57 7,1,40,,1742,6,0,57 7,1
402,'CPSunday',858,,1743,6,0,57 7,1,80,,1744,6,0,57 7,1,86,,1745,6,0,57 7,1,85,,1746,6,0,57 7,1,45,,1747,6,0,57 7,1,86,,1748,6,0,57 7,1,85,,1749,6,0,57 7,1,85,,1750,6,0,57 7,1,45,,1751,6,0,57 7,1,85,,1752,6,0,57 7,1,85,,1753,6,0,57 7,1,84,,1754,6,0,57 7,1,45,,1755,6,0,57 7,1,85,,1756,6,0,57 7,1,85,,1757,6,0,57 7,1,85,,1758,6,0,57 7,1,40,,1759,6,0,57 7,1
402,'CPWeekday',527,,1763,6,0,57 7,1,80,,1764,6,0,57 7,1,45,,1765,6,0,57 7,1,60,,1760,6,0,57 7,1,25,,1766,6,0,57 7,1,86,,1767,6,0,57 7,1,85,,1768,6,0,57 7,1,44,,1769,6,0,57 7,1,84,,1770,6,0,57 7,1,84,,1771,6,0,57 7,1,83,,1772,6,0,57 7,1,44,,1773,6,0,57 7,1,85,,1774,6,0,57 7,1,84,,1775,6,0,57 7,1,43,,1776,6,0,57 7,1,76,,1777,6,0,57 7,1,76,,1778,6,0,57 7,1,36,,1779,6,0,57 7,1,76,,1780,6,0,57 7,1,35,,1781,6,0,57 7,1,75,,1782,6,0,57 7,1,74,,1783,6,0,57 7,1,36,,1784,6,0,57 7,1,99,,1785,6,0,57 7,1,100,,1786,6,0,57 7,1,100,,1787,6,0,57 7,1,100,,1788,6,0,57 7,1
504,'MAHoliday1',746,,1967,44,0,54 55 7,1,66,,1968,44,0,54 55 7,1,30,,1969,44,0,54 55 7,1,70,,1970,44,0,54 55 7,1,34,,1971,44,0,54 55 7,1,70,,1972,44,0,54 55 7,1,30,,1973,44,0,54 55 7,1,72,,1974,44,0,54 55 7,1,30,,1975,44,0,54 55 7,1,74,,1976,44,0,54 55 7,1,32,,1977,44,0,54 55 7,1,72,,1978,44,0,54 55 7,1,32,,1979,44,0,54 55 7,1,72,,1980,44,0,54 55 7,1,72,,1981,44,0,54 55 7,1,34,,1982,44,0,54 55 7,1,75,,1983,44,0,54 55 7,1,34,,1984,44,0,54 55 7,1,72,,1985,44,0,54 55 7,1,31,,1986,44,0,54 55 7,1,71,,1987,44,0,54 55 7,1,32,,1988,44,0,54 55 7,1,69,,1989,44,0,54 55 7,1,30,,1990,44,0,54 55 7,1,70,,1991,44,0,54 55 7,1,28,,1992,44,0,54 55 7,1,67,,1993,44,0,54 55 7,1,27,,1994,44,0,54 55 7,1,65,,1995,44,0,54 55 7,1,26,,1996,44,0,54 55 7,1,25,,1997,44,0,54 55 7,1
504,'MASaturday',601,,1998,44,0,54 55 7,1,27,,1999,44,0,54 55 7,1,26,,2000,44,0,54 55 7,1,66,,2001,44,0,54 55 7,1,28,,2002,44,0,54 55 7,1,68,,2003,44,0,54 55 7,1,29,,2004,44,0,54 55 7,1,69,,2005,44,0,54 55 7,1,29,,2006,44,0,54 55 7,1,60,,2007,44,0,54 55 7,1,20,,2008,44,0,54 55 7,1,24,,2009,44,0,54 55 7,1,64,,2010,44,0,54 55 7,1,28,,2011,44,0,54 55 7,1,66,,2012,44,0,54 55 7,1,27,,2013,44,0,54 55 7,1,26,,2014,44,0,54 55 7,1,66,,2015,44,0,54 55 7,1,26,,2016,44,0,54 55 7,1,66,,2017,44,0,54 55 7,1,26,,2018,44,0,54 55 7,1,66,,2019,44,0,54 55 7,1,26,,2020,44,0,54 55 7,1,66,,2021,44,0,54 55 7,1,26,,2022,44,0,54 55 7,1,26,,2023,44,0,54 55 7,1,66,,2024,44,0,54 55 7,1,26,,2025,44,0,54 55 7,1,65,,2026,44,0,54 55 7,1,26,,2027,44,0,54 55 7,1,65,,2028,44,0,54 55 7,1,25,,2029,44,0,54 55 7,1,25,,2030,44,0,54 55 7,1,64,,2031,44,0,54 55 7,1,25,,2032,44,0,54 55 7,1,65,,2033,44,0,54 55 7,1,24,,2034,44,0,54 55 7,1,22,,2035,44,0,54 55 7,1,60,,2036,44,0,54 55 7,1,22,,2037,44,0,54 55 7,1,73,,2038,44,0,54 55 7,1,31,,2039,44,0,54 55 7,1,75,,2040,44,0,54 55 7,1,35,,2041,44,0,54 55 7,1,78,,2042,44,0,54 55 7,1
504,'MASunday',746,,2043,44,0,54 55 7,1,66,,2044,44,0,54 55 7,1,30,,2045,44,0,54 55 7,1,70,,2046,44,0,54 55 7,1,34,,2047,44,0,54 55 7,1,70,,2048,44,0,54 55 7,1,30,,2049,44,0,54 55 7,1,72,,2050,44,0,54 55 7,1,30,,2051,44,0,54 55 7,1,74,,2052,44,0,54 55 7,1,32,,2053,44,0,54 55 7,1,72,,2054,44,0,54 55 7,1,32,,2055,44,0,54 55 7,1,72,,2056,44,0,54 55 7,1,72,,2057,44,0,54 55 7,1,34,,2058,44,0,54 55 7,1,75,,2059,44,0,54 55 7,1,34,,2060,44,0,54 55 7,1,72,,2061,44,0,54 55 7,1,31,,2062,44,0,54 55 7,1,71,,2063,44,0,54 55 7,1,32,,2064,44,0,54 55 7,1,69,,2065,44,0,54 55 7,1,30,,2066,44,0,54 55 7,1,70,,2067,44,0,54 55 7,1,28,,2068,44,0,54 55 7,1,67,,2069,44,0,54 55 7,1,27,,2070,44,0,54 55 7,1,65,,2071,44,0,54 55 7,1,26,,2072,44,0,54 55 7,1,25,,2073,44,0,54 55 7,1
504,'MAWeekday',434,,2074,44,0,54 55 7,1,68,,2075,44,0,54 55 7,1,30,,2076,44,0,54 55 7,1,25,,2077,44,0,54 55 7,1,63,,2078,44,0,54 55 7,1,16,,2079,44,0,54 55 7,1,16,,2080,44,0,54 55 7,1,54,,2081,44,0,54 55 7,1,14,,2082,44,0,54 55 7,1,14,,2083,44,0,54 55 7,1,16,,2084,44,0,54 55 7,1,56,,2085,44,0,54 55 7,1,16,,2086,44,0,54 55 7,1,14,,2087,44,0,54 55 7,1,14,,2088,44,0,54 55 7,1,55,,2089,44,0,54 55 7,1,14,,2090,44,0,54 55 7,1,15,,2091,44,0,54 55 7,1,14,,2092,44,0,54 55 7,1,55,,2093,44,0,54 55 7,1,16,,2094,44,0,54 55 7,1,14,,2095,44,0,54 55 7,1,15,,2096,44,0,54 55 7,1,55,,2097,44,0,54 55 7,1,15,,2098,44,0,54 55 7,1,15,,2099,44,0,54 55 7,1,14,,2100,44,0,54 55 7,1,55,,2101,44,0,54 55 7,1,15,,2102,44,0,54 55 7,1,14,,2103,44,0,54 55 7,1,15,,2104,44,0,54 55 7,1,55,,2105,44,0,54 55 7,1,16,,2106,44,0,54 55 7,1,15,,2107,44,0,54 55 7,1,16,,2108,44,0,54 55 7,1,55,,2109,44,0,54 55 7,1,14,,2110,44,0,54 55 7,1,15,,2111,44,0,54 55 7,1,14,,2112,44,0,54 55 7,1,54,,2113,44,0,54 55 7,1,15,,2114,44,0,54 55 7,1,16,,2115,44,0,54 55 7,1,16,,2116,44,0,54 55 7,1,56,,2117,44,0,54 55 7,1,15,,2118,44,0,54 55 7,1,15,,2119,44,0,54 55 7,1,15,,2120,44,0,54 55 7,1,56,,2121,44,0,54 55 7,1,15,,2122,44,0,54 55 7,1,16,,2123,44,0,54 55 7,1,15,,2124,44,0,54 55 7,1,56,,2125,44,0,54 55 7,1,15,,2126,44,0,54 55 7,1,15,,2127,44,0,54 55 7,1,15,,2128,44,0,54 55 7,1,53,,2129,44,0,54 55 7,1,21,,2130,44,0,54 55 7,1,25,,2131,44,0,54 55 7,1,63,,2132,44,0,54 55 7,1,24,,2133,44,0,54 55 7,1,68,,2134,44,0,54 55 7,1,26,,2135,44,0,54 55 7,1,70,,2136,44,0,54 55 7,1,29,,2137,44,0,54 55 7,1,77,,2138,44,0,54 55 7,1,35,,2139,44,0,54 55 7,1,76,,2140,44,0,54 55 7,1,35,,2141,44,0,54 55 7,1,74,,2142,44,0,54 55 7,1,75,,2143,44,0,54 55 7,1
3104,'CPHoliday1',656,,7241,4,0,54 55 7,1,100,,7242,4,0,54 55 7,1,70,,7243,4,0,54 55 7,1,31,,7244,4,0,54 55 7,1,70,,7245,4,0,54 55 7,1,30,,7246,4,0,54 55 7,1,70,,7247,4,0,54 55 7,1,30,,7248,4,0,54 55 7,1,70,,7249,4,0,54 55 7,1,30,,7250,4,0,54 55 7,1,70,,7251,4,0,54 55 7,1,30,,7252,4,0,54 55 7,1,69,,7253,4,0,54 55 7,1,30,,7254,4,0,54 55 7,1,69,,7255,4,0,54 55 7,1,30,,7256,4,0,54 55 7,1,70,,7257,4,0,54 55 7,1,30,,7258,4,0,54 55 7,1,70,,7259,4,0,54 55 7,1,31,,7260,4,0,54 55 7,1,70,,7261,4,0,54 55 7,1,31,,7262,4,0,54 55 7,1,70,,7263,4,0,54 55 7,1,31,,7264,4,0,54 55 7,1,70,,7265,4,0,54 55 7,1,30,,7266,4,0,54 55 7,1,71,,7267,4,0,54 55 7,1,30,,7268,4,0,54 55 7,1,70,,7269,4,0,54 55 7,1,29,,7270,4,0,54 55 7,1
3104,'CPSaturday',547,,7271,4,0,54 55 7,1,100,,7272,4,0,54 55 7,1,110,,7273,4,0,54 55 7,1,70,,7274,4,0,54 55 7,1,30,,7275,4,0,54 55 7,1,69,,7276,4,0,54 55 7,1,30,,7277,4,0,54 55 7,1,70,,7278,4,0,54 55 7,1,30,,7279,4,0,54 55 7,1,70,,7280,4,0,54 55 7,1,30,,7281,4,0,54 55 7,1,69,,7282,4,0,54 55 7,1,30,,7283,4,0,54 55 7,1,70,,7284,4,0,54 55 7,1,30,,7285,4,0,54 55 7,1,70,,7286,4,0,54 55 7,1,30,,7287,4,0,54 55 7,1,70,,7288,4,0,54 55 7,1,30,,7289,4,0,54 55 7,1,72,,7290,4,0,54 55 7,1,30,,7291,4,0,54 55 7,1,70,,7292,4,0,54 55 7,1,30,,7293,4,0,54 55 7,1,70,,7294,4,0,54 55 7,1,30,,7295,4,0,54 55 7,1,70,,7296,4,0,54 55 7,1,30,,7297,4,0,54 55 7,1,70,,7298,4,0,54 55 7,1,30,,7299,4,0,54 55 7,1,70,,7300,4,0,54 55 7,1,31,,7301,4,0,54 55 7,1,74,,7302,4,0,54 55 7,1,18,,7303,4,0,54 55 7,1
3104,'CPSunday',656,,7304,4,0,54 55 7,1,100,,7305,4,0,54 55 7,1,70,,7306,4,0,54 55 7,1,31,,7307,4,0,54 55 7,1,70,,7308,4,0,54 55 7,1,30,,7309,4,0,54 55 7,1,70,,7310,4,0,54 55 7,1,30,,7311,4,0,54 55 7,1,70,,7312,4,0,54 55 7,1,30,,7313,4,0,54 55 7,1,70,,7314,4,0,54 55 7,1,30,,7315,4,0,54 55 7,1,69,,7316,4,0,54 55 7,1,30,,7317,4,0,54 55 7,1,69,,7318,4,0,54 55 7,1,30,,7319,4,0,54 55 7,1,70,,7320,4,0,54 55 7,1,30,,7321,4,0,54 55 7,1,70,,7322,4,0,54 55 7,1,31,,7323,4,0,54 55 7,1,70,,7324,4,0,54 55 7,1,31,,7325,4,0,54 55 7,1,70,,7326,4,0,54 55 7,1,31,,7327,4,0,54 55 7,1,70,,7328,4,0,54 55 7,1,30,,7329,4,0,54 55 7,1,71,,7330,4,0,54 55 7,1,30,,7331,4,0,54 55 7,1,70,,7332,4,0,54 55 7,1,29,,7333,4,0,54 55 7,1
3104,'CPWeekday',410,,7334,4,0,54 55 7,1,27,,7335,4,0,54 55 7,1,70,,7336,4,0,54 55 7,1,33,,7337,4,0,54 55 7,1,70,,7338,4,0,54 55 7,1,32,,7339,4,0,54 55 7,1,67,,7340,4,0,54 55 7,1,18,,7341,4,0,54 55 7,1,15,,7342,4,0,54 55 7,1,69,,7343,4,0,54 55 7,1,17,,7344,4,0,54 55 7,1,24,,7345,4,0,54 55 7,1,61,,7346,4,0,54 55 7,1,35,,7347,4,0,54 55 7,1,75,,7348,4,0,54 55 7,1,30,,7349,4,0,54 55 7,1,70,,7350,4,0,54 55 7,1,30,,7351,4,0,54 55 7,1,70,,7352,4,0,54 55 7,1,32,,7353,4,0,54 55 7,1,70,,7354,4,0,54 55 7,1,29,,7355,4,0,54 55 7,1,69,,7356,4,0,54 55 7,1,30,,7357,4,0,54 55 7,1,60,,7358,4,0,54 55 7,1,15,,7359,4,0,54 55 7,1,22,,7360,4,0,54 55 7,1,62,,7361,4,0,54 55 7,1,19,,7362,4,0,54 55 7,1,19,,7363,4,0,54 55 7,1,62,,7364,4,0,54 55 7,1,18,,7365,4,0,54 55 7,1,18,,7366,4,0,54 55 7,1,61,,7367,4,0,54 55 7,1,21,,7368,4,0,54 55 7,1,26,,7369,4,0,54 55 7,1,70,,7370,4,0,54 55 7,1,31,,7371,4,0,54 55 7,1,70,,7372,4,0,54 55 7,1,31,,7373,4,0,54 55 7,1,70,,7374,4,0,54 55 7,1,30,,7375,4,0,54 55 7,1,70,,7376,4,0,54 55 7,1,30,,7377,4,0,54 55 7,1,70,,7378,4,0,54 55 7,1,31,,7379,4,0,54 55 7,1,70,,7380,4,0,54 55 7,1,30,,7381,4,0,54 55 7,1,70,,7382,4,0,54 55 7,1,27,,7383,4,0,54 55 7,1
