101,'CPHoliday1',539,,1,12,0,43 44,1,70,,2,12,0,43 44,1,30,,3,12,0,43 44,1,70,,4,12,0,43 44,1,30,,5,12,0,43 44,1,70,,6,12,0,43 44,1,30,,7,12,0,43 44,1,71,,8,12,0,43 44,1,30,,9,12,0,43 44,1,60,,10,12,0,43 44,1,20,,11,12,0,43 44,1,20,,12,12,0,43 44,1,60,,13,12,0,43 44,1,20,,14,12,0,43 44,1,20,,15,12,0,43 44,1,60,,16,12,0,43 44,1,20,,17,12,0,43 44,1,20,,18,12,0,43 44,1,60,,19,12,0,43 44,1,20,,20,12,0,43 44,1,20,,21,12,0,43 44,1,60,,22,12,0,43 44,1,20,,23,12,0,43 44,1,20,,24,12,0,43 44,1,60,,25,12,0,43 44,1,20,,26,12,0,43 44,1,20,,27,12,0,43 44,1,60,,28,12,0,43 44,1,20,,29,12,0,43 44,1,20,,30,12,0,43 44,1,60,,31,12,0,43 44,1,20,,32,12,0,43 44,1,20,,33,12,0,43 44,1,60,,34,12,0,43 44,1,20,,35,12,0,43 44,1,20,,36,12,0,43 44,1,60,,37,12,0,43 44,1,20,,38,12,0,43 44,1,25,,39,12,0,43 44,1,65,,40,12,0,43 44,1,26,,41,12,0,43 44,1,66,,42,12,0,43 44,1,26,,43,12,0,43 44,1,26,,44,12,0,43 44,1,65,,45,12,0,43 44,1,22,,46,12,0,43 44,1,62,,47,12,0,43 44,1,25,,48,12,0,43 44,1,72,,49,12,0,43 44,1,31,,50,12,0,43 44,1,72,,51,12,0,43 44,1,32,,52,12,0,43 44,1
101,'CPSaturday',208,,117,12,0,43 44,1,30,,118,12,0,43 44,1,70,,119,12,0,43 44,1,30,,120,12,0,43 44,1,65,,121,12,0,43 44,1,25,,53,12,0,43 44,1,20,,54,12,0,43 44,1,60,,55,12,0,43 44,1,20,,56,12,0,43 44,1,21,,57,12,0,43 44,1,58,,58,12,0,43 44,1,18,,59,12,0,43 44,1,18,,60,12,0,43 44,1,58,,61,12,0,43 44,1,19,,62,12,0,43 44,1,20,,63,12,0,43 44,1,60,,64,12,0,43 44,1,20,,65,12,0,43 44,1,20,,66,12,0,43 44,1,60,,67,12,0,43 44,1,20,,68,12,0,43 44,1,20,,69,12,0,43 44,1,60,,70,12,0,43 44,1,21,,71,12,0,43 44,1,20,,72,12,0,43 44,1,60,,73,12,0,43 44,1,20,,74,12,0,43 44,1,20,,75,12,0,43 44,1,60,,76,12,0,43 44,1,20,,77,12,0,43 44,1,20,,78,12,0,43 44,1,61,,79,12,0,43 44,1,20,,80,12,0,43 44,1,20,,81,12,0,43 44,1,60,,82,12,0,43 44,1,20,,83,12,0,43 44,1,20,,84,12,0,43 44,1,60,,85,12,0,43 44,1,20,,86,12,0,43 44,1,20,,87,12,0,43 44,1,59,,88,12,0,43 44,1,20,,89,12,0,43 44,1,20,,90,12,0,43 44,1,60,,91,12,0,43 44,1,20,,92,12,0,43 44,1,20,,93,12,0,43 44,1,60,,94,12,0,43 44,1,20,,95,12,0,43 44,1,20,,96,12,0,43 44,1,60,,97,12,0,43 44,1,19,,98,12,0,43 44,1,20,,99,12,0,43 44,1,60,,100,12,0,43 44,1,20,,101,12,0,43 44,1,20,,102,12,0,43 44,1,60,,103,12,0,43 44,1,20,,104,12,0,43 44,1,20,,105,12,0,43 44,1,60,,106,12,0,43 44,1,25,,107,12,0,43 44,1,25,,108,12,0,43 44,1,62,,109,12,0,43 44,1,25,,110,12,0,43 44,1,65,,111,12,0,43 44,1,25,,112,12,0,43 44,1,25,,113,12,0,43 44,1,65,,114,12,0,43 44,1,25,,115,12,0,43 44,1,70,,116,12,0,43 44,1
101,'CPSunday',539,,122,12,0,43 44,1,70,,123,12,0,43 44,1,30,,124,12,0,43 44,1,70,,125,12,0,43 44,1,30,,126,12,0,43 44,1,70,,127,12,0,43 44,1,30,,128,12,0,43 44,1,71,,129,12,0,43 44,1,30,,130,12,0,43 44,1,60,,131,12,0,43 44,1,20,,132,12,0,43 44,1,20,,133,12,0,43 44,1,60,,134,12,0,43 44,1,20,,135,12,0,43 44,1,20,,136,12,0,43 44,1,60,,137,12,0,43 44,1,20,,138,12,0,43 44,1,20,,139,12,0,43 44,1,60,,140,12,0,43 44,1,20,,141,12,0,43 44,1,20,,142,12,0,43 44,1,60,,143,12,0,43 44,1,20,,144,12,0,43 44,1,20,,145,12,0,43 44,1,60,,146,12,0,43 44,1,20,,147,12,0,43 44,1,20,,148,12,0,43 44,1,60,,149,12,0,43 44,1,20,,150,12,0,43 44,1,20,,151,12,0,43 44,1,60,,152,12,0,43 44,1,20,,153,12,0,43 44,1,20,,154,12,0,43 44,1,60,,155,12,0,43 44,1,20,,156,12,0,43 44,1,20,,157,12,0,43 44,1,60,,158,12,0,43 44,1,20,,159,12,0,43 44,1,25,,160,12,0,43 44,1,65,,161,12,0,43 44,1,26,,162,12,0,43 44,1,66,,163,12,0,43 44,1,26,,164,12,0,43 44,1,26,,165,12,0,43 44,1,65,,166,12,0,43 44,1,22,,167,12,0,43 44,1,62,,168,12,0,43 44,1,25,,169,12,0,43 44,1,72,,170,12,0,43 44,1,31,,171,12,0,43 44,1,72,,172,12,0,43 44,1,32,,173,12,0,43 44,1
101,'CPWeekday',210,,255,12,0,43 44,1,30,,256,12,0,43 44,1,70,,257,12,0,43 44,1,30,,258,12,0,43 44,1,70,,259,12,0,43 44,1,31,,174,12,0,43 44,1,15,,175,12,0,43 44,1,55,,176,12,0,43 44,1,15,,177,12,0,43 44,1,15,,178,12,0,43 44,1,15,,179,12,0,43 44,1,55,,180,12,0,43 44,1,15,,181,12,0,43 44,1,16,,182,12,0,43 44,1,15,,183,12,0,43 44,1,55,,184,12,0,43 44,1,15,,185,12,0,43 44,1,15,,186,12,0,43 44,1,15,,187,12,0,43 44,1,55,,188,12,0,43 44,1,15,,189,12,0,43 44,1,15,,190,12,0,43 44,1,15,,191,12,0,43 44,1,55,,192,12,0,43 44,1,15,,193,12,0,43 44,1,15,,194,12,0,43 44,1,15,,195,12,0,43 44,1,55,,196,12,0,43 44,1,15,,197,12,0,43 44,1,15,,198,12,0,43 44,1,15,,199,12,0,43 44,1,55,,200,12,0,43 44,1,15,,201,12,0,43 44,1,15,,202,12,0,43 44,1,15,,203,12,0,43 44,1,55,,204,12,0,43 44,1,15,,205,12,0,43 44,1,15,,206,12,0,43 44,1,15,,207,12,0,43 44,1,55,,208,12,0,43 44,1,15,,209,12,0,43 44,1,15,,210,12,0,43 44,1,14,,211,12,0,43 44,1,57,,212,12,0,43 44,1,15,,213,12,0,43 44,1,15,,214,12,0,43 44,1,15,,215,12,0,43 44,1,56,,216,12,0,43 44,1,15,,217,12,0,43 44,1,15,,218,12,0,43 44,1,15,,219,12,0,43 44,1,55,,220,12,0,43 44,1,15,,221,12,0,43 44,1,15,,222,12,0,43 44,1,15,,223,12,0,43 44,1,55,,224,12,0,43 44,1,14,,225,12,0,43 44,1,16,,226,12,0,43 44,1,15,,227,12,0,43 44,1,54,,228,12,0,43 44,1,16,,229,12,0,43 44,1,18,,230,12,0,43 44,1,56,,231,12,0,43 44,1,15,,232,12,0,43 44,1,15,,233,12,0,43 44,1,15,,234,12,0,43 44,1,54,,235,12,0,43 44,1,14,,236,12,0,43 44,1,15,,237,12,0,43 44,1,15,,238,12,0,43 44,1,55,,239,12,0,43 44,1,15,,240,12,0,43 44,1,15,,241,12,0,43 44,1,15,,242,12,0,43 44,1,58,,243,12,0,43 44,1,18,,244,12,0,43 44,1,18,,245,12,0,43 44,1,18,,246,12,0,43 44,1,60,,247,12,0,43 44,1,20,,248,12,0,43 44,1,20,,249,12,0,43 44,1,60,,250,12,0,43 44,1,20,,251,12,0,43 44,1,20,,252,12,0,43 44,1,60,,253,12,0,43 44,1,20,,254,12,0,43 44,1
10101,'CPHoliday1',741,,11998,4,0,67 33 28 68 30,1,61,,11987,4,0,67 33 28 68 30,1,20,,11986,4,0,67 33 28 68 30,1,20,,12004,4,0,67 33 28 68 30,1,60,,11993,4,0,67 33 28 68 30,1,20,,11980,4,0,67 33 28 68 30,1,20,,11999,4,0,67 33 28 68 30,1,60,,11985,4,0,67 33 28 68 30,1,20,,11979,4,0,67 33 28 68 30,1,20,,12002,4,0,67 33 28 68 30,1,58,,11988,4,0,67 33 28 68 30,1,19,,11973,4,0,67 33 28 68 30,1,18,,11975,4,0,67 33 28 68 30,1,18,,11994,4,0,67 33 28 68 30,1,58,,11981,4,0,67 33 28 68 30,1,20,,11972,4,0,67 33 28 68 30,1,20,,12000,4,0,67 33 28 68 30,1,60,,11991,4,0,67 33 28 68 30,1,20,,11976,4,0,67 33 28 68 30,1,20,,11971,4,0,67 33 28 68 30,1,60,,11996,4,0,67 33 28 68 30,1,20,,11982,4,0,67 33 28 68 30,1,20,,11970,4,0,67 33 28 68 30,1,61,,12001,4,0,67 33 28 68 30,1,20,,11990,4,0,67 33 28 68 30,1,20,,11974,4,0,67 33 28 68 30,1,60,,11967,4,0,67 33 28 68 30,1,20,,11995,4,0,67 33 28 68 30,1,20,,11984,4,0,67 33 28 68 30,1,60,,11968,4,0,67 33 28 68 30,1,20,,12003,4,0,67 33 28 68 30,1,20,,11992,4,0,67 33 28 68 30,1,60,,11977,4,0,67 33 28 68 30,1,20,,11966,4,0,67 33 28 68 30,1,20,,11997,4,0,67 33 28 68 30,1,58,,11983,4,0,67 33 28 68 30,1,24,,11969,4,0,67 33 28 68 30,1,64,,11989,4,0,67 33 28 68 30,1,22,,11978,4,0,67 33 28 68 30,1,20,,11965,4,0,67 33 28 68 30,1
10101,'CPSaturday',741,,12029,4,0,67 33 28 68 30,1,61,,12017,4,0,67 33 28 68 30,1,20,,12018,4,0,67 33 28 68 30,1,20,,12040,4,0,67 33 28 68 30,1,58,,12036,4,0,67 33 28 68 30,1,18,,12022,4,0,67 33 28 68 30,1,18,,12031,4,0,67 33 28 68 30,1,18,,12016,4,0,67 33 28 68 30,1,58,,12010,4,0,67 33 28 68 30,1,20,,12042,4,0,67 33 28 68 30,1,20,,12009,4,0,67 33 28 68 30,1,61,,12034,4,0,67 33 28 68 30,1,20,,12023,4,0,67 33 28 68 30,1,20,,12028,4,0,67 33 28 68 30,1,60,,12015,4,0,67 33 28 68 30,1,20,,12011,4,0,67 33 28 68 30,1,20,,12041,4,0,67 33 28 68 30,1,60,,12008,4,0,67 33 28 68 30,1,20,,12035,4,0,67 33 28 68 30,1,20,,12024,4,0,67 33 28 68 30,1,60,,12030,4,0,67 33 28 68 30,1,20,,12019,4,0,67 33 28 68 30,1,20,,12012,4,0,67 33 28 68 30,1,61,,12043,4,0,67 33 28 68 30,1,20,,12005,4,0,67 33 28 68 30,1,20,,12037,4,0,67 33 28 68 30,1,60,,12026,4,0,67 33 28 68 30,1,20,,12032,4,0,67 33 28 68 30,1,20,,12021,4,0,67 33 28 68 30,1,60,,12014,4,0,67 33 28 68 30,1,20,,12044,4,0,67 33 28 68 30,1,20,,12007,4,0,67 33 28 68 30,1,60,,12039,4,0,67 33 28 68 30,1,20,,12025,4,0,67 33 28 68 30,1,20,,12033,4,0,67 33 28 68 30,1,58,,12020,4,0,67 33 28 68 30,1,25,,12013,4,0,67 33 28 68 30,1,65,,12006,4,0,67 33 28 68 30,1,25,,12038,4,0,67 33 28 68 30,1,25,,12027,4,0,67 33 28 68 30,1
10101,'CPSunday',741,,12078,4,0,67 33 28 68 30,1,61,,12067,4,0,67 33 28 68 30,1,20,,12066,4,0,67 33 28 68 30,1,20,,12084,4,0,67 33 28 68 30,1,60,,12073,4,0,67 33 28 68 30,1,20,,12060,4,0,67 33 28 68 30,1,20,,12079,4,0,67 33 28 68 30,1,60,,12065,4,0,67 33 28 68 30,1,20,,12059,4,0,67 33 28 68 30,1,20,,12082,4,0,67 33 28 68 30,1,58,,12068,4,0,67 33 28 68 30,1,19,,12053,4,0,67 33 28 68 30,1,18,,12055,4,0,67 33 28 68 30,1,18,,12074,4,0,67 33 28 68 30,1,58,,12061,4,0,67 33 28 68 30,1,20,,12052,4,0,67 33 28 68 30,1,20,,12080,4,0,67 33 28 68 30,1,60,,12071,4,0,67 33 28 68 30,1,20,,12056,4,0,67 33 28 68 30,1,20,,12051,4,0,67 33 28 68 30,1,60,,12076,4,0,67 33 28 68 30,1,20,,12062,4,0,67 33 28 68 30,1,20,,12050,4,0,67 33 28 68 30,1,61,,12081,4,0,67 33 28 68 30,1,20,,12070,4,0,67 33 28 68 30,1,20,,12054,4,0,67 33 28 68 30,1,60,,12047,4,0,67 33 28 68 30,1,20,,12075,4,0,67 33 28 68 30,1,20,,12064,4,0,67 33 28 68 30,1,60,,12048,4,0,67 33 28 68 30,1,20,,12083,4,0,67 33 28 68 30,1,20,,12072,4,0,67 33 28 68 30,1,60,,12057,4,0,67 33 28 68 30,1,20,,12046,4,0,67 33 28 68 30,1,20,,12077,4,0,67 33 28 68 30,1,58,,12063,4,0,67 33 28 68 30,1,24,,12049,4,0,67 33 28 68 30,1,64,,12069,4,0,67 33 28 68 30,1,22,,12058,4,0,67 33 28 68 30,1,20,,12045,4,0,67 33 28 68 30,1
10101,'CPWeekday',439,,12085,4,0,67 33 28 68 30,1,71,,12086,4,0,67 33 28 68 30,1,25,,12087,4,0,67 33 28 68 30,1,15,,12088,4,0,67 33 28 68 30,1,55,,12089,4,0,67 33 28 68 30,1,15,,12090,4,0,67 33 28 68 30,1,15,,12091,4,0,67 33 28 68 30,1,15,,12092,4,0,67 33 28 68 30,1,55,,12093,4,0,67 33 28 68 30,1,15,,12094,4,0,67 33 28 68 30,1,15,,12095,4,0,67 33 28 68 30,1,15,,12096,4,0,67 33 28 68 30,1,55,,12097,4,0,67 33 28 68 30,1,16,,12098,4,0,67 33 28 68 30,1,15,,12099,4,0,67 33 28 68 30,1,15,,12100,4,0,67 33 28 68 30,1,55,,12101,4,0,67 33 28 68 30,1,15,,12102,4,0,67 33 28 68 30,1,15,,12103,4,0,67 33 28 68 30,1,15,,12104,4,0,67 33 28 68 30,1,55,,12105,4,0,67 33 28 68 30,1,15,,12106,4,0,67 33 28 68 30,1,15,,12107,4,0,67 33 28 68 30,1,15,,12108,4,0,67 33 28 68 30,1,55,,12109,4,0,67 33 28 68 30,1,15,,12110,4,0,67 33 28 68 30,1,15,,12111,4,0,67 33 28 68 30,1,15,,12112,4,0,67 33 28 68 30,1,55,,12113,4,0,67 33 28 68 30,1,15,,12114,4,0,67 33 28 68 30,1,15,,12115,4,0,67 33 28 68 30,1,15,,12116,4,0,67 33 28 68 30,1,55,,12117,4,0,67 33 28 68 30,1,15,,12118,4,0,67 33 28 68 30,1,15,,12119,4,0,67 33 28 68 30,1,15,,12120,4,0,67 33 28 68 30,1,55,,12121,4,0,67 33 28 68 30,1,15,,12122,4,0,67 33 28 68 30,1,15,,12123,4,0,67 33 28 68 30,1,15,,12124,4,0,67 33 28 68 30,1,57,,12125,4,0,67 33 28 68 30,1,15,,12126,4,0,67 33 28 68 30,1,15,,12127,4,0,67 33 28 68 30,1,15,,12128,4,0,67 33 28 68 30,1,55,,12129,4,0,67 33 28 68 30,1,15,,12130,4,0,67 33 28 68 30,1,15,,12131,4,0,67 33 28 68 30,1,15,,12132,4,0,67 33 28 68 30,1,55,,12133,4,0,67 33 28 68 30,1,15,,12134,4,0,67 33 28 68 30,1,15,,12135,4,0,67 33 28 68 30,1,15,,12136,4,0,67 33 28 68 30,1,54,,12137,4,0,67 33 28 68 30,1,18,,12138,4,0,67 33 28 68 30,1,18,,12139,4,0,67 33 28 68 30,1,57,,12140,4,0,67 33 28 68 30,1,18,,12141,4,0,67 33 28 68 30,1,18,,12142,4,0,67 33 28 68 30,1,18,,12143,4,0,67 33 28 68 30,1,58,,12144,4,0,67 33 28 68 30,1,18,,12145,4,0,67 33 28 68 30,1,18,,12146,4,0,67 33 28 68 30,1,58,,12147,4,0,67 33 28 68 30,1,20,,12148,4,0,67 33 28 68 30,1,20,,12149,4,0,67 33 28 68 30,1,65,,12150,4,0,67 33 28 68 30,1,25,,12151,4,0,67 33 28 68 30,1,70,,12152,4,0,67 33 28 68 30,1,30,,12153,4,0,67 33 28 68 30,1
11003,'CPHoliday1',724,,13554,5,0,49 27 28 50 30,1,32,,13543,5,0,49 27 28 50 30,1,72,,13552,5,0,49 27 28 50 30,1,72,,13560,5,0,49 27 28 50 30,1,33,,13550,5,0,49 27 28 50 30,1,72,,13542,5,0,49 27 28 50 30,1,32,,13562,5,0,49 27 28 50 30,1,72,,13547,5,0,49 27 28 50 30,1,32,,13538,5,0,49 27 28 50 30,1,66,,13533,5,0,49 27 28 50 30,1,26,,13557,5,0,49 27 28 50 30,1,26,,13551,5,0,49 27 28 50 30,1,65,,13532,5,0,49 27 28 50 30,1,26,,13530,5,0,49 27 28 50 30,1,66,,13563,5,0,49 27 28 50 30,1,26,,13546,5,0,49 27 28 50 30,1,66,,13539,5,0,49 27 28 50 30,1,26,,13537,5,0,49 27 28 50 30,1,66,,13559,5,0,49 27 28 50 30,1,26,,13549,5,0,49 27 28 50 30,1,26,,13535,5,0,49 27 28 50 30,1,66,,13541,5,0,49 27 28 50 30,1,26,,13555,5,0,49 27 28 50 30,1,65,,13553,5,0,49 27 28 50 30,1,24,,13531,5,0,49 27 28 50 30,1,24,,13534,5,0,49 27 28 50 30,1,64,,13558,5,0,49 27 28 50 30,1,30,,13545,5,0,49 27 28 50 30,1,70,,13540,5,0,49 27 28 50 30,1,31,,13561,5,0,49 27 28 50 30,1,72,,13544,5,0,49 27 28 50 30,1,32,,13536,5,0,49 27 28 50 30,1,70,,13556,5,0,49 27 28 50 30,1,30,,13548,5,0,49 27 28 50 30,1
11003,'CPSaturday',724,,13596,5,0,49 27 28 50 30,1,32,,13586,5,0,49 27 28 50 30,1,72,,13587,5,0,49 27 28 50 30,1,72,,13597,5,0,49 27 28 50 30,1,33,,13585,5,0,49 27 28 50 30,1,72,,13584,5,0,49 27 28 50 30,1,32,,13588,5,0,49 27 28 50 30,1,72,,13578,5,0,49 27 28 50 30,1,32,,13577,5,0,49 27 28 50 30,1,66,,13575,5,0,49 27 28 50 30,1,26,,13593,5,0,49 27 28 50 30,1,26,,13574,5,0,49 27 28 50 30,1,65,,13576,5,0,49 27 28 50 30,1,26,,13573,5,0,49 27 28 50 30,1,66,,13591,5,0,49 27 28 50 30,1,26,,13572,5,0,49 27 28 50 30,1,66,,13579,5,0,49 27 28 50 30,1,26,,13571,5,0,49 27 28 50 30,1,66,,13590,5,0,49 27 28 50 30,1,26,,13567,5,0,49 27 28 50 30,1,26,,13582,5,0,49 27 28 50 30,1,66,,13565,5,0,49 27 28 50 30,1,26,,13592,5,0,49 27 28 50 30,1,65,,13568,5,0,49 27 28 50 30,1,24,,13581,5,0,49 27 28 50 30,1,24,,13564,5,0,49 27 28 50 30,1,64,,13589,5,0,49 27 28 50 30,1,30,,13569,5,0,49 27 28 50 30,1,70,,13580,5,0,49 27 28 50 30,1,31,,13594,5,0,49 27 28 50 30,1,72,,13570,5,0,49 27 28 50 30,1,32,,13583,5,0,49 27 28 50 30,1,70,,13595,5,0,49 27 28 50 30,1,30,,13566,5,0,49 27 28 50 30,1
11003,'CPSunday',724,,13622,5,0,49 27 28 50 30,1,32,,13611,5,0,49 27 28 50 30,1,72,,13620,5,0,49 27 28 50 30,1,72,,13628,5,0,49 27 28 50 30,1,33,,13618,5,0,49 27 28 50 30,1,72,,13610,5,0,49 27 28 50 30,1,32,,13630,5,0,49 27 28 50 30,1,72,,13615,5,0,49 27 28 50 30,1,32,,13606,5,0,49 27 28 50 30,1,66,,13601,5,0,49 27 28 50 30,1,26,,13625,5,0,49 27 28 50 30,1,26,,13619,5,0,49 27 28 50 30,1,65,,13600,5,0,49 27 28 50 30,1,26,,13598,5,0,49 27 28 50 30,1,66,,13631,5,0,49 27 28 50 30,1,26,,13614,5,0,49 27 28 50 30,1,66,,13607,5,0,49 27 28 50 30,1,26,,13605,5,0,49 27 28 50 30,1,66,,13627,5,0,49 27 28 50 30,1,26,,13617,5,0,49 27 28 50 30,1,26,,13603,5,0,49 27 28 50 30,1,66,,13609,5,0,49 27 28 50 30,1,26,,13623,5,0,49 27 28 50 30,1,65,,13621,5,0,49 27 28 50 30,1,24,,13599,5,0,49 27 28 50 30,1,24,,13602,5,0,49 27 28 50 30,1,64,,13626,5,0,49 27 28 50 30,1,30,,13613,5,0,49 27 28 50 30,1,70,,13608,5,0,49 27 28 50 30,1,31,,13629,5,0,49 27 28 50 30,1,72,,13612,5,0,49 27 28 50 30,1,32,,13604,5,0,49 27 28 50 30,1,70,,13624,5,0,49 27 28 50 30,1,30,,13616,5,0,49 27 28 50 30,1
11003,'CPWeekday',501,,13690,5,0,49 27 28 50 30,1,17,,13682,5,0,49 27 28 50 30,1,17,,13686,5,0,49 27 28 50 30,1,19,,13683,5,0,49 27 28 50 30,1,58,,13684,5,0,49 27 28 50 30,1,23,,13685,5,0,49 27 28 50 30,1,17,,13679,5,0,49 27 28 50 30,1,59,,13681,5,0,49 27 28 50 30,1,28,,13677,5,0,49 27 28 50 30,1,19,,13678,5,0,49 27 28 50 30,1,63,,13680,5,0,49 27 28 50 30,1,22,,13672,5,0,49 27 28 50 30,1,61,,13676,5,0,49 27 28 50 30,1,19,,13674,5,0,49 27 28 50 30,1,22,,13675,5,0,49 27 28 50 30,1,63,,13673,5,0,49 27 28 50 30,1,19,,13671,5,0,49 27 28 50 30,1,21,,13670,5,0,49 27 28 50 30,1,61,,13668,5,0,49 27 28 50 30,1,21,,13669,5,0,49 27 28 50 30,1,21,,13667,5,0,49 27 28 50 30,1,61,,13666,5,0,49 27 28 50 30,1,21,,13664,5,0,49 27 28 50 30,1,22,,13665,5,0,49 27 28 50 30,1,61,,13663,5,0,49 27 28 50 30,1,22,,13660,5,0,49 27 28 50 30,1,21,,13661,5,0,49 27 28 50 30,1,62,,13659,5,0,49 27 28 50 30,1,21,,13662,5,0,49 27 28 50 30,1,61,,13658,5,0,49 27 28 50 30,1,21,,13656,5,0,49 27 28 50 30,1,22,,13657,5,0,49 27 28 50 30,1,62,,13655,5,0,49 27 28 50 30,1,22,,13654,5,0,49 27 28 50 30,1,23,,13653,5,0,49 27 28 50 30,1,63,,13652,5,0,49 27 28 50 30,1,24,,13651,5,0,49 27 28 50 30,1,63,,13649,5,0,49 27 28 50 30,1,22,,13647,5,0,49 27 28 50 30,1,23,,13646,5,0,49 27 28 50 30,1,60,,13648,5,0,49 27 28 50 30,1,21,,13641,5,0,49 27 28 50 30,1,21,,13642,5,0,49 27 28 50 30,1,57,,13633,5,0,49 27 28 50 30,1,18,,13636,5,0,49 27 28 50 30,1,18,,13650,5,0,49 27 28 50 30,1,57,,13635,5,0,49 27 28 50 30,1,30,,13644,5,0,49 27 28 50 30,1,29,,13632,5,0,49 27 28 50 30,1,69,,13637,5,0,49 27 28 50 30,1,27,,13643,5,0,49 27 28 50 30,1
