401,'CPHoliday1',836,,1622,41,0,60 61,1,80,,1623,41,0,60 61,1,40,,1624,41,0,60 61,1,80,,1625,41,0,60 61,1,86,,1626,41,0,60 61,1,87,,1627,41,0,60 61,1,45,,1628,41,0,60 61,1,86,,1629,41,0,60 61,1,85,,1630,41,0,60 61,1,85,,1631,41,0,60 61,1,45,,1632,41,0,60 61,1,85,,1633,41,0,60 61,1,84,,1634,41,0,60 61,1,83,,1635,41,0,60 61,1,44,,1636,41,0,60 61,1,84,,1637,41,0,60 61,1,82,,1638,41,0,60 61,1
401,'CPSaturday',653,,1639,41,0,60 61,1,82,,1640,41,0,60 61,1,80,,1641,41,0,60 61,1,86,,1642,41,0,60 61,1,45,,1643,41,0,60 61,1,87,,1644,41,0,60 61,1,85,,1645,41,0,60 61,1,87,,1646,41,0,60 61,1,45,,1647,41,0,60 61,1,85,,1648,41,0,60 61,1,87,,1649,41,0,60 61,1,85,,1650,41,0,60 61,1,46,,1651,41,0,60 61,1,85,,1652,41,0,60 61,1,82,,1653,41,0,60 61,1,83,,1654,41,0,60 61,1,45,,1655,41,0,60 61,1,84,,1656,41,0,60 61,1,84,,1657,41,0,60 61,1,86,,1658,41,0,60 61,1,43,,1659,41,0,60 61,1,85,,1660,41,0,60 61,1
401,'CPSunday',836,,1661,41,0,60 61,1,80,,1662,41,0,60 61,1,40,,1663,41,0,60 61,1,80,,1664,41,0,60 61,1,86,,1665,41,0,60 61,1,87,,1666,41,0,60 61,1,45,,1667,41,0,60 61,1,86,,1668,41,0,60 61,1,85,,1669,41,0,60 61,1,85,,1670,41,0,60 61,1,45,,1671,41,0,60 61,1,85,,1672,41,0,60 61,1,84,,1673,41,0,60 61,1,83,,1674,41,0,60 61,1,44,,1675,41,0,60 61,1,84,,1676,41,0,60 61,1,82,,1677,41,0,60 61,1
401,'CPWeekday',534,,1679,41,0,60 61,1,85,,1680,41,0,60 61,1,86,,1681,41,0,60 61,1,49,,1682,41,0,60 61,1,86,,1683,41,0,60 61,1,84,,1684,41,0,60 61,1,82,,1685,41,0,60 61,1,43,,1686,41,0,60 61,1,85,,1687,41,0,60 61,1,85,,1688,41,0,60 61,1,85,,1689,41,0,60 61,1,45,,1690,41,0,60 61,1,74,,1678,35,0,60 61,1,10,,1691,41,0,60 61,1,70,,1692,41,0,60 61,1,32,,1693,41,0,60 61,1,79,,1694,41,0,60 61,1,37,,1695,41,0,60 61,1,77,,1696,41,0,60 61,1,74,,1697,41,0,60 61,1,36,,1698,41,0,60 61,1,79,,1699,41,0,60 61,1,102,,1700,41,0,60 61,1,103,,1701,41,0,60 61,1,99,,1702,41,0,60 61,1,100,,1703,41,0,60 61,1
503,'MAHoliday1',623,,1789,8,0,58,1,28,,1790,8,0,58,1,69,,1791,8,0,58,1,27,,1792,8,0,58,1,68,,1793,8,0,58,1,29,,1794,8,0,58,1,71,,1795,8,0,58,1,30,,1796,8,0,58,1,70,,1797,8,0,58,1,30,,1798,8,0,58,1,70,,1799,8,0,58,1,31,,1800,8,0,58,1,72,,1801,8,0,58,1,32,,1802,8,0,58,1,72,,1803,8,0,58,1,34,,1804,8,0,58,1,74,,1805,8,0,58,1,74,,1806,8,0,58,1,34,,1807,8,0,58,1,72,,1808,8,0,58,1,32,,1809,8,0,58,1,72,,1810,8,0,58,1,32,,1811,8,0,58,1,72,,1812,8,0,58,1,30,,1813,8,0,58,1,70,,1814,8,0,58,1,30,,1815,8,0,58,1,70,,1816,8,0,58,1,30,,1817,8,0,58,1,65,,1818,8,0,58,1,25,,1819,8,0,58,1
503,'MASaturday',441,,1820,8,0,58,1,66,,1821,8,0,58,1,26,,1822,8,0,58,1,67,,1823,8,0,58,1,26,,1824,8,0,58,1,26,,1825,8,0,58,1,67,,1826,8,0,58,1,28,,1827,8,0,58,1,68,,1828,8,0,58,1,28,,1829,8,0,58,1,68,,1830,8,0,58,1,28,,1831,8,0,58,1,69,,1832,8,0,58,1,24,,1833,8,0,58,1,24,,1834,8,0,58,1,65,,1835,8,0,58,1,24,,1836,8,0,58,1,64,,1837,8,0,58,1,26,,1838,8,0,58,1,66,,1839,8,0,58,1,26,,1840,8,0,58,1,26,,1841,8,0,58,1,66,,1842,8,0,58,1,26,,1843,8,0,58,1,66,,1844,8,0,58,1,26,,1845,8,0,58,1,66,,1846,8,0,58,1,26,,1847,8,0,58,1,26,,1848,8,0,58,1,66,,1849,8,0,58,1,26,,1850,8,0,58,1,66,,1851,8,0,58,1,26,,1852,8,0,58,1,66,,1853,8,0,58,1,26,,1854,8,0,58,1,25,,1855,8,0,58,1,64,,1856,8,0,58,1,24,,1857,8,0,58,1,66,,1858,8,0,58,1,26,,1859,8,0,58,1,79,,1860,8,0,58,1,39,,1861,8,0,58,1,74,,1862,8,0,58,1,74,,1863,8,0,58,1,35,,1864,8,0,58,1
503,'MASunday',623,,1865,8,0,58,1,28,,1866,8,0,58,1,69,,1867,8,0,58,1,27,,1868,8,0,58,1,68,,1869,8,0,58,1,29,,1870,8,0,58,1,71,,1871,8,0,58,1,30,,1872,8,0,58,1,70,,1873,8,0,58,1,30,,1874,8,0,58,1,70,,1875,8,0,58,1,31,,1876,8,0,58,1,72,,1877,8,0,58,1,32,,1878,8,0,58,1,72,,1879,8,0,58,1,34,,1880,8,0,58,1,74,,1881,8,0,58,1,74,,1882,8,0,58,1,34,,1883,8,0,58,1,72,,1884,8,0,58,1,32,,1885,8,0,58,1,72,,1886,8,0,58,1,32,,1887,8,0,58,1,72,,1888,8,0,58,1,30,,1889,8,0,58,1,70,,1890,8,0,58,1,30,,1891,8,0,58,1,70,,1892,8,0,58,1,30,,1893,8,0,58,1,65,,1894,8,0,58,1,25,,1895,8,0,58,1
503,'MAWeekday',406,,1896,8,0,58,1,32,,1897,8,0,58,1,65,,1898,8,0,58,1,27,,1899,8,0,58,1,20,,1900,8,0,58,1,60,,1901,8,0,58,1,15,,1902,8,0,58,1,15,,1903,8,0,58,1,15,,1904,8,0,58,1,55,,1905,8,0,58,1,15,,1906,8,0,58,1,16,,1907,8,0,58,1,15,,1908,8,0,58,1,55,,1909,8,0,58,1,15,,1910,8,0,58,1,16,,1911,8,0,58,1,15,,1912,8,0,58,1,55,,1913,8,0,58,1,15,,1914,8,0,58,1,15,,1915,8,0,58,1,15,,1916,8,0,58,1,55,,1917,8,0,58,1,15,,1918,8,0,58,1,15,,1919,8,0,58,1,15,,1920,8,0,58,1,54,,1921,8,0,58,1,15,,1922,8,0,58,1,15,,1923,8,0,58,1,14,,1924,8,0,58,1,54,,1925,8,0,58,1,14,,1926,8,0,58,1,14,,1927,8,0,58,1,14,,1928,8,0,58,1,55,,1929,8,0,58,1,15,,1930,8,0,58,1,15,,1931,8,0,58,1,15,,1932,8,0,58,1,55,,1933,8,0,58,1,15,,1934,8,0,58,1,16,,1935,8,0,58,1,16,,1936,8,0,58,1,55,,1937,8,0,58,1,15,,1938,8,0,58,1,15,,1939,8,0,58,1,15,,1940,8,0,58,1,55,,1941,8,0,58,1,15,,1942,8,0,58,1,15,,1943,8,0,58,1,15,,1944,8,0,58,1,55,,1945,8,0,58,1,14,,1946,8,0,58,1,15,,1947,8,0,58,1,15,,1948,8,0,58,1,55,,1949,8,0,58,1,15,,1950,8,0,58,1,19,,1951,8,0,58,1,60,,1952,8,0,58,1,19,,1953,8,0,58,1,20,,1954,8,0,58,1,18,,1955,8,0,58,1,64,,1956,8,0,58,1,24,,1957,8,0,58,1,63,,1958,8,0,58,1,32,,1959,8,0,58,1,73,,1960,8,0,58,1,40,,1961,8,0,58,1,80,,1962,8,0,58,1,77,,1963,8,0,58,1,38,,1964,8,0,58,1,78,,1965,8,0,58,1,75,,1966,8,0,58,1
3103,'CPHoliday1',619,,7097,21,0,13 7,1,109,,7098,21,0,13 7,1,72,,7099,21,0,13 7,1,30,,7100,21,0,13 7,1,70,,7101,21,0,13 7,1,32,,7102,21,0,13 7,1,70,,7103,21,0,13 7,1,31,,7104,21,0,13 7,1,70,,7105,21,0,13 7,1,31,,7106,21,0,13 7,1,70,,7107,21,0,13 7,1,30,,7108,21,0,13 7,1,70,,7109,21,0,13 7,1,30,,7110,21,0,13 7,1,70,,7111,21,0,13 7,1,30,,7112,21,0,13 7,1,70,,7113,21,0,13 7,1,30,,7114,21,0,13 7,1,70,,7115,21,0,13 7,1,30,,7116,21,0,13 7,1,70,,7117,21,0,13 7,1,30,,7118,21,0,13 7,1,70,,7119,21,0,13 7,1,30,,7120,21,0,13 7,1,69,,7121,21,0,13 7,1,29,,7122,21,0,13 7,1,70,,7123,21,0,13 7,1,29,,7124,21,0,13 7,1,70,,7125,21,0,13 7,1,30,,7126,21,0,13 7,1
3103,'CPSaturday',521,,7127,21,0,13 7,1,100,,7128,21,0,13 7,1,101,,7129,21,0,13 7,1,31,,7130,21,0,13 7,1,79,,7131,21,0,13 7,1,71,,7132,21,0,13 7,1,30,,7133,21,0,13 7,1,70,,7134,21,0,13 7,1,31,,7135,21,0,13 7,1,70,,7136,21,0,13 7,1,30,,7137,21,0,13 7,1,70,,7138,21,0,13 7,1,30,,7139,21,0,13 7,1,70,,7140,21,0,13 7,1,30,,7141,21,0,13 7,1,70,,7142,21,0,13 7,1,29,,7143,21,0,13 7,1,70,,7144,21,0,13 7,1,30,,7145,21,0,13 7,1,70,,7146,21,0,13 7,1,31,,7147,21,0,13 7,1,70,,7148,21,0,13 7,1,30,,7149,21,0,13 7,1,70,,7150,21,0,13 7,1,29,,7151,21,0,13 7,1,69,,7152,21,0,13 7,1,31,,7153,21,0,13 7,1,70,,7154,21,0,13 7,1,30,,7155,21,0,13 7,1,69,,7156,21,0,13 7,1,30,,7157,21,0,13 7,1,70,,7158,21,0,13 7,1,29,,7159,21,0,13 7,1,74,,7160,21,0,13 7,1
3103,'CPSunday',619,,7161,21,0,13 7,1,109,,7162,21,0,13 7,1,72,,7163,21,0,13 7,1,30,,7164,21,0,13 7,1,70,,7165,21,0,13 7,1,32,,7166,21,0,13 7,1,70,,7167,21,0,13 7,1,31,,7168,21,0,13 7,1,70,,7169,21,0,13 7,1,31,,7170,21,0,13 7,1,70,,7171,21,0,13 7,1,30,,7172,21,0,13 7,1,70,,7173,21,0,13 7,1,30,,7174,21,0,13 7,1,70,,7175,21,0,13 7,1,30,,7176,21,0,13 7,1,70,,7177,21,0,13 7,1,30,,7178,21,0,13 7,1,70,,7179,21,0,13 7,1,30,,7180,21,0,13 7,1,70,,7181,21,0,13 7,1,30,,7182,21,0,13 7,1,70,,7183,21,0,13 7,1,30,,7184,21,0,13 7,1,69,,7185,21,0,13 7,1,29,,7186,21,0,13 7,1,70,,7187,21,0,13 7,1,29,,7188,21,0,13 7,1,70,,7189,21,0,13 7,1,30,,7190,21,0,13 7,1
3103,'CPWeekday',417,,7191,21,0,13 7,1,29,,7192,21,0,13 7,1,68,,7193,21,0,13 7,1,30,,7194,21,0,13 7,1,73,,7195,21,0,13 7,1,33,,7196,21,0,13 7,1,72,,7197,21,0,13 7,1,28,,7198,21,0,13 7,1,58,,7199,21,0,13 7,1,15,,7200,21,0,13 7,1,29,,7201,21,0,13 7,1,56,,7202,21,0,13 7,1,24,,7203,21,0,13 7,1,21,,7204,21,0,13 7,1,74,,7205,21,0,13 7,1,74,,7206,21,0,13 7,1,31,,7207,21,0,13 7,1,71,,7208,21,0,13 7,1,29,,7209,21,0,13 7,1,69,,7210,21,0,13 7,1,32,,7211,21,0,13 7,1,70,,7212,21,0,13 7,1,31,,7213,21,0,13 7,1,70,,7214,21,0,13 7,1,30,,7215,21,0,13 7,1,20,,7216,21,0,13 7,1,55,,7217,21,0,13 7,1,22,,7218,21,0,13 7,1,22,,7219,21,0,13 7,1,59,,7220,21,0,13 7,1,19,,7221,21,0,13 7,1,22,,7222,21,0,13 7,1,58,,7223,21,0,13 7,1,18,,7224,21,0,13 7,1,21,,7225,21,0,13 7,1,61,,7226,21,0,13 7,1,25,,7227,21,0,13 7,1,69,,7228,21,0,13 7,1,28,,7229,21,0,13 7,1,70,,7230,21,0,13 7,1,30,,7231,21,0,13 7,1,69,,7232,21,0,13 7,1,30,,7233,21,0,13 7,1,70,,7234,21,0,13 7,1,30,,7235,21,0,13 7,1,70,,7236,21,0,13 7,1,30,,7237,21,0,13 7,1,70,,7238,21,0,13 7,1,30,,7239,21,0,13 7,1,69,,7240,21,0,13 7,1
